171 -1 -1 -1 -1
0 741 404 779 436
1 741 404 779 436
2 741 404 779 436
3 741 404 779 436
4 741 404 779 436
5 741 404 779 436
6 741 404 779 436
7 741 404 779 436
8 741 404 779 436
9 741 404 779 436
10 741 404 779 436
11 741 404 779 436
12 741 404 777 436
13 737 404 781 441
14 737 404 781 441
15 741 408 783 445
16 736 412 785 448
17 738 416 788 452
18 739 418 793 456
19 741 418 795 460
20 741 418 795 460
21 743 421 796 464
22 745 426 800 468
23 747 429 802 472
24 750 433 804 475
25 751 436 808 479
26 751 436 808 479
27 753 441 810 483
28 755 445 814 487
29 757 449 816 491
30 759 454 819 497
31 762 460 823 503
32 762 460 823 503
33 765 464 827 508
34 769 470 832 514
35 773 476 835 520
36 777 482 840 526
37 779 490 845 533
38 779 490 845 533
39 783 494 848 536
40 786 495 853 540
41 787 496 855 540
42 789 496 858 540
43 792 497 860 541
44 792 497 860 541
45 795 498 863 544
46 798 500 867 544
47 801 502 871 546
48 805 504 875 549
49 809 506 879 551
50 809 506 879 551
51 813 508 885 554
52 817 510 888 554
53 821 512 893 557
54 825 514 898 559
55 828 516 902 563
56 828 516 902 563
57 833 518 907 564
58 838 521 912 567
59 841 523 916 570
60 846 526 921 572
61 849 528 925 574
62 849 528 925 574
63 855 530 930 576
64 859 532 936 580
65 865 535 941 582
66 915 547 948 580
67 875 542 954 590
68 875 542 954 590
69 875 544 954 593
70 909 555 940 587
71 895 556 930 590
72 885 559 919 592
73 875 563 908 594
74 875 563 908 594
75 818 555 898 603
76 855 565 888 599
77 846 567 880 602
78 794 563 874 610
79 786 565 866 612
80 831 572 866 607
81 783 566 864 613
82 793 565 874 611
83 847 571 882 606
84 855 570 890 606
85 1161 138 1194 169
86 1161 138 1194 169
87 871 568 905 604
88 1228 130 1259 161
89 1261 128 1295 159
90 897 567 929 600
91 905 566 937 599
92 905 566 937 599
93 911 564 944 598
94 919 563 952 596
95 925 561 959 595
96 931 560 964 594
97 935 559 969 593
98 935 559 969 593
99 936 554 974 592
100 901 538 945 576
101 899 536 943 574
102 895 534 941 572
103 893 532 939 570
104 893 532 939 570
105 891 530 936 568
106 889 528 934 566
107 887 526 931 564
108 885 524 930 562
109 883 522 928 560
110 883 522 928 560
111 881 520 926 559
112 879 519 923 557
113 877 517 921 555
114 875 515 919 553
115 873 514 917 551
116 873 514 917 551
117 871 512 916 550
118 869 510 914 549
119 867 509 913 547
120 865 508 911 545
121 865 506 909 544
122 865 506 909 544
123 863 504 907 542
124 861 503 906 541
125 859 502 904 539
126 857 500 902 538
127 855 498 900 536
128 855 498 900 536
129 855 498 898 535
130 853 496 898 534
131 851 496 896 532
132 849 494 894 531
133 849 492 893 530
134 849 492 893 530
135 847 491 892 529
136 845 490 890 527
137 845 488 889 526
138 843 487 888 525
139 841 486 886 524
140 841 486 886 524
141 841 486 885 523
142 839 484 884 522
143 837 484 883 521
144 836 482 882 520
145 835 482 880 519
146 835 482 880 519
147 833 480 879 518
148 833 480 878 517
149 831 478 876 517
150 830 478 876 516
151 829 476 874 515
152 829 476 874 515
153 829 476 873 514
154 827 476 873 514
155 827 475 871 513
156 825 474 870 513
157 825 474 870 512
158 825 474 870 512
159 823 472 869 511
160 823 472 868 511
161 823 472 867 510
162 821 471 866 509
163 821 470 866 509
164 821 470 866 509
165 819 470 865 508
166 819 469 864 508
167 818 469 863 507
168 818 468 863 506
169 817 468 863 506
170 817 468 863 506
