279 -1 -1 -1 -1
0 945 302 977 340
1 945 302 977 340
2 945 302 977 340
3 945 302 977 340
4 945 302 977 340
5 945 302 977 340
6 945 302 977 340
7 945 302 977 340
8 945 302 977 340
9 945 302 977 340
10 945 302 977 340
11 945 302 977 340
12 945 302 977 340
13 962 446 993 477
14 962 446 993 477
15 962 446 993 477
16 945 300 977 338
17 945 300 977 338
18 945 300 977 338
19 945 300 977 338
20 945 298 977 336
21 945 296 977 334
22 945 296 977 334
23 945 296 977 332
24 945 296 977 332
25 945 296 977 332
26 945 296 977 332
27 945 296 977 332
28 945 296 977 332
29 945 296 977 332
30 945 310 976 342
31 945 310 976 342
32 945 310 976 342
33 945 310 976 342
34 945 309 976 341
35 945 309 976 341
36 945 309 976 341
37 945 309 976 341
38 945 309 976 341
39 945 309 976 341
40 945 309 976 341
41 945 309 976 341
42 943 296 976 341
43 943 296 976 341
44 943 296 976 341
45 943 296 976 341
46 943 296 976 341
47 943 296 976 341
48 943 296 976 341
49 943 296 976 341
50 943 296 976 341
51 943 296 976 341
52 943 296 976 341
53 943 296 976 341
54 943 296 976 341
55 943 296 976 341
56 943 296 976 341
57 943 296 976 341
58 943 296 976 341
59 943 296 976 341
60 943 296 975 338
61 943 296 975 338
62 943 296 975 338
63 943 296 975 338
64 943 296 975 338
65 943 296 975 338
66 943 296 975 338
67 943 296 975 338
68 943 296 975 338
69 943 296 975 338
70 943 296 975 338
71 943 296 975 338
72 943 296 975 338
73 943 296 975 338
74 943 296 975 338
75 943 296 975 338
76 943 296 975 338
77 943 296 975 338
78 943 296 975 338
79 943 296 975 338
80 943 296 975 338
81 943 296 975 338
82 943 296 975 338
83 943 296 975 338
84 943 296 975 338
85 943 296 975 338
86 943 296 975 338
87 943 296 975 338
88 943 296 975 338
89 943 296 975 338
90 941 294 975 340
91 941 294 975 340
92 941 294 975 340
93 941 294 975 340
94 941 294 975 340
95 941 294 975 340
96 941 294 975 340
97 941 294 975 340
98 941 294 975 338
99 941 294 975 338
100 941 294 975 338
101 941 294 975 338
102 941 298 975 342
103 941 302 975 344
104 941 304 975 344
105 941 304 975 344
106 941 304 975 344
107 941 304 975 344
108 941 304 975 344
109 941 304 975 344
110 941 304 975 344
111 941 304 975 344
112 941 304 975 344
113 941 304 975 344
114 941 304 975 344
115 941 304 975 344
116 941 304 975 344
117 941 304 975 338
118 396 466 458 507
119 396 466 458 507
120 945 304 977 340
121 310 514 358 553
122 313 516 362 555
123 316 518 365 557
124 320 520 368 559
125 320 520 368 559
126 323 522 372 560
127 326 524 375 562
128 330 525 378 564
129 333 527 382 565
130 337 529 385 567
131 337 529 385 567
132 340 530 388 569
133 343 532 391 571
134 346 534 394 572
135 350 535 398 574
136 352 536 400 576
137 352 536 400 576
138 356 538 404 577
139 358 540 407 579
140 362 542 410 581
141 365 544 413 583
142 368 545 415 584
143 368 545 415 584
144 370 547 419 586
145 373 548 421 587
146 373 548 421 587
147 379 551 427 590
148 382 553 430 591
149 382 553 430 591
150 385 556 433 593
151 385 556 433 593
152 388 556 436 595
153 393 560 441 598
154 393 560 441 598
155 395 560 443 599
156 398 562 446 600
157 398 562 446 600
158 401 564 449 602
159 406 566 453 604
160 406 566 453 604
161 408 567 456 606
162 408 567 456 606
163 410 568 458 607
164 413 570 461 608
165 415 571 463 609
166 417 572 465 611
167 420 574 467 612
168 420 574 467 612
169 422 575 471 614
170 424 576 472 615
171 427 578 475 616
172 429 579 477 617
173 431 580 479 618
174 431 580 479 618
175 433 582 481 619
176 435 582 483 620
177 437 584 485 621
178 439 585 487 623
179 441 586 489 624
180 441 586 489 624
181 443 587 491 625
182 445 588 493 626
183 447 589 495 627
184 448 590 496 629
185 450 591 498 629
186 450 591 498 629
187 451 591 500 629
188 453 590 501 629
189 455 590 503 628
190 456 589 504 628
191 457 589 505 627
192 457 589 505 627
193 459 588 507 627
194 459 588 508 627
195 461 587 510 626
196 462 587 511 625
197 463 586 512 625
198 463 586 512 625
199 465 586 513 624
200 465 586 514 625
201 467 586 515 624
202 467 585 516 624
203 468 584 517 623
204 468 584 517 623
205 469 584 518 623
206 470 584 519 623
207 471 584 519 622
208 472 583 520 621
209 473 583 521 621
210 473 582 521 621
211 473 582 521 621
212 474 582 522 621
213 475 582 522 621
214 475 582 523 621
215 475 582 524 620
216 475 582 524 620
217 476 582 524 620
218 476 582 525 620
219 477 582 525 620
220 477 582 525 620
221 477 582 526 620
222 477 582 526 620
223 477 582 526 620
224 478 582 526 619
225 478 582 526 619
226 478 582 527 619
227 478 582 527 619
228 478 582 527 619
229 478 582 527 619
230 478 582 527 619
231 478 582 527 619
232 478 582 527 619
233 478 582 527 619
234 478 582 527 619
235 478 582 527 619
236 478 582 527 619
237 478 582 527 619
238 478 582 527 619
239 478 582 527 619
240 478 582 527 619
241 478 582 527 619
242 478 582 527 619
243 478 582 527 619
244 478 582 527 619
245 478 582 527 619
246 478 582 527 619
247 478 582 527 619
248 478 582 527 619
249 478 582 527 619
250 478 582 527 619
251 478 582 527 619
252 478 582 527 619
253 478 582 527 619
254 478 582 527 619
255 478 582 527 619
256 478 582 527 619
257 478 582 527 619
258 478 582 527 619
259 478 582 527 619
260 478 582 527 619
261 478 582 527 619
262 478 582 527 619
263 478 582 527 619
264 478 582 527 619
265 478 582 527 619
266 478 582 527 619
267 478 582 527 619
268 478 582 527 619
269 478 582 527 619
270 478 582 527 619
271 478 582 527 619
272 478 582 527 619
273 478 582 527 619
274 478 582 527 619
275 478 582 527 619
276 478 582 527 619
277 478 582 527 619
278 478 582 527 619
