128 -1 -1 -1 -1
0 481 349 561 405
1 481 349 561 405
2 481 349 561 405
3 481 349 561 405
4 481 349 561 406
5 477 347 561 406
6 477 347 561 406
7 477 347 561 406
8 477 347 561 406
9 477 347 561 406
10 480 348 561 406
11 480 348 561 406
12 479 348 561 406
13 479 348 561 405
14 479 348 561 405
15 479 348 561 405
16 479 348 561 406
17 479 348 561 406
18 479 348 561 406
19 479 348 561 406
20 479 348 561 406
21 479 348 561 406
22 479 348 561 406
23 479 348 561 406
24 479 348 561 406
25 478 348 561 406
26 478 348 561 406
27 478 347 561 406
28 478 347 561 406
29 478 347 561 406
30 481 349 561 406
31 481 349 561 406
32 481 349 561 406
33 481 349 561 406
34 481 349 561 406
35 481 349 561 406
36 481 349 561 406
37 481 349 561 405
38 481 349 561 405
39 481 349 561 405
40 481 349 561 405
41 487 354 561 405
42 487 354 561 405
43 487 354 561 405
44 485 354 561 405
45 485 354 561 405
46 485 354 561 405
47 485 354 561 405
48 485 354 561 405
49 485 354 561 405
50 485 354 561 405
51 485 354 561 405
52 485 354 561 405
53 485 354 561 405
54 485 354 561 405
55 485 354 561 405
56 485 354 561 405
57 485 354 561 405
58 485 354 561 405
59 485 354 561 405
60 484 354 561 405
61 495 354 561 405
62 485 351 567 407
63 485 351 567 407
64 488 353 576 414
65 507 364 585 422
66 508 368 591 421
67 512 372 600 425
68 433 328 495 376
69 433 328 495 376
70 554 373 614 423
71 557 373 620 425
72 562 373 624 425
73 567 372 628 425
74 571 372 630 423
75 571 372 630 423
76 576 372 633 423
77 580 372 635 423
78 584 371 637 423
79 588 371 643 422
80 599 371 647 418
81 599 371 647 418
82 601 370 655 417
83 599 370 660 419
84 607 369 664 420
85 613 368 667 419
86 615 368 670 418
87 615 368 670 418
88 618 368 674 419
89 620 368 677 419
90 623 368 681 419
91 626 368 683 419
92 627 368 687 419
93 627 368 687 419
94 630 368 689 418
95 631 368 692 419
96 634 368 695 419
97 637 368 698 420
98 639 368 700 420
99 639 368 700 420
100 642 368 702 418
101 644 368 705 418
102 646 367 706 418
103 648 367 709 419
104 650 367 710 420
105 650 367 710 420
106 652 367 712 420
107 654 367 714 420
108 656 367 716 419
109 657 367 718 421
110 658 367 720 420
111 658 367 720 420
112 660 367 722 421
113 661 367 724 420
114 662 367 725 421
115 664 367 726 422
116 665 367 727 422
117 665 367 727 422
118 704 442 751 490
119 705 442 753 490
120 705 442 753 490
121 705 442 754 491
122 706 442 754 491
123 706 442 754 491
124 706 442 754 491
125 707 442 755 491
126 707 442 755 491
127 707 442 756 491
