258 -1 -1 -1 -1
0 773 352 831 400
1 773 352 831 400
2 773 352 833 400
3 773 352 833 400
4 773 352 831 395
5 773 352 831 395
6 773 352 831 395
7 802 370 833 401
8 802 370 833 401
9 802 370 833 401
10 802 370 833 401
11 802 370 833 401
12 802 370 833 401
13 802 370 833 401
14 802 370 833 401
15 802 370 833 401
16 802 370 833 401
17 802 370 833 401
18 802 370 833 401
19 802 370 833 401
20 802 370 833 401
21 802 370 833 401
22 802 370 833 401
23 773 352 831 395
24 773 352 831 400
25 773 352 831 400
26 770 352 831 400
27 802 370 833 401
28 802 370 833 401
29 802 370 833 401
30 769 352 836 402
31 774 352 837 394
32 769 352 832 400
33 769 352 832 400
34 774 352 832 394
35 774 352 832 394
36 769 352 832 404
37 804 367 835 398
38 769 352 835 404
39 769 352 835 404
40 769 351 833 404
41 785 351 833 387
42 769 351 835 404
43 786 351 833 386
44 758 351 833 404
45 804 367 835 398
46 758 351 833 404
47 783 351 833 388
48 783 351 833 388
49 783 351 833 388
50 783 351 833 388
51 768 351 833 404
52 783 351 833 388
53 772 351 833 398
54 773 351 832 394
55 773 351 832 394
56 771 351 832 395
57 990 449 1021 480
58 990 449 1021 480
59 776 350 837 392
60 773 351 833 394
61 772 351 833 394
62 804 350 835 381
63 804 350 835 381
64 804 350 835 381
65 804 350 835 381
66 771 350 835 394
67 771 350 835 394
68 771 350 835 394
69 771 350 835 394
70 771 350 835 394
71 771 350 835 394
72 771 350 835 394
73 771 350 835 394
74 771 350 835 394
75 771 350 835 394
76 771 350 835 394
77 771 350 835 394
78 771 350 835 394
79 771 350 835 394
80 771 350 835 394
81 786 350 835 386
82 786 350 835 386
83 786 350 835 386
84 771 351 837 394
85 769 351 837 395
86 763 351 837 401
87 763 351 837 401
88 767 351 837 402
89 762 350 839 404
90 769 350 836 397
91 771 351 835 396
92 769 351 837 400
93 769 351 837 400
94 769 353 841 401
95 772 353 840 401
96 775 353 843 401
97 800 353 845 390
98 816 352 852 384
99 816 352 852 384
100 801 352 857 394
101 833 351 864 382
102 841 349 874 380
103 852 347 889 378
104 870 343 905 374
105 870 343 905 374
106 885 341 916 372
107 901 336 932 367
108 913 331 945 362
109 595 382 649 421
110 606 381 661 421
111 606 381 661 421
112 618 380 673 420
113 629 379 684 419
114 640 378 695 419
115 651 378 706 418
116 662 377 717 417
117 662 377 717 417
118 674 376 728 416
119 684 375 739 415
120 694 375 749 414
121 705 374 759 413
122 716 374 770 413
123 716 374 770 413
124 727 372 780 412
125 737 372 790 411
126 1006 290 1038 321
127 1006 290 1038 321
128 1006 290 1038 321
129 1006 290 1038 321
130 1006 290 1038 321
131 1006 290 1038 321
132 1006 290 1038 321
133 1006 290 1038 321
134 1006 290 1038 321
135 1006 290 1038 321
136 1006 290 1038 321
137 1006 290 1038 321
138 1006 290 1038 321
139 1006 290 1038 321
140 1006 290 1038 321
141 1006 290 1038 321
142 1006 290 1038 321
143 1006 290 1038 321
144 1006 290 1038 321
145 1006 290 1038 321
146 1006 290 1038 321
147 1006 290 1038 321
148 1006 290 1038 321
149 1006 290 1038 321
150 1006 290 1037 321
151 1006 290 1037 321
152 1006 290 1037 321
153 1006 290 1037 321
154 1006 290 1037 321
155 1006 290 1037 321
156 1006 290 1037 321
157 1006 290 1037 321
158 1006 290 1037 321
159 1006 290 1037 321
160 1006 290 1037 321
161 1006 290 1037 321
162 1006 290 1037 321
163 1006 290 1037 321
164 1006 290 1037 321
165 1006 290 1037 321
166 1006 290 1037 321
167 1006 290 1037 321
168 1006 290 1037 321
169 1006 290 1037 321
170 1006 290 1037 321
171 1006 290 1037 321
172 1006 290 1037 321
173 1006 290 1037 321
174 1006 290 1037 321
175 1006 290 1037 321
176 1006 290 1037 321
177 1006 290 1037 321
178 1006 290 1037 321
179 1006 290 1037 321
180 953 379 1000 419
181 949 378 996 418
182 945 378 992 418
183 942 378 989 418
184 942 378 989 418
185 939 378 986 418
186 935 378 982 417
187 932 378 979 417
188 929 377 976 417
189 926 377 973 417
190 926 377 973 417
191 923 377 970 417
192 919 376 967 416
193 917 376 964 416
194 913 376 961 416
195 911 376 958 416
196 911 376 958 416
197 908 376 955 415
198 905 376 953 415
199 903 376 950 415
200 900 375 947 415
201 897 375 945 414
202 897 375 945 414
203 895 376 942 415
204 893 374 940 414
205 890 374 937 414
206 888 374 935 414
207 886 374 933 413
208 886 374 933 413
209 883 374 930 413
210 881 374 927 413
211 879 374 925 413
212 877 373 923 413
213 1006 290 1037 321
214 1006 290 1037 321
215 1006 290 1037 321
216 1006 290 1037 321
217 1006 290 1037 321
218 1006 290 1037 321
219 1006 290 1037 321
220 1006 290 1037 321
221 1006 290 1037 321
222 1006 290 1037 321
223 1006 290 1037 321
224 1006 290 1037 321
225 1006 290 1037 321
226 1006 290 1037 321
227 1006 290 1037 321
228 1006 290 1037 321
229 1006 290 1037 321
230 1006 290 1037 321
231 1006 290 1037 321
232 1006 290 1037 321
233 1006 290 1037 321
234 1006 290 1037 321
235 1006 290 1037 321
236 1006 290 1037 321
237 1006 290 1037 321
238 1006 290 1037 321
239 1006 290 1037 321
240 841 370 888 409
241 840 370 887 409
242 839 370 886 409
243 839 370 885 409
244 839 370 885 409
245 838 370 885 409
246 837 370 884 408
247 836 370 883 408
248 835 370 883 408
249 835 370 882 408
250 835 370 882 408
251 834 370 881 408
252 834 370 881 408
253 833 370 881 408
254 833 370 880 408
255 833 370 879 408
256 833 370 879 408
257 833 370 879 408
