194 -1 -1 -1 -1
0 712 352 769 400
1 712 352 769 400
2 712 352 769 400
3 712 352 769 401
4 712 352 769 401
5 712 352 769 401
6 712 351 768 400
7 712 351 767 400
8 712 351 768 400
9 712 351 768 400
10 712 352 768 400
11 712 352 768 400
12 712 352 768 400
13 712 352 768 400
14 712 352 768 400
15 711 351 768 400
16 711 350 770 400
17 711 350 770 399
18 711 350 769 399
19 711 350 769 399
20 711 350 768 399
21 711 350 768 399
22 711 350 768 399
23 711 350 768 399
24 711 350 768 398
25 711 350 768 398
26 711 350 768 398
27 711 350 768 398
28 711 349 767 398
29 706 351 762 401
30 700 354 760 404
31 694 354 750 407
32 689 358 754 408
33 689 358 754 408
34 683 360 740 411
35 677 363 736 414
36 673 365 731 416
37 667 368 726 419
38 662 370 720 421
39 662 370 720 421
40 657 372 716 423
41 652 375 710 425
42 646 378 705 428
43 641 380 700 430
44 634 382 690 432
45 634 382 690 432
46 626 382 684 433
47 620 382 679 435
48 614 383 673 434
49 608 383 666 434
50 601 384 660 434
51 601 384 660 434
52 595 384 654 434
53 588 384 648 435
54 582 385 642 436
55 576 385 635 437
56 570 386 629 437
57 570 386 629 437
58 564 386 623 437
59 557 386 618 437
60 551 387 611 437
61 545 388 605 438
62 539 388 600 438
63 539 388 600 438
64 533 388 594 438
65 527 388 588 439
66 521 390 582 440
67 515 390 576 440
68 509 390 570 441
69 509 390 570 441
70 503 390 565 442
71 497 391 559 443
72 491 391 553 443
73 485 392 547 444
74 479 392 542 444
75 479 392 542 444
76 474 393 536 445
77 468 393 530 445
78 462 394 525 446
79 457 394 519 446
80 452 395 514 446
81 452 395 514 446
82 446 395 509 447
83 441 396 503 448
84 435 396 498 448
85 430 396 492 449
86 425 397 488 449
87 425 397 488 449
88 419 398 482 449
89 414 398 477 450
90 409 398 473 450
91 404 398 468 451
92 399 399 463 450
93 399 399 462 450
94 394 400 458 451
95 389 400 453 451
96 384 400 448 452
97 379 401 443 452
98 375 401 438 453
99 375 401 438 453
100 370 402 434 454
101 365 402 430 454
102 361 402 425 454
103 356 403 420 455
104 351 403 416 455
105 351 403 416 455
106 347 404 412 456
107 342 404 407 456
108 338 404 404 457
109 333 405 399 457
110 329 405 394 457
111 329 405 394 457
112 325 405 390 457
113 320 406 386 458
114 316 406 382 458
115 312 406 378 458
116 308 406 374 458
117 308 406 374 458
118 304 406 370 458
119 300 406 366 458
120 297 406 362 458
121 293 407 358 458
122 289 407 354 458
123 289 407 354 458
124 286 407 351 459
125 282 408 347 459
126 279 408 344 460
127 275 408 341 461
128 272 408 338 461
129 272 408 338 461
130 268 408 334 461
131 265 408 331 461
132 262 408 328 461
133 259 408 325 461
134 256 408 322 461
135 256 408 322 461
136 253 408 320 462
137 360 426 407 475
138 358 426 406 475
139 356 426 405 475
140 355 426 403 475
141 355 426 403 475
142 354 426 402 475
143 352 426 401 475
144 351 426 399 475
145 350 426 398 475
146 349 426 397 475
147 349 426 397 475
148 348 426 395 475
149 347 426 395 475
150 346 426 394 475
151 345 426 393 475
152 344 426 392 475
153 344 426 392 475
154 343 426 391 475
155 342 426 390 475
156 341 426 389 475
157 341 426 389 475
158 340 426 388 475
159 340 426 388 475
160 339 426 387 475
161 339 426 387 475
162 338 426 386 476
163 338 426 386 475
164 337 426 385 476
165 337 426 385 476
166 337 426 385 475
167 337 426 385 475
168 337 426 384 475
169 336 426 384 475
170 336 426 384 475
171 336 426 384 475
172 336 426 384 475
173 336 426 384 475
174 336 426 384 474
175 336 426 383 474
176 336 426 383 474
177 336 426 383 474
178 336 426 383 474
179 336 426 383 474
180 336 426 383 474
181 336 426 383 474
182 336 426 383 474
183 336 426 383 474
184 336 426 383 474
185 336 426 383 474
186 336 426 383 474
187 336 426 383 474
188 336 426 383 474
189 336 426 383 474
190 336 426 383 474
191 336 426 383 474
192 336 426 383 474
193 336 426 383 474
