150 -1 -1 -1 -1
0 642 449 708 505
1 642 449 709 505
2 643 449 709 504
3 643 448 709 504
4 643 448 709 504
5 643 448 709 504
6 643 447 710 503
7 646 448 710 503
8 644 446 710 503
9 644 446 711 502
10 644 446 711 502
11 644 446 711 502
12 646 446 711 501
13 644 445 711 501
14 646 445 712 501
15 646 444 712 500
16 646 444 712 500
17 646 444 712 500
18 648 444 712 500
19 648 444 713 500
20 648 443 713 499
21 648 443 727 499
22 648 443 727 499
23 649 444 727 499
24 649 442 728 498
25 649 442 728 498
26 648 442 715 498
27 649 442 715 498
28 649 442 714 498
29 649 442 715 498
30 649 442 715 498
31 650 442 715 498
32 650 442 716 498
33 650 442 716 498
34 650 442 716 498
35 650 442 717 498
36 651 442 717 498
37 651 442 717 498
38 651 442 717 498
39 651 442 718 498
40 651 442 718 498
41 652 442 719 498
42 652 442 719 498
43 653 442 719 498
44 653 442 720 498
45 653 441 720 498
46 653 442 720 498
47 654 442 720 498
48 654 441 721 497
49 642 445 706 502
50 619 452 686 509
51 596 461 665 519
52 596 461 665 519
53 574 469 642 525
54 551 477 619 535
55 527 486 596 543
56 503 494 573 552
57 478 503 548 561
58 478 503 548 561
59 452 512 525 571
60 428 521 500 583
61 404 526 472 579
62 396 527 468 584
63 418 525 487 586
64 418 525 487 586
65 428 525 502 586
66 440 524 516 585
67 456 523 530 584
68 470 522 544 582
69 482 521 558 581
70 482 521 558 581
71 496 520 572 580
72 510 519 586 579
73 524 517 599 577
74 536 516 612 577
75 550 515 625 575
76 550 515 625 575
77 562 514 638 575
78 575 513 651 573
79 587 512 663 572
80 599 512 674 571
81 611 511 686 570
82 611 511 686 570
83 623 510 698 570
84 634 510 710 570
85 646 509 721 569
86 655 509 732 568
87 668 509 743 568
88 668 509 743 568
89 678 508 754 568
90 688 507 764 568
91 700 507 776 567
92 710 506 786 567
93 720 506 796 567
94 720 506 796 567
95 731 505 807 566
96 742 505 817 565
97 752 504 826 564
98 775 530 824 579
99 774 528 823 577
100 774 528 823 577
101 774 527 823 576
102 773 526 822 574
103 773 524 821 573
104 772 522 820 571
105 771 521 820 570
106 771 521 820 570
107 770 520 819 568
108 770 518 819 567
109 769 517 818 566
110 769 516 817 564
111 768 514 817 563
112 768 514 817 563
113 768 514 817 562
114 767 512 816 561
115 767 511 815 559
116 767 510 815 558
117 766 509 814 557
118 766 509 814 557
119 765 508 813 556
120 765 506 813 555
121 764 506 813 554
122 763 504 812 553
123 763 504 811 552
124 763 504 811 552
125 239 462 320 514
126 230 465 305 515
127 761 500 810 549
128 761 500 810 548
129 761 499 809 547
130 761 499 809 547
131 760 498 809 546
132 760 497 808 545
133 759 496 807 544
134 759 496 807 544
135 759 495 807 543
136 759 495 807 543
137 758 494 807 543
138 758 494 806 542
139 758 492 806 541
140 757 492 805 541
141 757 491 805 540
142 757 491 805 540
143 757 491 805 540
144 757 490 805 539
145 756 490 805 538
146 756 489 804 537
147 756 489 804 537
148 756 488 804 537
149 756 488 803 537
