315 -1 -1 -1 -1
0 878 54 909 85
1 878 54 909 85
2 878 54 909 85
3 878 54 909 85
4 878 54 909 85
5 878 54 909 85
6 878 54 909 85
7 878 54 909 85
8 878 54 909 85
9 878 54 909 85
10 270 558 320 598
11 270 558 320 598
12 270 558 320 598
13 270 558 320 598
14 270 558 320 598
15 270 558 320 598
16 270 558 320 598
17 270 558 320 598
18 270 558 320 598
19 270 558 320 598
20 270 558 320 598
21 270 558 320 598
22 270 558 320 598
23 270 558 320 598
24 270 558 320 598
25 270 558 319 597
26 284 551 334 590
27 284 551 334 590
28 300 544 350 584
29 315 537 365 577
30 330 530 380 571
31 345 524 394 564
32 359 517 408 558
33 359 517 408 558
34 373 511 422 551
35 387 504 436 545
36 878 55 909 86
37 878 55 909 86
38 878 55 909 86
39 878 55 909 86
40 878 55 909 86
41 878 55 909 86
42 878 55 909 86
43 878 55 909 86
44 878 55 909 86
45 878 55 909 86
46 878 55 909 86
47 878 55 909 86
48 878 55 909 86
49 878 55 909 86
50 878 55 909 86
51 878 55 909 86
52 878 55 909 86
53 878 55 909 86
54 878 55 909 86
55 878 55 909 86
56 878 55 909 86
57 878 55 909 86
58 878 55 909 86
59 878 55 909 86
60 878 55 909 86
61 878 55 909 86
62 878 55 909 86
63 878 55 909 86
64 878 55 909 86
65 878 55 909 86
66 878 55 909 86
67 878 55 909 86
68 878 55 909 86
69 878 55 909 86
70 878 55 909 86
71 878 55 909 86
72 878 55 909 86
73 878 55 909 86
74 878 55 909 86
75 878 55 909 86
76 878 55 909 86
77 878 55 909 86
78 878 55 909 86
79 878 55 909 86
80 878 55 909 86
81 878 55 909 86
82 878 55 909 86
83 878 55 909 86
84 878 55 909 86
85 878 55 909 86
86 878 55 909 86
87 878 55 909 86
88 878 55 909 86
89 878 55 909 86
90 880 58 911 89
91 880 58 911 89
92 880 58 911 89
93 880 58 911 89
94 880 58 911 89
95 880 58 911 89
96 880 58 911 89
97 880 58 911 89
98 880 58 911 89
99 880 58 911 89
100 880 58 911 89
101 880 58 911 89
102 880 58 911 89
103 880 58 911 89
104 880 58 911 89
105 880 58 911 89
106 880 58 911 89
107 880 58 911 89
108 880 58 911 89
109 880 58 911 89
110 880 58 911 89
111 880 58 911 89
112 880 58 911 89
113 880 58 911 89
114 880 58 911 89
115 880 58 911 89
116 880 58 911 89
117 880 58 911 89
118 880 58 911 89
119 880 58 911 89
120 878 55 909 86
121 878 55 909 86
122 878 55 909 86
123 878 55 909 86
124 878 55 909 86
125 878 55 909 86
126 878 55 909 86
127 878 55 909 86
128 878 55 909 86
129 878 55 909 86
130 878 55 909 86
131 878 55 909 86
132 878 55 909 86
133 878 55 909 86
134 878 55 909 86
135 878 55 909 86
136 878 55 909 86
137 878 55 909 86
138 878 55 909 86
139 878 55 909 86
140 878 55 909 86
141 878 55 909 86
142 878 55 909 86
143 878 55 909 86
144 878 55 909 86
145 878 55 909 86
146 878 55 909 86
147 878 55 909 86
148 878 55 909 86
149 878 55 909 86
150 880 58 911 89
151 880 58 911 89
152 880 58 911 89
153 880 58 911 89
154 880 58 911 89
155 880 58 911 89
156 880 58 911 89
157 880 58 911 89
158 880 58 911 89
159 880 58 911 89
160 880 58 911 89
161 880 58 911 89
162 869 55 912 124
163 867 55 911 122
164 878 55 911 89
165 878 55 911 89
166 878 55 911 89
167 878 55 911 89
168 878 55 911 89
169 878 55 911 89
170 878 55 911 89
171 878 55 911 89
172 880 58 911 89
173 880 58 911 89
174 880 58 911 89
175 880 58 911 89
176 880 58 911 89
177 880 58 911 89
178 880 58 911 89
179 880 58 911 89
180 846 59 889 98
181 1025 59 1057 90
182 1034 56 1066 87
183 1034 56 1066 87
184 1044 52 1075 83
185 1053 50 1084 81
186 1021 62 1052 93
187 1075 46 1106 77
188 1037 62 1070 94
189 1037 62 1070 94
190 1049 58 1082 91
191 1060 56 1093 89
192 1074 52 1105 83
193 1131 34 1162 65
194 1094 49 1126 81
195 1094 49 1126 81
196 1111 42 1142 73
197 1114 42 1149 77
198 1124 40 1158 74
199 1133 36 1168 71
200 1147 32 1178 63
201 1147 32 1178 63
202 1151 30 1185 64
203 1165 24 1196 55
204 1171 22 1202 53
205 1179 18 1211 50
206 1187 14 1219 45
207 1187 14 1219 45
208 1197 8 1228 39
209 1195 7 1229 40
210 1195 7 1229 40
211 1195 7 1229 40
212 1195 7 1229 40
213 1195 7 1229 40
214 1195 7 1229 40
215 1173 27 1214 72
216 1173 27 1214 72
217 1173 27 1214 72
218 1201 14 1243 58
219 1201 14 1243 58
220 1201 14 1243 58
221 1201 14 1243 58
222 1231 6 1262 38
223 1231 6 1262 38
224 1255 31 1295 67
225 1255 31 1295 67
226 1255 31 1295 67
227 1255 31 1295 67
228 1255 31 1295 67
229 1255 31 1295 67
230 1255 31 1295 67
231 1255 31 1295 67
232 1255 31 1295 67
233 1261 18 1295 62
234 512 209 702 359
235 510 209 701 355
236 508 208 700 357
237 508 208 700 357
238 507 208 700 354
239 506 207 700 349
240 505 205 701 345
241 504 203 701 341
242 503 200 701 337
243 503 200 702 337
244 504 195 703 333
245 504 189 704 329
246 504 183 706 325
247 506 179 708 323
248 506 175 708 319
249 506 175 708 319
250 506 171 711 321
251 507 168 713 319
252 508 165 716 319
253 510 162 718 315
254 512 159 722 315
255 512 159 722 315
256 514 157 725 313
257 516 155 728 315
258 518 154 731 316
259 519 152 733 309
260 520 151 736 311
261 520 151 736 311
262 521 150 737 310
263 522 150 739 310
264 817 73 860 111
265 817 73 860 111
266 817 73 860 111
267 817 73 860 111
268 817 73 860 111
269 817 73 860 111
270 817 72 860 111
271 817 72 860 111
272 817 72 860 111
273 817 72 860 111
274 817 73 860 111
275 817 73 860 111
276 817 72 860 111
277 817 72 860 111
278 817 72 860 111
279 817 72 860 111
280 817 72 860 111
281 817 72 860 111
282 817 72 860 111
283 817 72 860 111
284 817 72 860 111
285 817 72 860 111
286 817 72 860 111
287 817 72 860 111
288 817 72 860 111
289 817 72 860 111
290 817 72 860 111
291 817 72 860 111
292 817 73 860 111
293 817 73 860 111
294 817 73 860 111
295 817 73 860 111
296 817 73 860 111
297 817 73 860 111
298 817 73 860 111
299 817 73 860 111
300 817 73 860 111
301 817 73 860 111
302 817 73 860 111
303 817 73 860 111
304 817 73 860 111
305 817 73 860 111
306 817 73 860 111
307 817 73 860 111
308 817 73 860 111
309 817 73 860 111
310 817 73 860 111
311 817 73 860 111
312 817 73 860 111
313 817 73 860 111
314 817 73 860 111
