250 -1 -1 -1 -1
0 528 399 590 439
1 528 399 590 439
2 528 399 590 439
3 528 399 590 439
4 588 286 619 317
5 588 286 619 317
6 588 286 619 317
7 588 286 619 317
8 588 286 619 317
9 528 399 590 439
10 528 399 590 439
11 528 399 590 439
12 587 286 618 317
13 587 286 618 317
14 587 286 618 317
15 528 399 588 438
16 528 399 589 439
17 528 399 589 439
18 528 399 589 439
19 528 399 589 439
20 527 399 589 439
21 527 399 589 438
22 527 399 589 438
23 587 286 618 317
24 528 399 588 438
25 528 399 588 438
26 528 399 588 438
27 528 399 588 438
28 586 286 617 317
29 586 286 617 317
30 527 399 588 438
31 527 399 588 438
32 586 286 617 317
33 527 399 588 438
34 558 409 589 440
35 558 409 589 440
36 586 286 617 317
37 586 286 617 317
38 526 399 587 438
39 526 399 587 438
40 585 286 616 317
41 585 286 616 317
42 585 286 616 317
43 585 286 616 317
44 585 286 616 317
45 526 399 586 438
46 525 399 586 438
47 525 399 586 438
48 584 286 615 317
49 584 286 615 317
50 584 286 615 317
51 584 286 615 317
52 545 406 599 442
53 584 286 615 317
54 583 286 614 317
55 583 286 614 317
56 583 410 638 448
57 596 411 651 448
58 609 412 665 450
59 623 413 678 451
60 1034 201 1065 232
61 1034 201 1065 232
62 649 416 708 454
63 662 417 720 456
64 676 419 733 458
65 690 420 747 458
66 704 422 761 460
67 704 422 761 460
68 717 423 775 461
69 731 425 789 464
70 745 426 803 464
71 759 427 818 466
72 773 429 831 468
73 773 429 832 468
74 788 431 839 469
75 802 434 851 471
76 816 438 855 473
77 851 436 883 468
78 856 437 887 468
79 856 437 887 468
80 860 440 900 477
81 874 445 911 479
82 989 452 1021 484
83 989 452 1021 484
84 989 452 1021 484
85 989 452 1021 484
86 989 452 1021 484
87 989 452 1021 484
88 989 452 1021 484
89 989 452 1021 484
90 996 457 1035 493
91 996 457 1035 493
92 520 409 551 440
93 1043 462 1080 496
94 1044 459 1093 492
95 1054 461 1097 500
96 981 635 1012 666
97 981 635 1012 666
98 981 635 1012 666
99 981 635 1012 666
100 981 635 1012 666
101 981 635 1012 666
102 981 635 1012 666
103 981 635 1012 666
104 981 635 1012 666
105 981 635 1012 666
106 981 635 1012 666
107 981 635 1012 666
108 981 635 1012 666
109 981 635 1012 666
110 981 635 1012 666
111 981 635 1012 666
112 981 635 1012 666
113 981 635 1012 666
114 981 635 1012 666
115 981 635 1012 666
116 981 635 1012 666
117 981 635 1012 666
118 981 635 1012 666
119 981 635 1012 666
120 981 634 1012 669
121 981 634 1012 669
122 981 634 1012 669
123 981 634 1012 669
124 981 634 1012 669
125 981 634 1012 669
126 981 634 1012 669
127 981 634 1012 669
128 981 634 1012 669
129 981 634 1012 669
130 981 634 1012 669
131 981 634 1012 669
132 981 634 1012 669
133 981 634 1012 669
134 981 634 1012 669
135 981 634 1012 669
136 981 634 1012 669
137 981 634 1012 669
138 981 634 1012 669
139 981 634 1012 669
140 981 634 1012 669
141 981 634 1012 669
142 981 634 1012 669
143 981 634 1012 669
144 981 634 1012 669
145 981 634 1012 669
146 981 634 1012 669
147 981 634 1012 669
148 981 634 1012 669
149 981 634 1012 669
150 981 634 1012 666
151 981 634 1012 666
152 981 634 1012 666
153 981 634 1012 666
154 981 634 1012 666
155 981 634 1012 666
156 981 634 1012 666
157 981 634 1012 666
158 981 634 1012 666
159 981 634 1012 666
160 981 634 1012 666
161 981 634 1012 666
162 981 634 1012 666
163 981 634 1012 666
164 981 634 1012 666
165 981 634 1012 666
166 981 634 1012 666
167 981 634 1012 666
168 981 634 1012 666
169 981 634 1012 666
170 981 634 1012 666
171 981 634 1012 666
172 981 634 1012 666
173 981 634 1012 666
174 981 634 1012 666
175 981 634 1012 666
176 981 634 1012 666
177 981 634 1012 666
178 981 634 1012 666
179 981 634 1012 666
180 981 634 1012 665
181 981 634 1012 665
182 981 634 1012 665
183 981 634 1012 665
184 981 634 1012 665
185 981 634 1012 665
186 981 634 1012 665
187 981 634 1012 665
188 981 634 1012 665
189 981 634 1012 665
190 981 634 1012 665
191 981 634 1012 665
192 981 634 1012 665
193 981 634 1012 665
194 981 634 1012 665
195 981 634 1012 665
196 981 634 1012 665
197 981 634 1012 665
198 981 634 1012 665
199 981 634 1012 665
200 981 634 1012 665
201 981 634 1012 665
202 981 634 1012 665
203 981 634 1012 665
204 981 634 1012 665
205 981 634 1012 665
206 981 634 1012 665
207 981 634 1012 665
208 981 634 1012 665
209 981 634 1012 665
210 981 634 1012 666
211 981 634 1012 666
212 981 634 1012 666
213 981 634 1012 666
214 981 634 1012 666
215 981 634 1012 666
216 981 634 1012 668
217 981 634 1012 668
218 981 634 1012 668
219 981 634 1012 668
220 981 634 1012 668
221 981 634 1012 668
222 981 634 1012 668
223 981 634 1012 668
224 981 634 1012 668
225 981 634 1012 668
226 981 634 1012 668
227 981 634 1012 668
228 981 634 1012 668
229 981 634 1012 668
230 981 634 1012 668
231 981 634 1012 668
232 981 634 1012 668
233 981 634 1012 668
234 981 634 1012 668
235 981 634 1012 668
236 981 634 1012 668
237 981 634 1012 668
238 981 634 1012 668
239 981 634 1012 668
240 981 638 1012 669
241 981 638 1012 669
242 981 638 1012 669
243 981 638 1012 669
244 981 638 1012 669
245 981 638 1012 669
246 981 638 1012 669
247 981 638 1012 669
248 981 638 1012 669
249 981 638 1012 669
