252 -1 -1 -1 -1
0 646 328 681 365
1 646 328 681 365
2 646 329 682 365
3 646 330 682 364
4 646 328 683 364
5 647 328 683 363
6 647 328 683 363
7 647 328 683 363
8 699 247 735 278
9 647 328 683 363
10 701 246 732 277
11 701 246 732 277
12 648 326 683 362
13 648 326 683 362
14 648 326 683 362
15 706 245 745 276
16 702 245 735 276
17 649 326 687 361
18 649 326 687 361
19 649 326 687 361
20 649 326 687 361
21 650 324 687 361
22 650 322 693 361
23 650 322 706 361
24 659 322 693 354
25 659 322 693 354
26 661 322 693 354
27 729 243 760 274
28 731 243 762 274
29 652 322 708 360
30 653 322 700 361
31 653 322 700 361
32 653 322 702 360
33 726 241 757 272
34 655 326 711 366
35 656 330 711 370
36 657 335 711 375
37 657 335 711 375
38 658 340 711 380
39 659 345 709 385
40 660 350 720 391
41 661 355 722 396
42 662 361 723 402
43 662 361 723 402
44 664 367 725 406
45 666 373 728 413
46 666 380 730 420
47 668 387 732 428
48 669 395 735 436
49 669 395 735 436
50 671 403 737 444
51 675 413 739 453
52 742 231 773 262
53 678 434 745 474
54 680 446 748 486
55 680 446 748 486
56 685 459 752 502
57 695 468 759 506
58 714 470 778 510
59 734 473 799 512
60 755 475 820 514
61 755 475 820 514
62 774 478 841 517
63 793 482 861 521
64 814 486 881 526
65 833 490 901 530
66 853 496 921 536
67 853 496 921 536
68 851 498 920 539
69 817 496 887 536
70 793 493 857 532
71 759 492 827 532
72 731 490 799 530
73 731 490 799 530
74 703 489 771 530
75 678 487 744 529
76 652 485 718 528
77 624 484 691 526
78 598 482 665 525
79 598 482 665 525
80 573 481 640 523
81 547 480 615 521
82 523 478 592 518
83 517 477 568 517
84 981 636 1012 668
85 981 636 1012 668
86 981 636 1012 668
87 981 636 1012 668
88 981 636 1012 668
89 981 636 1012 668
90 817 621 925 668
91 817 621 925 668
92 817 621 925 668
93 817 621 925 668
94 817 621 925 668
95 894 627 925 658
96 894 627 925 658
97 894 627 925 658
98 894 627 925 658
99 894 627 925 658
100 894 627 925 658
101 894 627 925 658
102 894 627 925 658
103 894 627 925 658
104 894 627 925 658
105 894 627 925 658
106 894 627 925 658
107 894 627 925 658
108 894 627 925 658
109 894 627 925 658
110 894 627 925 658
111 894 627 925 658
112 894 627 925 658
113 894 627 925 658
114 894 627 925 658
115 894 627 925 658
116 894 627 925 658
117 894 627 925 658
118 894 627 925 658
119 894 627 925 658
120 893 629 924 660
121 893 629 924 660
122 893 629 924 660
123 893 629 924 660
124 893 629 924 660
125 893 629 924 660
126 893 629 924 660
127 893 629 924 660
128 893 629 924 660
129 893 629 924 660
130 893 629 924 660
131 893 629 924 660
132 893 629 924 660
133 893 629 924 660
134 893 629 924 660
135 893 629 924 660
136 893 629 924 660
137 893 629 924 660
138 893 629 924 660
139 893 629 924 660
140 893 629 924 660
141 893 629 924 660
142 893 629 924 660
143 893 629 924 660
144 893 629 924 660
145 893 629 924 660
146 893 629 924 660
147 893 629 924 660
148 893 629 924 660
149 893 629 924 660
150 892 629 923 660
151 892 629 923 660
152 892 629 923 660
153 892 629 923 660
154 892 629 923 660
155 892 629 923 660
156 892 629 923 660
157 892 629 923 660
158 892 629 923 660
159 892 629 923 660
160 892 629 923 660
161 892 629 923 660
162 892 629 923 660
163 892 629 923 660
164 892 629 923 660
165 892 629 923 660
166 892 629 923 660
167 892 629 923 660
168 892 629 923 660
169 892 629 923 660
170 892 629 923 660
171 892 629 923 660
172 892 629 923 660
173 892 629 923 660
174 892 629 923 660
175 892 629 923 660
176 892 629 923 660
177 892 629 923 660
178 892 629 923 660
179 892 629 923 660
180 894 627 925 658
181 894 627 925 658
182 894 627 925 658
183 894 627 925 658
184 894 627 925 658
185 894 627 925 658
186 894 627 925 658
187 894 627 925 658
188 894 627 925 658
189 894 627 925 658
190 894 627 925 658
191 894 627 925 658
192 894 627 925 658
193 894 627 925 658
194 894 627 925 658
195 894 627 925 658
196 894 627 925 658
197 894 627 925 658
198 894 627 925 658
199 894 627 925 658
200 894 627 925 658
201 894 627 925 658
202 894 627 925 658
203 894 627 925 658
204 894 627 925 658
205 894 627 925 658
206 894 627 925 658
207 894 627 925 658
208 894 627 925 658
209 894 627 925 658
210 893 627 925 660
211 893 627 925 660
212 893 627 925 660
213 893 627 925 660
214 893 627 925 660
215 893 627 925 660
216 893 627 925 660
217 893 627 925 660
218 893 627 925 660
219 893 627 925 660
220 893 627 925 660
221 893 627 925 660
222 893 627 925 660
223 893 627 925 660
224 893 627 925 660
225 893 627 925 660
226 893 627 925 660
227 893 627 925 660
228 893 627 925 660
229 893 627 925 660
230 893 627 925 660
231 893 627 925 660
232 893 627 925 660
233 981 634 1012 670
234 981 634 1012 670
235 981 634 1012 670
236 981 634 1012 670
237 981 634 1012 670
238 981 634 1012 670
239 981 634 1012 670
240 981 634 1012 670
241 981 634 1012 670
242 981 634 1012 670
243 981 634 1012 670
244 981 634 1012 670
245 981 634 1012 670
246 981 634 1012 670
247 981 634 1012 670
248 981 634 1012 670
249 981 634 1012 670
250 981 634 1012 670
251 981 634 1012 670
