251 -1 -1 -1 -1
0 608 326 689 382
1 608 326 689 382
2 608 326 689 382
3 608 326 689 382
4 608 326 689 382
5 608 326 689 382
6 608 326 689 382
7 608 326 689 382
8 605 326 689 386
9 605 326 689 386
10 605 326 689 386
11 604 326 689 388
12 605 326 690 386
13 607 326 690 384
14 607 326 690 384
15 607 326 689 384
16 607 326 689 384
17 607 326 689 384
18 605 327 689 386
19 580 327 689 386
20 581 327 689 386
21 573 327 689 387
22 573 327 689 387
23 605 327 689 387
24 605 327 689 387
25 605 327 689 387
26 582 327 688 387
27 575 327 688 387
28 575 327 688 387
29 575 327 688 387
30 582 327 690 387
31 605 327 690 387
32 605 327 689 387
33 607 327 689 385
34 607 327 689 385
35 607 327 689 385
36 605 327 689 388
37 580 328 688 388
38 577 328 688 388
39 574 328 689 388
40 574 328 689 388
41 574 328 689 388
42 574 328 689 389
43 574 328 690 389
44 574 328 690 389
45 574 328 690 389
46 574 328 690 389
47 574 328 690 389
48 574 328 690 389
49 575 328 690 389
50 574 328 690 389
51 574 328 690 389
52 574 328 690 389
53 574 328 690 389
54 574 328 690 389
55 574 328 690 389
56 574 328 690 389
57 576 328 690 390
58 576 328 690 390
59 576 328 690 390
60 575 328 690 390
61 576 328 690 390
62 576 328 689 390
63 576 328 690 390
64 576 328 690 390
65 576 328 690 390
66 576 328 690 390
67 576 328 690 390
68 576 328 690 390
69 576 328 690 390
70 576 328 690 390
71 576 328 690 390
72 576 328 690 390
73 576 328 690 390
74 576 328 690 390
75 577 328 690 390
76 577 328 690 390
77 575 328 690 390
78 575 328 690 390
79 604 328 690 390
80 604 328 690 390
81 604 328 690 390
82 604 328 690 390
83 604 328 690 390
84 604 328 690 390
85 604 328 690 390
86 604 328 690 390
87 604 328 690 390
88 604 328 690 390
89 604 328 690 390
90 604 328 690 389
91 604 328 690 389
92 582 328 690 389
93 587 328 690 386
94 587 328 690 386
95 605 333 703 393
96 621 342 715 399
97 683 347 758 406
98 707 353 784 412
99 730 358 805 418
100 730 358 805 418
101 752 363 827 424
102 774 369 850 429
103 798 375 876 431
104 823 377 898 431
105 848 378 924 436
106 848 378 924 436
107 873 380 949 440
108 899 382 976 441
109 925 384 1002 443
110 951 385 1028 445
111 977 388 1054 447
112 977 388 1054 447
113 1003 389 1082 450
114 1030 391 1108 451
115 1056 393 1135 454
116 1082 395 1162 456
117 1109 397 1191 458
118 1109 397 1191 458
119 1114 397 1195 455
120 1096 395 1178 450
121 1079 394 1163 450
122 1064 392 1146 448
123 1049 391 1131 448
124 1049 391 1131 448
125 1033 390 1114 446
126 1018 389 1100 444
127 1005 387 1086 442
128 990 386 1068 442
129 976 385 1054 440
130 976 385 1054 440
131 964 384 1040 439
132 948 382 1027 436
133 933 381 1012 440
134 920 380 1000 438
135 908 379 988 433
136 908 379 988 433
137 525 302 583 365
138 884 377 964 431
139 875 376 953 426
140 857 375 940 432
141 846 374 928 431
142 846 374 928 431
143 834 373 918 431
144 822 372 905 430
145 812 371 894 427
146 802 369 883 426
147 790 369 873 426
148 790 369 873 426
149 779 368 862 424
150 768 367 851 422
151 756 366 840 424
152 746 365 830 423
153 736 364 818 422
154 736 364 818 422
155 726 364 810 422
156 717 362 800 421
157 707 362 792 420
158 699 361 782 419
159 689 360 774 419
160 689 360 774 419
161 830 621 925 678
162 830 621 925 678
163 830 621 923 678
164 830 621 923 678
165 830 621 923 678
166 830 621 923 678
167 833 621 923 678
168 328 621 422 678
169 328 621 422 678
170 328 621 422 678
171 328 621 422 678
172 328 621 422 678
173 328 621 422 678
174 328 621 422 678
175 328 621 451 678
176 328 621 451 678
177 328 621 483 678
178 328 621 483 678
179 328 621 483 678
180 328 621 402 678
181 328 621 402 678
182 328 621 402 678
183 328 621 402 678
184 328 621 402 678
185 328 621 402 678
186 328 621 402 678
187 328 621 402 678
188 328 621 402 678
189 328 621 402 678
190 328 621 402 678
191 328 621 402 678
192 328 621 402 678
193 328 621 402 678
194 328 621 402 678
195 328 621 402 678
196 328 621 402 678
197 328 621 402 678
198 328 621 402 678
199 328 621 402 678
200 830 621 908 678
201 830 621 908 678
202 830 621 908 678
203 830 621 908 678
204 830 621 908 678
205 830 621 908 678
206 830 621 908 678
207 830 621 908 678
208 830 621 908 678
209 830 621 908 678
210 829 621 925 678
211 829 621 925 678
212 829 621 925 678
213 829 621 925 678
214 829 621 925 678
215 829 621 925 678
216 829 621 925 678
217 829 621 925 678
218 829 621 925 678
219 829 621 925 678
220 829 621 925 678
221 829 621 925 678
222 829 621 925 678
223 829 621 925 678
224 829 621 925 678
225 829 621 925 678
226 829 621 925 678
227 829 621 925 678
228 829 621 925 678
229 829 621 925 678
230 829 621 925 678
231 829 621 925 678
232 829 621 925 678
233 829 621 925 678
234 829 621 925 678
235 829 621 925 678
236 829 621 925 678
237 829 621 925 678
238 829 621 925 678
239 829 621 925 678
240 830 621 925 678
241 830 621 925 678
242 830 621 925 678
243 830 621 925 678
244 830 621 925 678
245 830 621 925 678
246 830 621 925 678
247 830 621 925 678
248 328 621 489 678
249 328 621 489 678
250 328 621 489 678
