237 -1 -1 -1 -1
0 777 568 811 600
1 775 568 810 600
2 779 567 811 598
3 777 567 810 599
4 777 567 809 598
5 777 567 809 598
6 777 567 809 598
7 777 566 810 598
8 777 566 810 598
9 775 565 811 598
10 777 565 811 597
11 778 565 810 597
12 778 565 810 597
13 779 565 810 596
14 779 566 810 597
15 777 566 810 598
16 719 533 795 582
17 781 565 815 597
18 781 565 815 597
19 782 565 816 597
20 718 532 795 581
21 782 565 818 598
22 782 565 819 598
23 783 565 819 598
24 783 565 819 598
25 783 565 819 598
26 783 564 820 598
27 783 564 820 598
28 783 565 819 598
29 782 565 820 599
30 784 565 820 598
31 783 565 820 598
32 783 565 820 598
33 781 565 819 599
34 781 565 817 598
35 780 565 811 596
36 780 565 811 596
37 723 529 792 576
38 721 516 778 556
39 705 510 768 548
40 697 504 733 544
41 691 492 731 524
42 691 492 731 524
43 681 490 717 522
44 649 494 711 530
45 649 494 711 530
46 642 490 687 525
47 642 490 687 525
48 642 490 687 525
49 632 490 681 525
50 620 490 673 526
51 752 565 783 596
52 752 565 783 596
53 752 565 783 596
54 752 565 783 596
55 752 565 783 596
56 591 491 657 532
57 586 492 651 534
58 610 500 643 534
59 605 503 639 534
60 686 506 717 537
61 686 506 717 537
62 561 494 623 534
63 552 495 617 534
64 544 496 611 534
65 543 496 606 534
66 544 496 606 534
67 541 497 592 531
68 534 498 591 532
69 527 498 588 534
70 552 505 583 536
71 981 636 1012 668
72 981 636 1012 668
73 981 636 1012 668
74 981 636 1012 668
75 981 636 1012 668
76 981 636 1012 668
77 981 636 1012 668
78 981 636 1012 668
79 981 636 1012 668
80 981 636 1012 668
81 981 636 1012 668
82 981 636 1012 668
83 981 636 1012 668
84 981 636 1012 668
85 981 636 1012 668
86 981 636 1012 668
87 981 636 1012 668
88 981 636 1012 668
89 981 636 1012 668
90 981 636 1012 668
91 981 636 1012 668
92 981 636 1012 668
93 981 636 1012 668
94 981 636 1012 668
95 981 636 1012 668
96 981 636 1012 668
97 981 636 1012 668
98 981 636 1012 668
99 981 636 1012 668
100 981 636 1012 668
101 981 636 1012 668
102 981 636 1012 668
103 981 636 1012 668
104 981 636 1012 668
105 981 636 1012 668
106 981 636 1012 668
107 981 636 1012 668
108 981 636 1012 668
109 981 636 1012 668
110 981 636 1012 668
111 981 636 1012 668
112 981 636 1012 668
113 981 636 1012 668
114 981 636 1012 668
115 981 636 1012 668
116 981 636 1012 668
117 981 636 1012 668
118 981 636 1012 668
119 981 636 1012 668
120 981 636 1012 668
121 981 636 1012 668
122 981 636 1012 668
123 981 636 1012 668
124 981 636 1012 668
125 981 636 1012 668
126 981 636 1012 668
127 981 636 1012 668
128 981 636 1012 668
129 981 636 1012 668
130 981 636 1012 668
131 981 636 1012 668
132 981 636 1012 668
133 981 636 1012 668
134 981 636 1012 668
135 981 636 1012 668
136 981 636 1012 668
137 981 636 1012 668
138 981 636 1012 668
139 981 636 1012 668
140 981 636 1012 668
141 981 636 1012 668
142 981 636 1012 668
143 981 636 1012 668
144 981 636 1012 668
145 981 636 1012 668
146 981 636 1012 668
147 981 636 1012 668
148 981 636 1012 668
149 981 636 1012 668
150 981 636 1012 668
151 981 636 1012 668
152 981 636 1012 668
153 981 636 1012 668
154 981 636 1012 668
155 981 636 1012 668
156 981 636 1012 668
157 981 636 1012 668
158 981 636 1012 668
159 981 636 1012 668
160 981 636 1012 668
161 981 636 1012 668
162 981 636 1012 668
163 981 636 1012 668
164 981 636 1012 668
165 981 636 1012 668
166 981 636 1012 668
167 981 636 1012 668
168 981 636 1012 668
169 981 636 1012 668
170 981 636 1012 668
171 981 636 1012 668
172 981 636 1012 668
173 981 636 1012 668
174 981 636 1012 668
175 981 636 1012 668
176 981 636 1012 668
177 981 636 1012 668
178 981 636 1012 668
179 981 636 1012 668
180 981 636 1012 668
181 981 636 1012 668
182 981 636 1012 668
183 981 636 1012 668
184 981 636 1012 668
185 981 636 1012 667
186 981 636 1012 667
187 981 636 1012 667
188 981 636 1012 667
189 981 636 1012 667
190 981 636 1012 667
191 981 636 1012 667
192 981 636 1012 667
193 981 636 1012 667
194 981 636 1012 667
195 981 636 1012 667
196 981 636 1012 667
197 981 636 1012 667
198 981 636 1012 667
199 981 636 1012 667
200 981 636 1012 667
201 981 636 1012 667
202 981 636 1012 667
203 981 636 1012 667
204 981 636 1012 667
205 981 636 1012 667
206 981 636 1012 667
207 981 636 1012 667
208 981 636 1012 667
209 981 636 1012 667
210 981 636 1012 668
211 981 636 1012 668
212 981 636 1012 668
213 981 636 1012 668
214 981 636 1012 668
215 981 636 1012 668
216 981 636 1012 668
217 981 636 1012 668
218 981 636 1012 668
219 981 636 1012 668
220 981 636 1012 668
221 981 636 1012 668
222 981 636 1012 668
223 981 636 1012 668
224 981 636 1012 668
225 981 636 1012 668
226 981 636 1012 668
227 981 636 1012 668
228 981 636 1012 668
229 969 636 1012 670
230 981 636 1012 668
231 981 636 1012 668
232 981 636 1012 668
233 981 636 1012 668
234 981 636 1012 668
235 981 636 1012 668
236 981 636 1012 668
