210 -1 -1 -1 -1
0 273 282 317 317
1 273 282 317 317
2 273 282 317 317
3 274 282 316 317
4 274 282 316 317
5 273 282 316 317
6 273 282 316 317
7 273 280 315 317
8 273 281 315 317
9 273 282 315 317
10 272 281 315 317
11 272 281 315 317
12 272 280 315 317
13 271 280 315 317
14 271 281 314 317
15 272 281 314 317
16 271 281 314 317
17 271 281 314 317
18 271 281 314 317
19 270 282 314 317
20 275 282 318 317
21 284 284 327 322
22 297 288 333 324
23 295 288 335 324
24 307 290 345 328
25 315 294 354 332
26 326 298 365 336
27 337 303 377 339
28 345 308 391 344
29 345 308 391 344
30 357 311 403 349
31 369 316 415 353
32 381 320 427 358
33 393 326 441 363
34 407 330 455 368
35 407 330 455 368
36 422 334 471 373
37 439 342 487 379
38 455 345 505 385
39 475 350 523 390
40 493 358 543 396
41 493 358 543 396
42 513 365 565 403
43 535 374 586 411
44 558 382 612 421
45 583 390 639 429
46 611 400 668 440
47 611 400 667 440
48 644 411 698 448
49 680 422 732 458
50 704 422 763 460
51 743 421 792 454
52 767 420 826 460
53 767 420 826 460
54 803 421 862 460
55 809 420 870 460
56 809 420 870 460
57 811 419 872 459
58 815 420 876 460
59 815 420 876 460
60 820 421 883 462
61 827 423 892 464
62 837 425 901 466
63 846 428 912 470
64 858 431 921 472
65 858 431 921 472
66 852 431 917 472
67 873 439 904 470
68 826 427 887 465
69 664 48 695 79
70 664 48 695 79
71 664 48 695 79
72 664 48 695 79
73 664 48 695 79
74 601 48 636 80
75 601 48 636 80
76 601 48 636 80
77 601 48 636 80
78 601 48 636 80
79 601 48 636 80
80 601 48 636 80
81 601 48 636 80
82 601 48 636 80
83 601 48 636 80
84 601 48 636 80
85 687 34 718 65
86 601 48 636 80
87 601 48 636 80
88 601 48 636 80
89 601 48 636 80
90 601 48 636 80
91 601 48 636 80
92 601 48 636 80
93 601 48 636 80
94 602 48 636 80
95 602 48 636 80
96 602 48 636 80
97 602 48 636 80
98 602 48 636 80
99 602 48 636 80
100 602 48 636 80
101 602 48 636 80
102 602 48 636 80
103 602 48 636 80
104 602 48 636 80
105 602 48 636 80
106 602 48 636 80
107 602 48 636 80
108 602 48 636 80
109 602 48 636 80
110 602 48 636 80
111 602 48 636 80
112 602 48 636 80
113 602 48 636 80
114 602 48 636 80
115 602 48 636 80
116 602 48 636 80
117 602 48 636 80
118 602 48 636 80
119 602 48 636 80
120 873 49 904 80
121 873 49 904 80
122 873 49 904 80
123 873 49 904 80
124 873 49 904 80
125 873 49 904 80
126 873 49 904 80
127 873 49 904 80
128 873 49 904 80
129 873 49 904 80
130 873 49 904 80
131 873 49 904 80
132 873 49 904 80
133 873 49 904 80
134 873 49 904 80
135 873 49 904 80
136 873 49 904 80
137 873 49 904 80
138 873 49 904 80
139 873 49 904 80
140 873 49 904 80
141 873 49 904 80
142 873 49 904 80
143 873 49 904 80
144 873 49 904 80
145 873 49 904 80
146 873 49 904 80
147 873 49 904 80
148 873 49 904 80
149 873 49 904 80
150 602 48 636 80
151 602 48 636 80
152 602 48 636 80
153 602 48 636 80
154 602 48 636 80
155 602 48 636 80
156 602 48 636 80
157 602 48 636 80
158 602 48 636 80
159 602 48 636 80
160 602 48 636 80
161 602 48 636 80
162 602 48 636 80
163 602 48 636 80
164 602 48 636 80
165 602 48 636 80
166 602 48 636 80
167 602 48 636 80
168 602 48 636 80
169 602 48 636 80
170 602 48 636 80
171 602 48 636 80
172 602 48 636 80
173 602 48 636 80
174 602 48 636 80
175 602 48 636 80
176 602 48 636 80
177 602 48 636 80
178 602 48 636 80
179 602 48 636 80
180 607 51 638 82
181 607 51 638 82
182 607 51 638 82
183 607 51 638 82
184 873 50 904 81
185 873 50 904 81
186 873 50 904 81
187 873 50 904 81
188 873 50 904 81
189 873 50 904 81
190 873 50 904 81
191 873 50 904 81
192 873 50 904 81
193 873 50 904 81
194 873 50 904 81
195 873 50 904 81
196 873 50 904 81
197 873 50 904 81
198 873 50 904 81
199 873 50 904 81
200 873 50 904 81
201 873 50 904 81
202 873 50 904 81
203 873 50 904 81
204 873 50 904 81
205 873 50 904 81
206 873 50 904 81
207 873 50 904 81
208 873 50 904 81
209 873 50 904 81
