295 -1 -1 -1 -1
0 328 621 438 678
1 328 621 438 678
2 328 621 438 678
3 328 621 438 678
4 328 621 438 678
5 328 621 438 678
6 328 621 438 678
7 328 621 438 678
8 327 621 438 678
9 327 621 438 678
10 327 621 438 678
11 327 621 438 678
12 327 621 438 678
13 327 621 438 678
14 327 621 438 678
15 327 621 438 678
16 327 621 438 678
17 327 621 438 678
18 327 621 438 678
19 327 621 438 678
20 327 621 438 678
21 327 621 438 678
22 327 621 438 678
23 327 621 438 678
24 327 621 438 678
25 327 621 438 678
26 327 621 438 678
27 327 621 438 678
28 327 621 438 678
29 327 621 438 678
30 327 621 457 678
31 327 621 457 678
32 327 621 457 678
33 327 621 457 678
34 327 621 457 678
35 327 621 457 678
36 327 621 457 678
37 327 621 457 678
38 327 621 457 678
39 327 621 457 678
40 327 621 457 678
41 327 621 457 678
42 327 621 457 678
43 327 621 457 678
44 327 621 457 678
45 327 621 457 678
46 327 621 457 678
47 327 621 457 678
48 327 621 457 678
49 327 621 457 678
50 327 621 457 678
51 182 371 287 440
52 182 371 286 438
53 182 371 286 438
54 182 371 286 438
55 181 371 286 438
56 181 370 287 438
57 182 370 287 438
58 182 370 287 438
59 180 370 287 438
60 182 370 287 438
61 181 370 287 438
62 181 369 286 437
63 181 369 286 437
64 179 369 287 439
65 179 369 287 439
66 179 369 287 439
67 178 369 286 439
68 178 369 286 439
69 179 368 286 439
70 179 368 286 439
71 179 368 286 439
72 179 368 286 439
73 179 368 286 439
74 179 368 286 440
75 179 368 286 440
76 179 368 286 440
77 178 368 286 440
78 178 368 286 440
79 178 368 287 443
80 178 368 285 439
81 178 367 286 442
82 178 367 286 442
83 178 367 286 442
84 178 367 286 442
85 195 367 282 436
86 301 352 383 420
87 391 352 431 408
88 499 356 531 398
89 537 351 580 398
90 537 351 580 398
91 574 348 633 402
92 602 349 681 412
93 650 349 739 419
94 697 349 787 419
95 755 360 793 402
96 755 360 793 402
97 801 350 873 412
98 837 350 926 414
99 883 350 967 415
100 930 350 1010 414
101 975 351 1054 413
102 975 351 1054 416
103 1021 351 1103 414
104 1066 352 1157 415
105 1110 351 1204 416
106 1156 351 1252 415
107 1201 352 1295 416
108 1201 352 1295 416
109 1247 356 1295 417
110 272 400 303 441
111 829 236 860 277
112 829 236 860 277
113 829 236 860 277
114 829 236 860 277
115 267 399 298 440
116 265 399 296 440
117 264 399 295 440
118 817 621 908 676
119 817 621 908 676
120 817 621 908 676
121 817 621 908 676
122 817 621 908 676
123 817 621 908 676
124 328 621 492 678
125 328 621 492 678
126 328 621 492 678
127 328 621 493 678
128 328 621 493 678
129 328 621 493 678
130 328 621 493 678
131 328 621 493 678
132 328 621 493 678
133 328 621 493 678
134 328 621 493 678
135 328 621 493 678
136 328 621 493 678
137 328 621 493 678
138 328 621 493 678
139 328 621 493 678
140 328 621 493 678
141 328 621 493 678
142 328 621 493 678
143 328 621 493 678
144 328 621 493 678
145 328 621 493 678
146 328 621 493 678
147 328 621 493 678
148 328 621 493 678
149 328 621 493 678
150 327 621 493 678
151 327 621 493 678
152 327 621 493 678
153 327 621 493 678
154 327 621 493 678
155 327 621 493 678
156 327 621 493 678
157 327 621 493 678
158 327 621 493 678
159 327 621 493 678
160 327 621 493 678
161 327 621 493 678
162 327 621 493 678
163 327 621 493 678
164 327 621 494 678
165 327 621 494 678
166 327 621 494 678
167 327 621 494 678
168 327 621 494 678
169 327 621 494 678
170 327 621 494 678
171 327 621 494 678
172 327 621 494 678
173 327 621 494 678
174 327 621 494 678
175 327 621 494 678
176 327 621 494 678
177 327 621 494 678
178 327 621 494 678
179 327 621 494 678
180 328 621 494 678
181 328 621 494 678
182 328 621 494 678
183 328 621 494 678
184 328 621 494 678
185 328 621 494 678
186 328 621 494 678
187 328 621 494 678
188 328 621 494 678
189 328 621 494 678
190 328 621 494 678
191 328 621 494 678
192 328 621 494 678
193 328 621 494 678
194 328 621 494 678
195 328 621 494 678
196 328 621 494 678
197 328 621 494 678
198 328 621 494 678
199 328 621 494 678
200 328 621 494 678
201 328 621 494 678
202 328 621 494 678
203 328 621 494 678
204 328 621 494 678
205 328 621 494 678
206 328 621 494 678
207 328 621 494 678
208 328 621 494 678
209 328 621 494 678
210 327 621 437 678
211 327 621 437 678
212 327 621 437 678
213 327 621 437 678
214 327 621 437 678
215 327 621 437 678
216 327 621 437 678
217 327 621 437 678
218 327 621 437 678
219 327 621 437 678
220 327 621 437 678
221 327 621 437 678
222 327 621 437 678
223 327 621 437 678
224 327 621 437 678
225 327 621 437 678
226 327 621 437 678
227 327 621 437 678
228 327 621 437 678
229 327 621 437 678
230 327 621 437 678
231 327 621 437 678
232 327 621 437 678
233 327 621 437 678
234 327 621 437 678
235 327 621 437 678
236 327 621 437 678
237 327 621 437 678
238 327 621 437 678
239 327 621 437 678
240 327 621 493 678
241 327 621 493 678
242 327 621 493 678
243 327 621 493 678
244 327 621 493 678
245 327 621 493 678
246 327 621 493 678
247 327 621 493 678
248 327 621 493 678
249 327 621 493 678
250 327 621 493 678
251 327 621 493 678
252 327 621 493 678
253 327 621 493 678
254 327 621 493 678
255 327 621 493 678
256 327 621 493 678
257 327 621 493 678
258 327 621 493 678
259 327 621 493 678
260 327 621 493 678
261 327 621 493 678
262 327 621 493 678
263 327 621 493 678
264 327 621 493 678
265 327 621 493 678
266 327 621 493 678
267 327 621 493 678
268 327 621 493 678
269 327 621 493 678
270 350 621 494 678
271 350 621 494 678
272 350 621 494 678
273 350 621 494 678
274 350 621 494 678
275 350 621 494 678
276 350 621 494 678
277 350 621 494 678
278 350 621 494 678
279 350 621 494 678
280 327 621 483 678
281 327 621 483 678
282 327 621 483 678
283 327 621 483 678
284 327 621 483 678
285 327 621 483 678
286 327 621 483 678
287 327 621 483 678
288 327 621 483 678
289 327 621 483 678
290 327 621 483 678
291 327 621 483 678
292 327 621 483 678
293 327 621 483 678
294 327 621 483 678
