162 -1 -1 -1 -1
0 413 248 445 280
1 413 248 445 280
2 413 248 445 280
3 413 248 445 280
4 412 248 445 280
5 412 248 447 280
6 412 248 447 280
7 412 248 447 280
8 412 248 447 280
9 412 248 447 280
10 412 248 447 280
11 412 248 447 280
12 412 248 447 280
13 412 248 447 280
14 412 248 447 280
15 413 248 447 280
16 413 248 447 280
17 413 248 447 280
18 413 248 447 280
19 413 248 447 280
20 413 248 447 280
21 413 248 447 280
22 654 284 695 318
23 654 284 695 318
24 654 284 695 318
25 654 284 695 318
26 654 284 695 318
27 654 284 695 318
28 654 284 695 318
29 654 284 695 318
30 654 284 695 318
31 654 284 695 318
32 654 284 695 318
33 654 284 695 318
34 654 284 695 318
35 654 284 695 318
36 654 284 695 318
37 654 284 695 318
38 654 284 695 318
39 654 284 695 318
40 654 284 695 318
41 654 284 695 318
42 654 284 695 318
43 654 284 695 318
44 654 284 695 318
45 654 284 695 318
46 654 284 695 318
47 654 284 695 318
48 654 284 695 318
49 654 284 695 318
50 654 284 695 318
51 654 284 695 318
52 654 284 695 318
53 654 284 695 318
54 654 284 695 318
55 654 284 695 318
56 654 284 695 318
57 643 286 687 324
58 643 290 697 330
59 636 294 711 339
60 634 299 711 348
61 639 301 712 344
62 639 301 712 344
63 640 301 716 346
64 641 302 717 348
65 642 303 718 350
66 644 304 722 352
67 645 305 724 353
68 645 305 724 353
69 647 306 726 354
70 648 307 729 356
71 699 317 731 348
72 652 309 732 358
73 654 310 734 358
74 654 310 734 358
75 655 311 736 359
76 657 311 738 359
77 659 312 739 360
78 661 313 741 361
79 662 314 742 362
80 662 314 742 362
81 664 315 745 363
82 666 315 747 363
83 667 316 749 364
84 669 317 751 365
85 671 318 753 366
86 671 318 753 366
87 672 319 755 367
88 674 319 757 367
89 676 320 759 367
90 678 320 760 368
91 731 330 762 361
92 679 321 758 369
93 681 321 763 368
94 683 321 765 368
95 684 321 767 370
96 686 321 768 370
97 687 321 770 370
98 687 321 770 370
99 689 321 772 369
100 690 320 774 369
101 692 320 776 369
102 693 319 778 369
103 695 319 780 368
104 695 319 780 368
105 696 318 781 368
106 698 318 783 368
107 700 317 785 366
108 702 317 787 366
109 704 317 789 365
110 704 317 789 365
111 705 316 790 364
112 706 316 792 365
113 707 316 793 366
114 708 315 795 366
115 712 315 793 362
116 712 315 793 362
117 713 315 794 362
118 714 314 796 362
119 716 314 797 362
120 717 315 798 362
121 718 314 800 362
122 718 314 800 362
123 719 314 801 363
124 720 314 802 362
125 721 314 803 362
126 723 314 804 362
127 724 314 806 362
128 724 314 806 362
129 725 314 806 363
130 726 314 807 362
131 817 621 924 668
132 817 621 924 668
133 817 621 924 668
134 817 621 924 668
135 818 621 924 668
136 818 621 924 668
137 818 621 924 668
138 818 621 924 668
139 818 621 924 668
140 818 621 924 668
141 818 621 924 668
142 818 621 924 668
143 818 621 924 668
144 818 621 924 668
145 818 621 924 668
146 818 621 924 668
147 818 621 924 668
148 818 621 924 668
149 818 621 924 668
150 950 636 981 668
151 950 636 981 668
152 950 636 981 668
153 950 636 981 668
154 950 636 981 668
155 950 636 981 668
156 950 636 981 668
157 950 636 981 668
158 950 636 981 668
159 950 636 981 668
160 950 636 981 668
161 950 636 981 668
