102 -1 -1 -1 -1
0 977 542 1050 594
1 978 542 1050 594
2 980 542 1053 594
3 983 543 1055 596
4 985 544 1058 597
5 985 544 1058 597
6 989 542 1052 596
7 948 526 1012 579
8 913 513 975 567
9 913 513 975 567
10 880 504 940 557
11 880 504 940 557
12 848 501 908 553
13 820 489 880 542
14 793 480 851 533
15 766 475 826 527
16 743 468 802 521
17 743 468 802 521
18 721 460 780 512
19 721 460 780 512
20 699 457 760 508
21 682 449 741 502
22 665 446 724 498
23 665 446 724 498
24 649 440 708 492
25 634 437 694 489
26 622 432 680 484
27 610 430 668 482
28 599 426 657 478
29 599 426 657 478
30 599 426 657 478
31 588 423 646 475
32 579 419 637 471
33 570 417 628 468
34 561 413 619 464
35 561 413 619 464
36 555 411 612 462
37 556 410 612 461
38 561 413 618 464
39 565 415 624 467
40 565 415 624 467
41 565 415 624 467
42 571 418 631 469
43 578 419 638 471
44 585 423 646 475
45 592 425 653 477
46 600 428 661 481
47 600 428 661 481
48 607 431 669 483
49 615 434 677 487
50 615 434 677 487
51 624 436 685 489
52 632 440 694 493
53 632 440 694 493
54 640 443 702 496
55 648 447 710 500
56 655 449 718 502
57 663 453 726 506
58 663 453 726 506
59 663 453 726 506
60 670 455 733 508
61 678 458 740 512
62 684 460 747 513
63 691 463 754 517
64 698 465 761 519
65 698 465 761 519
66 705 468 768 522
67 705 468 768 522
68 712 470 776 524
69 718 473 782 527
70 724 475 789 529
71 724 475 789 529
72 724 475 789 529
73 730 478 796 533
74 736 480 802 534
75 736 480 802 534
76 742 483 808 537
77 742 483 808 537
78 747 484 814 539
79 747 484 814 539
80 752 487 819 542
81 756 489 824 543
82 756 489 824 544
83 756 489 824 544
84 759 491 828 547
85 759 491 828 547
86 762 493 832 548
87 764 495 834 550
88 764 495 834 550
89 764 495 834 550
90 766 495 834 551
91 766 495 834 551
92 766 497 834 552
93 766 497 834 552
94 764 497 834 552
95 764 497 834 552
96 764 498 833 553
97 764 498 833 553
98 763 497 832 553
99 762 497 832 553
100 762 499 831 554
101 762 499 831 554
