171 -1 -1 -1 -1
0 488 354 523 396
1 488 355 535 398
2 484 354 531 401
3 479 358 517 404
4 479 358 517 404
5 474 361 521 408
6 468 365 517 412
7 464 369 513 416
8 460 370 511 417
9 455 373 506 421
10 455 373 506 421
11 448 377 501 425
12 442 380 496 429
13 438 384 491 434
14 432 388 485 437
15 426 392 480 441
16 426 392 480 441
17 420 396 474 445
18 413 400 468 449
19 407 404 462 453
20 400 408 456 458
21 397 410 454 461
22 397 410 454 461
23 390 415 447 465
24 383 419 440 470
25 375 423 432 474
26 366 428 425 480
27 358 433 417 484
28 358 433 417 484
29 350 439 409 489
30 340 444 401 496
31 331 450 392 502
32 321 456 382 507
33 317 458 377 509
34 317 458 377 509
35 306 465 367 515
36 310 471 371 521
37 332 476 391 526
38 341 479 401 530
39 359 485 418 536
40 359 485 418 536
41 375 491 434 542
42 391 497 450 548
43 408 504 466 553
44 417 507 475 556
45 432 514 493 562
46 432 514 493 562
47 453 521 512 570
48 472 529 531 578
49 482 534 541 583
50 503 542 562 591
51 525 551 584 599
52 525 551 584 599
53 509 544 568 590
54 502 540 560 587
55 488 534 546 580
56 476 528 533 575
57 464 523 520 569
58 464 523 520 569
59 453 518 510 565
60 445 517 505 564
61 440 513 497 560
62 431 510 488 556
63 423 506 481 554
64 423 506 481 554
65 416 503 474 551
66 414 501 470 548
67 407 499 463 546
68 399 497 458 545
69 392 495 451 542
70 392 495 451 542
71 387 493 445 540
72 384 493 442 540
73 378 491 437 538
74 374 490 431 537
75 369 489 426 536
76 369 489 426 536
77 364 487 421 534
78 361 487 418 534
79 356 485 415 536
80 350 485 409 535
81 344 486 403 535
82 344 486 403 535
83 339 486 397 535
84 334 486 392 536
85 329 486 387 536
86 327 487 384 537
87 321 487 379 537
88 321 487 379 537
89 316 487 374 537
90 312 487 368 536
91 306 487 363 536
92 300 487 357 535
93 295 487 352 536
94 295 487 352 536
95 291 487 347 536
96 284 487 342 536
97 281 487 338 536
98 280 486 338 537
99 278 486 336 537
100 278 486 336 537
101 276 486 334 537
102 274 486 332 537
103 272 485 330 537
104 271 485 328 536
105 269 485 326 535
106 269 485 326 535
107 267 485 324 535
108 264 485 322 535
109 261 484 319 534
110 259 485 316 534
111 257 484 314 536
112 257 484 314 536
113 256 484 311 536
114 253 485 309 536
115 251 485 306 536
116 247 485 304 536
117 245 485 301 535
118 245 485 301 535
119 243 485 298 535
120 242 485 297 537
121 239 484 295 537
122 237 485 292 537
123 236 486 296 537
124 236 486 295 536
125 238 487 298 538
126 242 490 302 542
127 247 492 305 544
128 248 493 306 544
129 251 496 310 548
130 251 496 310 548
131 252 499 313 551
132 254 501 314 553
133 259 505 317 556
134 260 509 320 560
135 264 510 321 561
136 264 510 321 561
137 265 515 324 566
138 266 518 326 571
139 270 524 329 575
140 270 526 331 580
141 271 530 331 581
142 271 530 331 581
143 273 537 333 588
144 272 540 334 592
145 275 544 335 596
146 275 552 336 604
147 276 556 337 608
148 276 556 337 608
149 277 561 336 611
150 278 564 337 615
151 277 568 338 619
152 279 576 339 627
153 279 579 341 632
154 279 579 341 632
155 281 583 341 634
156 281 586 341 636
157 281 590 342 641
158 281 592 342 643
159 281 596 342 647
160 281 596 342 647
161 281 599 342 650
162 282 603 344 656
163 283 610 345 663
164 284 613 345 663
165 284 617 347 670
166 284 617 347 670
167 286 620 349 674
168 287 625 350 676
169 289 628 352 680
170 291 633 354 685
