155 -1 -1 -1 -1
0 782 580 859 640
1 782 580 858 639
2 784 580 858 636
3 782 580 858 639
4 782 580 858 639
5 782 580 858 639
6 781 580 858 640
7 781 580 858 639
8 780 580 858 641
9 780 580 858 641
10 780 580 858 641
11 780 580 858 641
12 780 580 858 641
13 780 580 858 641
14 780 580 858 641
15 780 580 858 641
16 780 580 857 640
17 780 580 857 640
18 780 580 857 640
19 780 580 857 640
20 780 580 857 640
21 780 580 857 640
22 780 580 857 640
23 780 580 857 640
24 780 580 857 640
25 780 580 857 640
26 780 580 857 640
27 780 580 857 640
28 779 580 857 642
29 779 580 857 642
30 780 580 857 640
31 780 580 857 640
32 780 580 857 640
33 780 580 857 640
34 780 580 857 640
35 780 580 857 640
36 780 580 857 640
37 768 570 808 616
38 693 541 735 590
39 601 533 659 578
40 541 533 601 578
41 541 533 601 578
42 493 533 543 586
43 433 534 479 578
44 376 535 432 584
45 315 537 380 588
46 265 539 329 588
47 265 539 329 588
48 216 542 280 590
49 167 545 230 594
50 122 548 185 596
51 76 551 141 600
52 33 555 97 604
53 33 555 97 604
54 509 299 553 346
55 506 304 548 350
56 504 308 547 355
57 503 312 546 359
58 503 317 546 364
59 503 317 546 364
60 504 322 548 368
61 506 326 550 373
62 509 331 552 378
63 512 335 556 383
64 515 340 559 388
65 515 340 559 388
66 518 345 562 392
67 521 350 566 397
68 524 355 569 402
69 527 360 572 407
70 531 365 574 411
71 531 365 574 411
72 534 370 579 416
73 537 374 582 422
74 541 379 585 426
75 544 384 588 432
76 547 389 592 437
77 547 389 592 437
78 551 395 595 442
79 554 399 599 447
80 558 405 602 452
81 561 410 606 457
82 564 415 609 462
83 564 415 609 462
84 568 421 613 467
85 571 426 616 472
86 574 431 619 478
87 578 436 622 483
88 581 442 626 488
89 581 442 626 488
90 585 447 630 493
91 588 452 633 499
92 592 457 636 504
93 595 462 639 509
94 597 462 641 509
95 597 462 641 509
96 600 463 644 510
97 601 464 646 510
98 601 464 646 510
99 601 464 646 510
100 602 465 646 511
101 602 465 646 511
102 602 465 647 511
103 602 465 647 512
104 602 466 646 512
105 602 466 646 513
106 602 466 647 513
107 602 466 647 513
108 602 467 647 513
109 602 467 647 513
110 602 467 646 513
111 602 467 646 513
112 602 467 647 514
113 602 467 647 514
114 602 468 647 514
115 602 468 648 514
116 602 468 648 514
117 602 468 648 514
118 602 468 648 514
119 602 468 648 514
120 602 469 648 515
121 602 469 648 515
122 602 469 648 515
123 602 469 647 515
124 602 469 647 515
125 602 469 647 515
126 602 469 647 515
127 602 469 646 515
128 602 469 646 515
129 602 469 646 515
130 602 469 646 515
131 602 469 646 515
132 602 469 646 515
133 602 469 646 515
134 602 469 646 515
135 602 469 646 515
136 602 469 646 515
137 602 469 646 515
138 602 469 646 515
139 602 469 646 515
140 602 469 646 515
141 602 469 646 515
142 602 469 646 515
143 602 469 646 515
144 602 469 646 515
145 602 469 646 515
146 602 469 646 515
147 602 469 646 515
148 602 469 646 515
149 602 469 646 515
150 602 469 644 515
151 602 469 644 515
152 602 469 644 515
153 602 469 644 515
154 602 469 644 515
