216 -1 -1 -1 -1
0 661 365 713 427
1 661 365 713 427
2 661 365 713 427
3 661 365 713 427
4 661 365 713 427
5 661 365 713 427
6 661 365 713 427
7 661 365 713 427
8 661 365 713 427
9 661 365 713 427
10 661 365 713 427
11 661 365 713 427
12 661 365 713 427
13 661 365 713 427
14 661 365 713 427
15 661 365 713 427
16 661 365 713 427
17 661 365 713 428
18 661 365 713 428
19 661 365 713 428
20 661 365 713 428
21 661 365 713 428
22 661 365 713 428
23 661 365 713 428
24 661 367 713 428
25 664 377 715 430
26 669 392 726 440
27 669 392 726 440
28 676 394 735 449
29 685 404 744 459
30 694 414 755 469
31 703 426 766 483
32 714 438 778 495
33 714 438 778 495
34 726 452 792 509
35 739 467 806 524
36 754 484 822 541
37 770 503 840 560
38 789 524 860 581
39 789 524 860 581
40 809 545 882 602
41 828 547 904 624
42 814 548 888 605
43 797 547 872 606
44 782 547 857 606
45 782 547 857 606
46 768 546 843 604
47 753 545 829 603
48 740 543 815 601
49 728 541 802 599
50 716 539 790 596
51 716 539 790 596
52 704 536 778 594
53 694 533 768 590
54 683 531 757 587
55 673 528 747 585
56 663 525 737 581
57 663 525 737 581
58 653 522 727 579
59 644 519 717 577
60 634 516 707 575
61 626 514 698 572
62 616 512 689 570
63 616 512 689 570
64 607 509 681 568
65 598 507 673 566
66 590 505 664 563
67 582 502 656 561
68 574 500 648 558
69 574 500 648 558
70 567 498 640 554
71 813 427 859 475
72 808 422 854 471
73 804 418 849 467
74 799 414 845 463
75 799 414 845 463
76 795 410 840 459
77 790 406 836 455
78 786 402 832 450
79 781 398 827 446
80 777 394 823 443
81 777 394 823 443
82 773 390 819 439
83 769 386 814 434
84 765 382 810 431
85 761 378 806 427
86 757 375 802 423
87 757 375 802 423
88 753 371 798 420
89 749 367 794 416
90 745 364 790 412
91 741 360 786 409
92 737 357 782 405
93 737 357 782 405
94 733 353 779 401
95 730 350 775 398
96 726 346 771 395
97 723 343 768 392
98 719 339 764 388
99 719 339 764 388
100 715 336 761 385
101 712 333 757 382
102 709 330 754 378
103 705 326 750 375
104 702 323 747 372
105 702 323 747 372
106 699 320 743 368
107 695 317 740 365
108 692 314 737 362
109 689 311 733 359
110 685 308 730 356
111 685 308 730 356
112 682 305 727 353
113 679 302 724 350
114 676 298 721 347
115 673 296 717 344
116 670 293 714 341
117 670 293 714 341
118 667 290 711 339
119 664 288 708 336
120 661 285 706 333
121 659 282 703 330
122 655 280 700 327
123 655 280 700 327
124 653 276 697 325
125 650 274 694 322
126 647 272 691 320
127 644 269 689 317
128 641 266 686 314
129 641 266 686 314
130 639 264 683 312
131 636 261 680 309
132 634 258 677 307
133 631 256 675 304
134 628 254 672 302
135 628 254 672 302
136 626 251 670 299
137 623 250 667 297
138 621 246 665 295
139 618 244 663 293
140 616 242 660 290
141 616 242 660 290
142 613 240 657 288
143 611 238 655 286
144 609 235 653 283
145 607 233 650 281
146 604 230 648 279
147 604 230 648 279
148 602 228 646 277
149 600 226 643 275
150 597 224 641 272
151 595 222 639 270
152 593 220 637 268
153 593 220 637 268
154 591 218 635 266
155 589 216 633 264
156 587 214 631 262
157 585 212 628 260
158 583 210 626 258
159 583 210 626 258
160 581 208 624 256
161 579 206 622 254
162 577 204 620 253
163 575 202 618 251
164 573 202 616 249
165 573 202 616 249
166 571 200 614 247
167 569 198 612 245
168 567 196 610 243
169 565 194 608 242
170 563 192 607 240
171 563 192 607 240
172 561 190 605 238
173 559 188 603 236
174 557 187 601 235
175 556 185 599 233
176 554 183 597 232
177 554 183 597 232
178 552 182 596 230
179 550 180 594 228
180 549 179 592 227
181 547 178 591 225
182 545 176 589 224
183 545 176 589 224
184 544 174 587 222
185 542 172 586 221
186 541 171 584 219
187 539 170 582 217
188 537 168 581 216
189 537 168 581 216
190 536 166 579 215
191 535 165 577 213
192 533 164 576 212
193 531 162 575 211
194 530 161 573 209
195 530 161 573 209
196 528 159 572 208
197 527 158 570 207
198 525 157 569 205
199 524 155 567 204
200 523 154 566 203
201 523 154 566 203
202 521 153 564 201
203 520 152 563 200
204 519 150 562 199
205 517 150 560 198
206 516 148 559 197
207 516 148 559 197
208 515 147 558 195
209 513 146 556 194
210 512 145 555 193
211 511 144 554 192
212 509 142 553 191
213 509 142 553 191
214 509 142 551 190
215 507 140 550 189
