178 -1 -1 -1 -1
0 678 300 732 340
1 678 300 732 340
2 678 300 732 340
3 678 300 732 340
4 678 300 732 340
5 678 300 732 340
6 678 300 732 340
7 678 300 732 340
8 678 300 732 340
9 1048 280 1079 311
10 1048 280 1079 311
11 678 300 732 340
12 678 299 731 339
13 678 300 732 340
14 678 307 733 347
15 678 314 734 354
16 678 314 734 354
17 1047 280 1084 311
18 1047 280 1084 311
19 1047 280 1079 311
20 1047 280 1079 311
21 679 352 740 395
22 679 352 740 395
23 680 360 741 403
24 680 369 742 413
25 680 378 744 423
26 681 387 745 432
27 681 398 746 443
28 681 398 746 443
29 682 409 748 456
30 682 421 750 467
31 683 434 752 481
32 684 447 754 495
33 685 461 756 510
34 685 461 756 510
35 727 495 758 526
36 729 511 760 542
37 692 497 766 546
38 698 498 773 546
39 704 499 779 547
40 704 499 779 547
41 710 501 786 549
42 716 503 792 553
43 722 507 798 556
44 727 510 804 560
45 734 515 811 564
46 734 515 811 564
47 740 519 817 569
48 746 525 823 575
49 751 531 830 580
50 758 536 836 586
51 764 542 843 592
52 764 542 843 592
53 770 549 850 598
54 776 555 857 605
55 783 561 864 611
56 790 568 872 618
57 796 575 880 626
58 796 575 880 626
59 804 582 888 632
60 812 589 896 640
61 820 596 904 647
62 820 598 905 648
63 810 592 894 642
64 810 592 894 642
65 801 587 884 637
66 793 582 876 633
67 784 578 868 628
68 323 557 371 596
69 323 553 371 592
70 323 553 371 592
71 323 550 370 589
72 323 546 370 585
73 323 542 370 582
74 323 538 370 578
75 323 534 370 575
76 323 534 370 575
77 323 531 370 570
78 322 528 370 567
79 322 524 370 563
80 322 520 370 560
81 322 517 370 557
82 322 517 370 557
83 322 514 369 553
84 322 510 369 550
85 322 507 369 547
86 322 504 369 544
87 322 501 369 541
88 322 501 369 541
89 322 498 369 537
90 321 494 369 534
91 321 492 369 531
92 321 488 369 528
93 322 486 368 525
94 322 486 368 525
95 322 482 369 522
96 322 480 368 519
97 322 476 368 516
98 322 473 368 513
99 321 470 368 510
100 321 470 368 510
101 321 468 368 507
102 321 465 368 505
103 321 462 368 502
104 321 460 368 499
105 321 457 368 496
106 321 457 368 496
107 321 454 368 493
108 321 452 368 491
109 321 449 368 488
110 321 446 368 485
111 321 444 368 483
112 321 444 368 483
113 321 441 368 480
114 321 438 368 478
115 321 436 367 475
116 321 434 367 473
117 320 431 368 471
118 320 431 368 471
119 320 428 368 469
120 459 150 491 181
121 459 150 491 181
122 459 150 491 181
123 459 150 491 181
124 459 150 491 181
125 459 150 491 181
126 459 150 491 181
127 459 150 491 181
128 459 150 491 181
129 459 150 491 181
130 459 150 491 181
131 459 150 491 181
132 459 150 491 181
133 459 150 491 182
134 459 150 491 182
135 459 150 491 182
136 459 150 491 182
137 459 150 491 182
138 459 151 490 182
139 459 151 490 182
140 459 151 490 182
141 459 151 491 182
142 459 151 491 182
143 459 151 491 182
144 459 151 491 182
145 459 151 491 182
146 457 151 491 182
147 319 380 365 421
148 319 380 365 421
149 319 379 365 419
150 318 378 365 417
151 318 376 365 416
152 318 374 365 414
153 460 152 491 183
154 460 152 491 183
155 459 152 491 183
156 459 152 491 183
157 459 152 491 183
158 460 152 491 183
159 457 152 491 184
160 457 152 491 184
161 459 152 491 184
162 457 151 491 182
163 460 152 491 184
164 457 152 491 184
165 460 153 491 184
166 460 153 491 184
167 460 153 491 184
168 460 153 491 184
169 460 152 491 184
170 460 152 491 184
171 460 152 491 184
172 460 152 491 184
173 460 152 491 184
174 460 152 491 184
175 460 153 491 184
176 460 153 491 184
177 460 153 491 184
