190 -1 -1 -1 -1
0 878 207 914 238
1 878 207 912 238
2 866 207 912 239
3 866 207 912 239
4 866 207 912 239
5 866 207 912 239
6 866 207 912 239
7 866 207 912 239
8 866 207 913 239
9 866 207 913 239
10 884 206 915 237
11 866 206 915 239
12 866 206 915 239
13 866 206 915 239
14 866 206 915 239
15 866 206 915 239
16 866 206 915 239
17 1252 445 1295 476
18 1252 445 1295 476
19 1252 445 1295 476
20 1248 445 1279 476
21 1248 445 1280 476
22 1240 445 1280 476
23 1239 445 1295 476
24 1238 445 1295 476
25 1230 445 1295 476
26 1246 444 1295 475
27 1246 444 1295 475
28 1247 444 1295 475
29 1232 444 1295 475
30 1191 443 1295 475
31 1233 443 1275 474
32 1217 443 1295 474
33 1216 443 1295 474
34 1083 426 1139 467
35 1231 441 1295 472
36 1233 441 1295 472
37 1249 441 1295 472
38 1084 425 1139 465
39 1084 425 1139 465
40 1084 424 1139 465
41 1246 441 1277 472
42 1246 441 1277 472
43 1238 441 1295 472
44 1231 441 1262 472
45 1231 441 1262 472
46 1241 441 1273 472
47 1251 441 1295 472
48 1257 441 1295 472
49 1084 422 1138 463
50 1084 422 1139 463
51 1084 422 1139 463
52 1084 422 1138 463
53 1083 422 1139 463
54 1083 422 1139 463
55 1085 422 1138 462
56 1085 422 1138 462
57 1084 422 1138 462
58 1084 422 1138 462
59 1084 422 1140 462
60 1084 421 1138 462
61 1084 421 1138 462
62 1084 421 1138 462
63 1084 421 1138 462
64 1084 421 1131 461
65 1135 432 1295 464
66 1135 432 1295 464
67 1135 432 1295 464
68 1229 430 1276 461
69 1229 430 1276 461
70 1229 430 1276 461
71 1242 430 1295 461
72 1211 429 1295 461
73 1203 429 1295 462
74 1199 429 1295 462
75 1199 429 1295 462
76 1197 429 1295 462
77 1219 430 1295 462
78 1244 431 1295 462
79 1252 431 1295 462
80 1220 429 1295 461
81 1220 429 1295 461
82 1240 428 1295 459
83 1229 424 1263 455
84 775 404 829 444
85 781 403 836 443
86 785 401 840 442
87 785 401 840 441
88 790 400 844 441
89 793 399 848 440
90 796 399 852 439
91 799 398 854 439
92 802 398 858 438
93 802 398 858 438
94 804 398 860 439
95 807 398 864 439
96 809 399 864 440
97 953 640 985 671
98 953 640 985 671
99 953 640 985 671
100 953 640 985 671
101 953 640 985 671
102 953 640 985 671
103 953 640 985 671
104 953 640 985 671
105 953 640 985 671
106 953 640 985 671
107 953 640 985 671
108 953 640 985 671
109 953 640 985 671
110 953 640 985 671
111 953 640 985 671
112 953 640 985 671
113 953 640 985 671
114 953 640 985 671
115 953 640 985 671
116 953 640 985 671
117 953 640 985 671
118 953 640 985 671
119 953 640 985 671
120 973 640 1004 671
121 973 640 1004 671
122 973 640 1004 671
123 973 640 1004 671
124 973 640 1004 671
125 973 640 1004 671
126 973 640 1004 671
127 973 640 1004 671
128 973 640 1004 671
129 973 640 1004 671
130 973 640 1004 671
131 973 640 1004 671
132 973 640 1004 671
133 973 640 1004 671
134 973 640 1004 671
135 973 640 1004 671
136 973 640 1004 671
137 973 640 1004 671
138 973 640 1004 671
139 973 640 1004 671
140 973 640 1004 671
141 973 640 1004 671
142 973 640 1004 671
143 973 640 1004 671
144 973 640 1004 671
145 973 640 1004 671
146 973 640 1004 671
147 973 640 1004 671
148 973 640 1004 671
149 973 640 1004 671
150 951 638 1011 671
151 951 638 1011 671
152 951 638 1011 671
153 951 638 1011 671
154 951 638 1011 671
155 951 638 1011 671
156 951 638 1011 671
157 951 638 1011 671
158 951 638 1011 671
159 951 638 1011 671
160 951 638 1011 671
161 951 638 1011 671
162 951 638 1011 671
163 951 638 1011 671
164 951 638 1011 671
165 951 638 1011 671
166 951 638 1011 671
167 951 638 1011 671
168 951 638 1011 671
169 951 638 1011 671
170 951 638 1011 671
171 951 638 1011 671
172 951 638 1011 671
173 951 638 1011 671
174 951 638 1011 671
175 951 638 1011 671
176 951 638 1011 671
177 951 638 1011 671
178 951 638 1011 671
179 951 638 1011 671
180 961 636 992 667
181 961 636 992 667
182 961 636 992 667
183 961 636 992 667
184 961 636 992 667
185 961 636 992 667
186 961 636 992 667
187 961 636 992 667
188 961 636 992 667
189 961 636 992 667
