271 -1 -1 -1 -1
0 920 328 965 373
1 921 328 964 372
2 921 327 965 372
3 920 327 965 373
4 921 327 965 372
5 922 327 965 372
6 922 327 965 372
7 921 326 965 371
8 922 326 966 371
9 922 326 966 371
10 922 326 966 371
11 922 326 966 370
12 922 326 966 370
13 924 325 967 370
14 924 325 967 370
15 924 325 967 370
16 923 325 967 370
17 924 325 968 370
18 924 325 968 370
19 923 325 967 369
20 924 325 968 369
21 924 325 968 369
22 924 324 968 369
23 924 324 968 369
24 924 324 968 369
25 924 324 969 369
26 924 324 969 369
27 925 324 969 369
28 925 323 969 369
29 925 323 970 369
30 925 323 970 369
31 925 323 970 368
32 926 323 970 368
33 926 323 970 368
34 926 323 970 368
35 926 323 970 368
36 926 323 970 368
37 926 322 971 368
38 926 322 971 367
39 926 322 971 367
40 927 322 971 367
41 927 322 971 367
42 927 322 971 367
43 927 322 972 367
44 927 322 971 367
45 927 321 971 367
46 928 321 972 367
47 928 321 972 367
48 928 321 972 367
49 928 321 972 367
50 924 322 967 368
51 917 325 963 371
52 915 328 952 370
53 904 333 937 377
54 904 333 937 377
55 898 335 931 380
56 891 336 938 383
57 884 338 932 385
58 877 341 925 387
59 883 344 919 389
60 879 344 918 389
61 873 346 911 391
62 858 349 905 394
63 851 351 900 398
64 845 353 894 399
65 839 356 888 401
66 839 356 888 401
67 832 359 881 406
68 825 361 875 408
69 817 364 868 410
70 810 367 861 414
71 802 370 854 417
72 802 370 854 417
73 794 373 846 421
74 786 377 838 423
75 777 380 830 426
76 772 384 820 428
77 761 388 811 432
78 761 388 811 432
79 751 392 801 438
80 740 396 792 444
81 729 401 782 449
82 718 406 772 454
83 706 412 761 459
84 706 412 761 459
85 694 417 749 465
86 682 423 737 471
87 669 429 724 477
88 656 435 710 484
89 651 440 707 489
90 652 440 704 487
91 662 442 720 491
92 674 444 733 494
93 685 446 745 496
94 694 449 754 499
95 705 453 763 502
96 705 453 763 502
97 820 444 868 494
98 828 446 876 497
99 836 450 885 501
100 845 454 894 504
101 853 457 902 507
102 853 457 902 507
103 862 460 911 511
104 871 464 920 514
105 879 468 928 517
106 888 470 937 521
107 896 474 945 524
108 896 474 945 524
109 905 477 954 527
110 913 481 963 531
111 922 484 971 534
112 931 487 980 537
113 939 491 988 541
114 939 491 988 541
115 948 494 997 544
116 957 498 1006 548
117 964 500 1012 551
118 958 503 1007 553
119 954 505 1002 556
120 954 505 1002 556
121 951 507 999 558
122 947 510 995 560
123 943 512 991 562
124 939 514 987 565
125 935 516 984 567
126 935 516 984 567
127 932 519 980 569
128 928 521 976 571
129 924 523 972 574
130 920 526 969 576
131 917 528 965 578
132 917 528 965 578
133 913 530 962 580
134 910 532 958 582
135 906 534 955 584
136 903 536 951 586
137 899 538 948 589
138 899 538 948 589
139 896 540 944 591
140 892 543 941 593
141 889 545 937 595
142 885 547 934 597
143 882 549 930 599
144 882 549 930 599
145 879 551 927 601
146 875 553 924 603
147 872 555 920 605
148 869 556 917 607
149 865 558 914 609
150 866 558 914 609
151 862 560 911 611
152 859 562 907 612
153 856 564 904 614
154 853 566 901 616
155 849 568 898 618
156 849 568 898 618
157 847 570 895 620
158 843 572 892 622
159 840 573 889 623
160 837 575 886 626
161 834 577 883 627
162 834 577 883 627
163 831 579 880 629
164 829 580 877 631
165 825 582 874 633
166 823 584 872 634
167 820 586 869 636
168 820 586 869 636
169 818 585 866 635
170 816 584 864 634
171 813 583 862 632
172 811 582 860 631
173 809 581 858 630
174 809 581 858 630
175 807 580 856 629
176 805 579 854 628
177 803 578 852 627
178 801 578 850 626
179 799 576 848 625
180 799 576 849 626
181 797 576 847 625
182 795 574 845 624
183 793 574 843 623
184 792 574 841 622
185 790 573 840 621
186 790 573 840 621
187 788 572 838 621
188 787 571 837 620
189 785 570 835 619
190 784 570 833 618
191 782 569 831 618
192 782 569 831 618
193 781 568 830 617
194 779 568 829 617
195 778 567 827 616
196 777 566 826 615
197 775 566 825 615
198 775 566 825 615
199 774 566 823 614
200 773 565 822 614
201 772 564 821 613
202 771 564 820 613
203 769 564 819 612
204 769 564 819 612
205 769 563 817 612
206 767 562 817 612
207 767 562 815 611
208 766 562 815 610
209 765 561 814 611
210 765 561 814 611
211 764 561 813 610
212 763 560 812 610
213 763 560 811 609
214 761 560 811 609
215 761 559 810 609
216 761 559 810 609
217 761 559 809 608
218 760 559 809 608
219 759 558 809 608
220 759 558 808 608
221 759 558 807 607
222 759 558 807 607
223 758 558 807 607
224 758 558 807 607
225 757 558 807 607
226 757 558 806 607
227 757 558 806 607
228 757 558 806 607
229 757 557 805 607
230 756 557 805 607
231 756 557 805 607
232 756 557 805 607
233 756 557 805 606
234 756 557 805 606
235 756 557 805 606
236 756 557 805 606
237 756 557 805 606
238 756 557 805 606
239 756 557 805 606
240 756 557 805 606
241 756 557 805 606
242 756 557 805 606
243 756 557 805 606
244 756 557 805 606
245 756 557 805 606
246 756 557 805 606
247 756 557 805 606
248 756 557 805 606
249 756 557 805 606
250 756 557 805 606
251 756 557 805 606
252 756 557 805 606
253 756 557 805 606
254 756 557 805 606
255 756 557 805 606
256 756 557 805 606
257 756 557 805 606
258 756 557 805 606
259 756 557 805 606
260 756 557 805 606
261 756 557 805 606
262 756 557 805 606
263 756 557 805 606
264 756 557 805 606
265 756 557 805 606
266 756 557 805 606
267 756 557 805 606
268 756 557 805 606
269 756 557 805 606
270 756 557 805 606
