109 -1 -1 -1 -1
0 433 343 469 389
1 433 344 469 389
2 433 344 469 389
3 433 344 469 389
4 433 344 469 390
5 433 343 469 390
6 433 343 468 390
7 433 343 468 389
8 433 343 467 388
9 433 343 467 388
10 433 343 467 388
11 433 343 466 388
12 431 342 467 388
13 431 342 467 388
14 431 341 467 388
15 431 341 467 388
16 431 341 466 387
17 431 341 466 387
18 430 340 466 386
19 439 342 476 388
20 472 356 521 403
21 472 356 521 403
22 516 359 569 407
23 560 362 591 403
24 609 357 655 398
25 648 355 700 405
26 685 355 731 403
27 685 355 731 403
28 737 356 769 398
29 774 356 805 397
30 774 356 805 397
31 663 439 709 487
32 663 439 709 487
33 663 439 709 487
34 663 439 709 487
35 663 439 709 487
36 663 439 709 487
37 663 437 708 486
38 663 436 708 485
39 663 436 708 485
40 661 435 708 484
41 662 434 707 483
42 662 433 707 482
43 659 432 707 481
44 665 431 707 481
45 665 431 707 481
46 659 431 706 480
47 659 430 706 479
48 659 430 706 479
49 657 429 705 477
50 335 490 390 542
51 335 490 390 542
52 329 490 386 542
53 657 430 704 476
54 321 491 376 542
55 656 428 704 474
56 311 492 386 546
57 311 492 386 546
58 305 492 364 544
59 299 492 356 544
60 656 423 703 472
61 656 423 703 472
62 277 487 343 542
63 277 487 343 542
64 267 485 336 555
65 655 421 703 471
66 655 420 703 470
67 655 420 702 470
68 654 419 702 469
69 654 419 702 469
70 654 419 702 469
71 654 419 702 469
72 654 419 702 469
73 654 418 702 468
74 653 419 701 468
75 653 419 701 468
76 653 418 701 468
77 653 418 701 468
78 653 418 701 468
79 653 418 701 467
80 653 418 701 467
81 653 418 701 467
82 653 418 701 467
83 653 418 701 467
84 271 498 355 566
85 653 417 701 467
86 653 417 701 467
87 653 417 701 467
88 653 417 701 467
89 653 417 701 467
90 269 503 335 574
91 653 417 701 467
92 653 417 701 467
93 653 417 701 467
94 653 417 701 467
95 653 417 701 467
96 653 417 701 467
97 653 417 701 467
98 653 417 701 467
99 653 417 701 467
100 653 417 701 467
101 653 417 701 467
102 653 417 701 467
103 653 417 701 467
104 653 417 701 467
105 653 417 701 467
106 653 417 701 467
107 653 417 701 467
108 653 417 701 467
