186 -1 -1 -1 -1
0 833 359 883 406
1 833 359 883 406
2 833 359 883 406
3 833 359 883 406
4 833 359 883 406
5 833 359 883 406
6 833 359 883 406
7 833 359 883 406
8 833 359 883 406
9 833 359 883 406
10 833 359 883 406
11 833 359 883 406
12 833 359 883 406
13 833 359 883 406
14 833 359 883 406
15 833 359 883 406
16 833 359 883 406
17 833 359 883 406
18 833 359 883 406
19 833 359 883 406
20 833 359 883 406
21 833 359 883 406
22 833 359 883 406
23 833 359 883 406
24 833 359 883 406
25 833 359 883 406
26 833 359 883 406
27 833 359 883 406
28 833 359 883 406
29 833 359 883 406
30 833 359 883 406
31 833 359 883 406
32 833 359 883 406
33 833 359 883 406
34 833 359 883 406
35 833 359 883 406
36 833 359 883 406
37 833 359 883 406
38 833 359 883 406
39 833 359 883 406
40 833 359 883 406
41 833 359 883 406
42 833 359 883 406
43 833 359 883 406
44 833 359 883 406
45 833 359 883 406
46 834 359 883 406
47 834 359 883 406
48 834 359 883 406
49 834 359 883 406
50 834 359 883 406
51 824 363 868 411
52 801 373 847 420
53 777 383 823 430
54 752 392 797 440
55 728 392 775 442
56 728 392 775 442
57 706 392 751 440
58 685 391 732 439
59 668 390 715 438
60 652 389 700 437
61 638 388 686 435
62 638 388 686 435
63 626 386 673 434
64 614 385 662 432
65 600 383 652 430
66 599 382 652 430
67 600 380 652 427
68 600 380 652 427
69 600 378 650 426
70 599 377 650 424
71 600 375 652 423
72 601 373 654 420
73 603 372 654 420
74 603 372 654 420
75 605 371 657 418
76 648 449 696 499
77 650 448 698 497
78 653 446 701 496
79 656 445 704 494
80 656 445 704 494
81 659 444 707 493
82 661 442 710 491
83 664 441 712 490
84 917 522 1007 578
85 917 522 1007 577
86 917 522 1007 577
87 916 522 1007 577
88 675 435 723 484
89 911 522 1009 574
90 910 522 1007 574
91 931 522 1011 574
92 931 522 1011 574
93 929 522 1014 574
94 916 522 1014 574
95 913 522 1008 574
96 925 521 1037 574
97 935 521 1040 570
98 935 521 1040 570
99 696 424 744 474
100 699 423 746 472
101 701 422 748 471
102 703 421 750 470
103 705 420 752 469
104 705 420 752 469
105 707 419 754 468
106 709 418 756 467
107 711 417 758 466
108 713 416 760 465
109 715 415 762 464
110 715 415 762 464
111 716 414 764 463
112 719 414 766 463
113 720 412 767 461
114 721 411 769 460
115 723 410 771 459
116 723 410 771 459
117 725 410 772 459
118 727 409 774 458
119 728 408 776 457
120 730 407 777 457
121 731 406 779 456
122 731 406 779 456
123 733 405 780 455
124 734 404 782 455
125 735 404 783 454
126 737 403 784 453
127 738 402 786 452
128 738 402 786 452
129 739 402 787 451
130 741 401 788 451
131 742 400 789 450
132 743 400 791 449
133 744 399 792 449
134 744 399 792 449
135 746 398 793 448
136 747 398 794 448
137 748 398 795 448
138 749 397 796 447
139 749 396 797 447
140 749 396 797 447
141 751 396 798 446
142 751 395 799 445
143 751 395 799 445
144 752 394 800 445
145 753 394 800 444
146 753 394 800 444
147 753 393 800 444
148 753 393 800 443
149 753 392 800 443
150 753 392 800 442
151 754 392 801 442
152 754 392 801 442
153 754 392 801 441
154 755 391 801 441
155 755 391 802 441
156 755 391 802 441
157 755 391 802 441
158 755 391 802 441
159 755 390 802 440
160 755 390 802 440
161 755 390 802 440
162 755 390 802 440
163 755 390 802 440
164 755 390 802 440
165 755 390 802 440
166 755 390 802 439
167 755 390 803 439
168 755 390 803 439
169 755 390 803 439
170 755 390 803 439
171 755 390 803 439
172 755 390 803 439
173 755 390 803 439
174 755 390 803 439
175 755 390 803 439
176 755 390 803 439
177 755 390 803 439
178 755 390 803 439
179 755 391 803 439
180 755 390 803 440
181 755 390 803 440
182 755 390 803 440
183 755 390 803 440
184 755 390 803 440
185 755 390 803 440
