390 -1 -1 -1 -1
0 925 333 972 381
1 925 333 970 382
2 925 333 970 382
3 925 333 970 382
4 926 333 970 381
5 926 333 970 381
6 926 333 974 381
7 926 333 971 381
8 926 333 971 381
9 926 333 971 381
10 927 333 974 381
11 927 332 974 381
12 927 332 975 381
13 928 332 976 381
14 928 332 976 381
15 928 332 976 381
16 928 331 976 379
17 929 331 976 379
18 929 331 977 379
19 929 331 977 380
20 930 331 977 379
21 930 331 977 379
22 930 330 978 378
23 930 330 978 378
24 930 330 978 378
25 931 330 978 378
26 931 330 979 378
27 931 330 979 378
28 931 330 979 378
29 932 330 980 378
30 932 330 980 378
31 932 330 980 378
32 932 330 981 378
33 932 330 981 378
34 933 330 981 378
35 933 330 982 378
36 934 329 981 378
37 926 332 973 379
38 918 335 963 383
39 918 335 963 383
40 913 338 955 383
41 900 342 950 390
42 891 344 942 394
43 883 348 933 397
44 873 351 924 401
45 873 351 924 401
46 864 355 915 405
47 854 358 906 409
48 846 362 898 412
49 836 365 889 415
50 828 369 880 419
51 828 369 880 419
52 818 372 872 422
53 809 375 864 425
54 800 379 854 429
55 790 382 845 433
56 780 386 836 437
57 780 386 836 437
58 770 389 826 441
59 759 394 816 444
60 748 398 804 448
61 739 402 791 453
62 726 406 779 457
63 726 406 779 457
64 713 411 766 462
65 700 416 754 467
66 686 421 740 472
67 672 427 727 479
68 662 431 721 479
69 662 431 721 479
70 670 433 730 482
71 679 434 739 483
72 686 436 746 485
73 692 438 752 487
74 697 440 757 489
75 697 440 757 489
76 702 442 763 492
77 706 444 768 495
78 712 446 773 497
79 718 448 779 499
80 722 450 784 501
81 722 450 784 501
82 728 452 790 503
83 734 454 796 505
84 740 456 803 507
85 744 459 809 510
86 750 461 816 512
87 750 461 816 512
88 758 463 822 514
89 764 465 828 516
90 884 444 932 494
91 890 446 938 497
92 896 450 944 500
93 896 450 944 500
94 902 453 949 503
95 907 456 955 506
96 913 460 961 509
97 919 463 967 513
98 925 466 973 516
99 925 466 973 516
100 931 469 978 520
101 937 472 984 523
102 942 476 990 526
103 947 479 996 529
104 953 482 1002 533
105 953 482 1002 533
106 959 485 1008 536
107 959 488 1008 539
108 957 490 1005 541
109 955 493 1003 544
110 952 495 1000 546
111 952 495 1000 546
112 950 498 999 549
113 948 500 996 551
114 946 502 994 553
115 943 505 992 556
116 942 507 990 559
117 942 507 990 559
118 940 509 988 561
119 937 512 986 563
120 935 514 984 565
121 933 516 982 567
122 931 519 980 569
123 931 519 980 569
124 929 521 978 572
125 927 523 976 574
126 925 525 974 576
127 923 528 972 578
128 921 530 970 580
129 921 530 970 580
130 919 532 968 582
131 917 534 966 584
132 915 536 964 586
133 914 538 962 588
134 911 540 960 590
135 911 540 960 590
136 910 542 958 592
137 908 544 957 594
138 907 546 955 597
139 905 548 953 599
140 903 550 952 601
141 903 550 952 601
142 901 552 950 602
143 899 554 948 604
144 897 556 946 606
145 895 558 944 608
146 894 560 942 610
147 894 560 942 610
148 892 562 941 612
149 891 564 939 613
150 889 566 937 616
151 887 567 936 617
152 885 569 934 619
153 885 569 934 619
154 884 571 932 620
155 882 573 931 622
156 880 574 930 624
157 879 576 929 626
158 877 578 927 628
159 877 578 927 628
160 876 579 925 629
161 874 581 924 631
162 873 582 922 632
163 871 584 921 634
164 870 586 920 635
165 870 586 920 635
166 868 586 918 636
167 867 586 917 635
168 866 584 915 634
169 865 584 914 634
170 864 583 913 632
171 864 583 913 632
172 863 582 912 632
173 861 581 910 631
174 860 580 909 630
175 859 580 908 630
176 858 579 907 629
177 858 579 907 629
178 857 578 906 629
179 856 578 905 628
180 855 577 905 627
181 854 576 904 626
182 853 576 902 626
183 853 576 902 626
184 853 576 901 625
185 851 575 901 625
186 851 574 900 624
187 850 574 899 624
188 849 574 899 623
189 849 574 899 623
190 849 573 898 623
191 849 573 898 622
192 848 572 897 622
193 847 572 897 622
194 847 572 896 621
195 847 572 896 621
196 847 572 896 621
197 847 571 895 621
198 845 571 895 621
199 845 571 894 621
200 845 571 894 620
201 845 571 894 620
202 845 570 894 620
203 845 570 894 620
204 844 570 893 620
205 844 570 893 620
206 844 570 893 620
207 844 570 893 620
208 844 570 893 620
209 843 570 893 620
210 843 570 892 619
211 843 570 892 619
212 843 570 892 619
213 843 570 892 619
214 843 570 892 619
215 843 570 892 619
216 843 570 892 619
217 843 570 892 619
218 843 570 893 620
219 843 570 893 620
220 843 570 893 620
221 843 570 893 620
222 843 570 893 620
223 843 570 893 620
224 843 570 893 620
225 843 570 893 620
226 843 570 893 620
227 843 570 893 620
228 843 570 893 620
229 843 570 892 620
230 843 570 892 620
231 843 570 892 620
232 843 570 892 620
233 843 570 892 620
234 843 570 892 620
235 843 570 892 620
236 843 570 892 620
237 843 570 892 620
238 843 570 892 620
239 843 570 892 620
240 843 570 892 620
241 843 570 892 620
242 843 570 892 620
243 843 570 892 620
244 843 570 892 620
245 843 570 892 620
246 843 570 892 619
247 843 570 892 619
248 843 570 892 619
249 843 570 892 619
250 843 570 892 619
251 843 570 892 619
252 843 570 892 619
253 843 570 892 619
254 843 570 892 619
255 843 570 892 619
256 843 570 892 619
257 843 570 892 619
258 843 570 892 619
259 843 570 892 619
260 843 570 892 619
261 843 570 892 619
262 843 570 892 619
263 843 570 892 619
264 843 570 892 619
265 843 570 892 619
266 843 570 892 619
267 843 570 892 619
268 843 570 892 619
269 843 570 892 619
270 843 570 892 619
271 843 570 892 619
272 843 570 892 619
273 843 570 892 619
274 843 570 892 619
275 843 570 892 619
276 843 570 892 619
277 843 570 892 619
278 843 570 892 619
279 843 570 892 619
280 843 570 892 619
281 843 570 892 619
282 843 570 892 619
283 843 570 892 619
284 843 570 892 619
285 843 570 892 619
286 843 570 892 619
287 843 570 892 619
288 843 570 892 619
289 843 570 892 619
290 843 570 892 619
291 843 570 892 619
292 843 570 892 619
293 843 570 892 619
294 843 570 892 619
295 843 570 892 619
296 843 570 892 619
297 843 570 892 619
298 843 570 892 619
299 843 570 892 619
300 843 570 892 619
301 843 570 892 619
302 843 570 892 619
303 843 570 892 619
304 843 570 892 619
305 843 570 892 619
306 843 570 892 619
307 843 570 892 619
308 843 569 892 619
309 843 569 892 619
310 843 569 892 619
311 843 569 892 619
312 843 569 892 619
313 843 569 892 619
314 843 569 892 619
315 843 569 892 619
316 843 569 892 619
317 843 569 892 619
318 843 569 892 619
319 843 569 892 619
320 843 569 892 619
321 843 569 892 619
322 843 569 892 619
323 843 569 892 619
324 843 569 892 619
325 843 569 892 619
326 843 569 892 619
327 843 569 892 619
328 843 569 892 619
329 843 569 892 619
330 843 569 892 619
331 843 569 892 619
332 843 569 892 619
333 843 569 892 619
334 843 569 892 619
335 843 569 892 619
336 843 569 892 619
337 843 569 892 619
338 843 569 892 619
339 843 569 892 619
340 843 569 892 619
341 843 569 892 619
342 843 569 892 619
343 843 569 892 619
344 843 569 892 619
345 843 569 892 619
346 843 569 892 619
347 843 569 892 619
348 843 569 892 619
349 843 569 892 619
350 843 569 892 619
351 843 569 892 619
352 843 569 892 619
353 843 569 892 619
354 843 569 892 619
355 843 569 892 619
356 843 569 892 619
357 843 569 892 619
358 843 569 892 619
359 843 569 892 619
360 843 569 892 619
361 843 569 892 619
362 843 569 892 619
363 843 569 892 619
364 843 569 892 619
365 843 569 892 619
366 843 569 892 619
367 843 569 892 619
368 843 569 892 619
369 843 569 892 619
370 843 569 892 619
371 843 569 892 619
372 843 569 892 619
373 843 569 892 619
374 843 569 892 619
375 843 569 892 619
376 843 569 892 619
377 843 569 892 619
378 843 569 892 619
379 843 569 892 619
380 843 569 892 619
381 843 569 892 619
382 843 569 892 619
383 843 569 892 619
384 843 569 892 619
385 843 569 892 619
386 843 569 892 619
387 843 569 892 619
388 843 569 892 619
389 843 569 892 619
