215 -1 -1 -1 -1
0 793 361 825 392
1 793 361 825 392
2 793 361 825 392
3 793 361 825 392
4 793 361 825 392
5 793 361 825 392
6 793 361 825 392
7 793 361 825 392
8 793 361 825 392
9 793 361 825 392
10 793 361 825 392
11 793 361 825 392
12 793 361 825 392
13 793 361 825 392
14 793 361 825 392
15 793 361 825 392
16 793 361 825 392
17 793 361 825 392
18 793 361 825 392
19 793 361 825 392
20 793 361 825 392
21 793 361 825 392
22 793 361 825 392
23 793 361 825 392
24 793 361 825 392
25 793 361 825 392
26 793 361 825 392
27 793 361 825 392
28 793 361 825 392
29 793 361 825 392
30 793 361 824 392
31 793 361 824 392
32 793 361 824 392
33 793 361 824 392
34 793 361 824 392
35 793 361 824 392
36 793 361 824 392
37 793 361 824 392
38 793 361 824 392
39 793 361 824 392
40 793 361 824 392
41 793 361 824 392
42 793 361 824 392
43 793 361 824 392
44 793 361 824 392
45 793 361 824 392
46 793 361 824 392
47 793 361 824 392
48 793 361 824 392
49 664 381 718 420
50 664 381 718 420
51 793 360 824 391
52 793 360 824 391
53 793 360 824 391
54 682 407 736 444
55 792 359 823 390
56 792 359 823 390
57 692 413 745 452
58 698 413 751 452
59 791 357 822 388
60 708 412 762 452
61 710 413 764 452
62 710 413 764 452
63 714 413 769 452
64 716 413 771 452
65 720 414 771 453
66 722 414 774 453
67 726 414 773 454
68 726 414 773 454
69 788 344 819 375
70 787 342 818 373
71 734 415 781 455
72 736 416 784 456
73 783 337 814 368
74 783 337 814 368
75 741 417 785 456
76 744 417 797 457
77 778 330 809 361
78 746 418 802 458
79 748 418 806 458
80 748 418 806 458
81 750 419 808 458
82 752 419 811 460
83 754 419 811 460
84 756 420 818 463
85 764 317 795 348
86 764 317 795 348
87 763 315 794 346
88 765 424 830 466
89 768 425 833 468
90 772 427 837 468
91 776 428 841 470
92 776 428 841 470
93 780 431 846 472
94 784 433 850 475
95 788 436 854 479
96 793 438 859 480
97 797 441 864 483
98 797 441 864 483
99 801 444 869 486
100 808 447 874 488
101 813 451 880 491
102 818 453 885 494
103 822 457 890 497
104 822 457 890 497
105 930 177 961 208
106 930 177 961 208
107 932 176 963 207
108 932 176 963 207
109 930 177 961 208
110 930 177 961 208
111 933 176 964 207
112 933 176 964 207
113 929 178 961 210
114 922 185 953 216
115 930 178 961 209
116 930 178 961 209
117 932 177 963 208
118 927 178 959 210
119 928 178 959 209
120 931 174 963 206
121 935 170 966 201
122 935 170 966 201
123 908 173 963 220
124 916 171 963 212
125 938 174 969 206
126 920 174 953 206
127 900 189 931 236
128 900 189 931 236
129 948 166 979 197
130 882 194 914 226
131 879 189 910 220
132 392 569 442 609
133 391 567 440 607
134 391 567 440 607
135 389 565 438 605
136 387 564 437 603
137 385 562 435 602
138 384 560 433 600
139 383 558 432 598
140 383 558 432 598
141 381 557 431 597
142 380 555 429 595
143 379 554 428 593
144 377 552 426 592
145 376 550 425 590
146 376 550 425 590
147 375 549 424 589
148 373 547 422 587
149 372 546 421 585
150 371 544 420 584
151 369 543 419 583
152 369 543 419 583
153 369 542 418 581
154 367 540 417 580
155 366 539 415 579
156 365 538 414 577
157 364 536 413 576
158 364 536 413 576
159 363 535 412 575
160 361 534 411 574
161 361 532 410 572
162 359 532 409 571
163 359 530 408 570
164 359 530 408 570
165 357 530 407 569
166 357 528 406 568
167 355 527 405 567
168 355 526 404 566
169 353 524 403 565
170 353 524 403 565
171 353 524 401 564
172 352 522 401 563
173 351 522 400 562
174 350 521 399 561
175 349 520 399 560
176 349 520 399 560
177 349 519 397 559
178 348 518 397 559
179 347 518 396 558
180 347 516 395 557
181 346 516 394 556
182 346 516 394 556
183 345 515 394 555
184 345 514 393 555
185 343 514 393 554
186 343 513 392 553
187 342 512 391 553
188 342 512 391 553
189 342 512 391 552
190 341 511 390 551
191 341 510 390 551
192 340 510 389 550
193 340 510 389 550
194 340 510 389 550
195 339 509 388 549
196 338 508 387 549
197 338 508 387 548
198 337 508 387 548
199 337 507 385 547
200 337 507 385 547
201 337 506 385 547
202 337 506 385 546
203 337 506 385 546
204 336 506 385 545
205 335 506 384 545
206 335 506 384 545
207 335 505 384 545
208 335 505 384 545
209 335 505 383 545
210 335 505 383 545
211 335 504 383 544
212 335 504 383 544
213 335 504 383 544
214 335 504 383 544
