 1   4.90  
 2   6.70  
 3   5.80  
 4   8.50  
 5   4.90  
 6   6.70  
 7   9.10  
 8   3.70  
 9   5.50  
 10   5.50  
 11   4.60  
 12   6.70  
 13   7.30  
 14   6.40  
 15   7.00  
 16   4.60  
 17   7.60  
 18   6.10  
 19   4.90  
 20   7.60  
 21   6.40  
 22   5.50  
 23   6.40  
 24   7.30  
 25   7.90  
 26   8.50  
 27   5.50  
 28   8.80  
 29   6.10  
 30   7.90  
 31   4.90  
 32   5.20  
 33   7.60  
 34   7.00  
 35   7.00  
 36   6.40  
 37   8.80  
 38   6.70  
 39   7.00  
 40   5.80  
 41   7.60  
 42   9.70  
 43   6.70  
 44   6.40  
 45   5.50  
 46   7.30  
 47   8.80  
 48   6.40  
 49   5.80  
 50   7.00  
 51   8.20  
 52   4.90  
 53   4.30  
 54   8.80  
 55   8.20  
 56   5.20  
 57   5.20  
 58   5.50  
 59   7.00  
 60   7.90  
 61   4.90  
 62   4.60  
 63   5.20  
 64   7.60  
 65   7.00  
 66   9.40  
 67   7.30  
 68   4.60  
 69   4.30  
 70   4.00  
 71   6.40  
 72   4.90  
 73   5.50  
 74   9.40  
 75   4.00  
 76   6.10  
 77   7.30  
 78   4.00  
 79   5.50  
 80   5.50  
 81   8.50  
 82   4.90  
 83   6.70  
 84   5.20  
 85   7.60  
 86   4.90  
 87   5.50  
 88   9.10  
 89   6.40  
 90   6.10  
 91   6.10  
 92   5.50  
 93   4.60  
 94   7.90  
 95   4.60  
 96   6.70  
 97   5.50  
 98   5.50  
 99   7.30  
 100   4.90  
 101   4.90  
 102   5.20  
 103   5.50  
 104   5.20  
 105   4.00  
 106   6.40  
 107   9.70  
 108   8.80  
 109   5.80  
 110   7.30  
 111   6.10  
 112   4.30  
 113   6.10  
 114   6.40  
 115   5.20  
 116   6.40  
 117   4.90  
 118   3.70  
 119   5.80  
 120   4.60  
 121   6.70  
 122   5.50  
 123   4.00  
 124   8.80  
 125   6.40  
 126   4.30  
 127   7.30  
 128   8.80  
 129   6.40  
 130   4.30  
 131   6.40  
 132   4.30  
 133   3.70  
 134   6.40  
 135   7.60  
 136   5.80  
 137   5.80  
 138   6.70  
 139   4.60  
 140   7.30  
 141   5.50  
 142   4.30  
 143   6.40  
 144   8.80  
 145   6.70  
 146   4.30  
 147   5.80  
 148   7.30  
 149   7.60  
 150   6.40  