202 -1 -1 -1 -1
0 630 276 647 296
1 630 276 646 295
2 630 277 646 296
3 631 276 647 295
4 631 277 647 296
5 630 276 646 295
6 631 277 647 296
7 630 277 646 296
8 630 276 646 295
9 630 276 646 295
10 630 276 646 295
11 630 276 646 295
12 630 276 646 295
13 631 276 647 295
14 631 276 647 295
15 630 276 646 295
16 631 277 647 296
17 630 276 646 295
18 630 276 646 295
19 630 276 646 295
20 630 277 646 296
21 630 276 646 295
22 630 276 646 295
23 630 277 646 296
24 630 276 646 295
25 630 276 646 295
26 630 276 646 295
27 630 276 646 295
28 630 277 646 296
29 630 276 646 295
30 630 276 646 295
31 630 276 646 295
32 630 276 646 295
33 630 277 646 296
34 630 277 646 296
35 630 276 646 295
36 630 277 646 296
37 630 277 646 296
38 630 277 646 296
39 630 277 646 296
40 630 276 646 295
41 630 276 646 295
42 630 276 646 295
43 630 277 646 296
44 630 276 646 295
45 630 276 646 295
46 630 276 646 295
47 630 276 646 295
48 630 277 646 296
49 630 277 646 296
50 630 277 646 296
51 630 276 646 295
52 630 277 646 296
53 630 276 646 295
54 630 276 646 295
55 630 276 646 295
56 630 276 646 295
57 630 276 646 295
58 633 277 649 296
59 641 277 657 296
60 642 277 658 296
61 649 277 665 296
62 656 277 672 296
63 662 277 678 296
64 668 277 684 296
65 675 277 691 296
66 675 277 691 296
67 680 277 696 296
68 686 277 702 296
69 693 277 709 296
70 698 277 714 296
71 704 277 720 296
72 704 277 720 296
73 710 277 726 296
74 717 277 733 296
75 723 277 739 296
76 729 277 745 296
77 734 277 750 296
78 734 277 750 296
79 740 277 756 296
80 746 277 762 296
81 752 277 768 296
82 758 277 774 296
83 762 277 778 296
84 763 277 779 296
85 768 277 784 296
86 773 277 789 296
87 779 277 795 296
88 784 277 800 296
89 789 277 805 296
90 789 277 805 296
91 794 277 810 296
92 801 277 817 296
93 806 277 822 296
94 810 277 826 296
95 815 277 831 296
96 815 277 831 296
97 819 277 835 296
98 824 277 840 296
99 830 277 846 296
100 834 277 850 296
101 840 277 856 296
102 840 277 856 296
103 844 277 860 296
104 849 277 865 296
105 854 277 870 296
106 859 277 875 296
107 863 277 879 296
108 864 276 880 295
109 868 277 884 296
110 873 277 889 296
111 878 277 894 296
112 881 277 897 296
113 886 277 902 296
114 886 277 902 296
115 890 277 906 296
116 895 277 911 296
117 899 277 915 296
118 904 277 920 296
119 907 276 923 295
120 907 276 923 295
121 910 276 926 295
122 914 276 930 295
123 919 276 935 295
124 922 276 938 295
125 925 276 941 295
126 926 276 942 295
127 930 275 946 294
128 934 276 950 295
129 938 276 954 295
130 943 275 959 294
131 948 275 964 294
132 950 275 966 294
133 949 276 965 295
134 948 277 964 296
135 947 278 963 297
136 947 278 963 297
137 947 277 963 296
138 947 277 963 296
139 948 276 964 295
140 948 276 964 295
141 948 276 964 295
142 947 276 963 295
143 946 276 962 295
144 945 276 961 295
145 946 276 962 295
146 947 276 963 295
147 948 277 964 296
148 948 277 964 296
149 947 277 963 296
150 947 277 963 296
151 947 277 963 296
152 947 277 963 296
153 947 277 963 296
154 947 277 963 296
155 947 277 963 296
156 947 276 963 295
157 947 276 963 295
158 947 276 963 295
159 946 276 962 295
160 946 276 962 295
161 946 277 962 296
162 946 278 962 297
163 947 277 963 296
164 948 277 964 296
165 948 277 964 296
166 948 276 964 295
167 947 276 963 295
168 946 275 962 294
169 946 275 962 294
170 946 275 962 294
171 946 276 962 295
172 947 277 963 296
173 948 278 964 297
174 948 278 964 297
175 947 277 963 296
176 946 276 962 295
177 946 276 962 295
178 946 276 962 295
179 946 276 962 295
180 946 276 962 295
181 947 277 963 296
182 947 278 963 297
183 946 278 962 297
184 946 277 962 296
185 946 276 962 295
186 946 276 962 295
187 946 276 962 295
188 946 276 962 295
189 946 276 962 295
190 947 276 963 295
191 947 276 963 295
192 947 277 963 296
193 947 277 963 296
194 946 277 962 296
195 946 277 962 296
196 946 277 962 296
197 946 277 962 296
198 947 277 963 296
199 947 277 963 296
200 947 277 963 296
