202 -1 -1 -1 -1
0 483 248 501 269
1 483 248 500 268
2 483 249 500 269
3 483 249 500 269
4 483 249 500 269
5 483 249 500 269
6 483 249 500 269
7 483 249 500 269
8 483 249 500 269
9 483 249 500 269
10 483 249 500 269
11 483 249 500 269
12 483 248 500 268
13 482 249 499 269
14 483 249 500 269
15 482 249 499 269
16 483 249 500 269
17 482 249 499 269
18 482 249 499 269
19 482 249 499 269
20 483 249 500 269
21 482 249 499 269
22 482 249 499 269
23 483 249 500 269
24 482 249 499 269
25 482 249 499 269
26 482 249 499 269
27 483 248 500 268
28 482 249 499 269
29 482 249 499 269
30 482 249 499 269
31 482 249 499 269
32 482 249 499 269
33 482 249 499 269
34 483 249 500 269
35 482 249 499 269
36 482 249 499 269
37 483 249 500 269
38 482 249 499 269
39 482 249 499 269
40 482 249 499 269
41 483 249 500 269
42 482 249 499 269
43 482 249 499 269
44 482 249 499 269
45 482 249 499 269
46 482 249 499 269
47 483 249 500 269
48 483 249 500 269
49 496 254 513 274
50 519 259 536 279
51 539 263 556 283
52 553 266 570 286
53 569 269 586 289
54 571 270 588 290
55 580 272 597 292
56 594 274 611 294
57 606 276 623 296
58 615 279 632 299
59 615 281 632 301
60 613 282 630 302
61 613 282 630 302
62 614 284 631 304
63 615 286 632 306
64 616 288 633 308
65 616 290 633 310
66 616 290 633 310
67 616 292 633 312
68 617 293 634 313
69 618 295 635 315
70 619 297 636 317
71 619 299 636 319
72 619 299 636 319
73 619 300 636 320
74 620 302 637 322
75 621 303 638 323
76 621 304 638 324
77 621 307 638 327
78 621 307 638 327
79 621 308 638 328
80 621 309 638 329
81 622 311 639 331
82 623 312 640 332
83 623 314 640 334
84 623 315 640 335
85 624 316 641 336
86 624 318 641 338
87 625 320 642 340
88 625 321 642 341
89 626 323 643 343
90 626 323 643 343
91 627 324 644 344
92 628 325 645 345
93 627 326 644 346
94 628 328 645 348
95 629 330 646 350
96 629 330 646 350
97 629 331 646 351
98 629 332 646 352
99 630 334 647 354
100 630 335 647 355
101 630 336 647 356
102 630 336 647 356
103 630 337 647 357
104 631 339 648 359
105 632 339 649 359
106 632 341 649 361
107 632 342 649 362
108 633 342 650 362
109 633 343 650 363
110 633 344 650 364
111 633 345 650 365
112 634 346 651 366
113 634 347 651 367
114 634 348 651 368
115 635 348 652 368
116 635 349 652 369
117 636 350 653 370
118 636 351 653 371
119 636 352 653 372
120 637 352 654 372
121 637 352 654 372
122 637 353 654 373
123 637 355 654 375
124 637 355 654 375
125 637 356 654 376
126 637 356 654 376
127 636 357 653 377
128 637 358 654 378
129 636 358 653 378
130 637 360 654 380
131 637 360 654 380
132 637 360 654 380
133 637 361 654 381
134 637 362 654 382
135 637 362 654 382
136 637 363 654 383
137 638 364 655 384
138 638 364 655 384
139 638 365 655 385
140 638 365 655 385
141 639 365 656 385
142 639 366 656 386
143 639 367 656 387
144 639 366 656 386
145 639 367 656 387
146 640 367 657 387
147 640 368 657 388
148 640 368 657 388
149 640 369 657 389
150 641 369 658 389
151 641 369 658 389
152 640 369 657 389
153 640 370 657 390
154 640 370 657 390
155 641 370 658 390
156 640 370 657 390
157 640 372 657 392
158 641 372 658 392
159 641 372 658 392
160 641 372 658 392
161 641 373 658 393
162 641 373 658 393
163 641 373 658 393
164 641 373 658 393
165 641 373 658 393
166 642 373 659 393
167 641 373 658 393
168 641 374 658 394
169 642 374 659 394
170 642 373 659 393
171 642 373 659 393
172 642 374 659 394
173 642 374 659 394
174 642 374 659 394
175 642 374 659 394
176 642 373 659 393
177 642 373 659 393
178 642 374 659 394
179 642 374 659 394
180 642 373 659 393
181 642 373 659 393
182 641 373 658 393
183 641 373 658 393
184 641 373 658 393
185 642 373 659 393
186 642 373 659 393
187 642 373 659 393
188 642 373 659 393
189 641 373 658 393
190 641 373 658 393
191 642 373 659 393
192 642 373 659 393
193 642 373 659 393
194 642 373 659 393
195 642 373 659 393
196 642 373 659 393
197 641 373 658 393
198 641 373 658 393
199 641 373 658 393
200 641 373 658 393
