210 -1 -1 -1 -1
0 344 570 363 587
1 344 570 362 586
2 345 570 363 586
3 344 570 362 586
4 345 570 363 586
5 344 570 362 586
6 345 570 363 586
7 344 570 362 586
8 345 571 363 587
9 344 571 362 587
10 345 571 363 587
11 344 570 362 586
12 345 571 363 587
13 344 570 362 586
14 344 570 362 586
15 344 570 362 586
16 345 570 363 586
17 344 570 362 586
18 344 570 362 586
19 344 570 362 586
20 345 571 363 587
21 344 570 362 586
22 344 570 362 586
23 344 570 362 586
24 344 570 362 586
25 344 570 362 586
26 344 570 362 586
27 345 570 363 586
28 345 570 363 586
29 344 570 362 586
30 345 570 363 586
31 345 571 363 587
32 345 571 363 587
33 344 570 362 586
34 345 571 363 587
35 344 571 362 587
36 344 571 362 587
37 344 571 362 587
38 344 571 362 587
39 345 571 363 587
40 345 571 363 587
41 344 571 362 587
42 344 571 362 587
43 344 571 362 587
44 345 571 363 587
45 344 571 362 587
46 344 570 362 586
47 344 571 362 587
48 345 571 363 587
49 344 570 362 586
50 345 570 363 586
51 345 571 363 587
52 344 570 362 586
53 344 571 362 587
54 345 570 363 586
55 345 571 363 587
56 345 571 363 587
57 345 571 363 587
58 345 571 363 587
59 345 571 363 587
60 345 571 363 587
61 345 571 363 587
62 345 571 363 587
63 345 571 363 587
64 345 571 363 587
65 345 571 363 587
66 345 570 363 586
67 343 572 361 588
68 334 577 352 593
69 324 581 342 597
70 313 586 331 602
71 303 594 321 610
72 295 606 313 622
73 292 619 310 635
74 294 631 312 647
75 299 640 317 656
76 304 643 322 659
77 310 640 328 656
78 316 635 334 651
79 326 630 344 646
80 344 628 362 644
81 371 629 389 645
82 403 631 421 647
83 434 632 452 648
84 458 632 476 648
85 476 632 494 648
86 486 631 504 647
87 485 630 503 646
88 475 630 493 646
89 454 632 472 648
90 424 634 442 650
91 393 635 411 651
92 370 634 388 650
93 356 633 374 649
94 353 632 371 648
95 359 631 377 647
96 370 632 388 648
97 386 634 404 650
98 403 635 421 651
99 417 637 435 653
100 426 637 444 653
101 430 637 448 653
102 430 636 448 652
103 425 635 443 651
104 418 635 436 651
105 409 636 427 652
106 401 636 419 652
107 396 636 414 652
108 392 635 410 651
109 390 635 408 651
110 391 635 409 651
111 395 635 413 651
112 401 635 419 651
113 408 636 426 652
114 413 637 431 653
115 415 638 433 654
116 415 638 433 654
117 416 637 434 653
118 415 636 433 652
119 412 636 430 652
120 408 636 426 652
121 403 637 421 653
122 397 637 415 653
123 390 637 408 653
124 383 637 401 653
125 379 638 397 654
126 378 638 396 654
127 380 637 398 653
128 382 636 400 652
129 386 635 404 651
130 391 635 409 651
131 395 635 413 651
132 397 635 415 651
133 398 636 416 652
134 397 637 415 653
135 395 638 413 654
136 393 638 411 654
137 393 637 411 653
138 393 637 411 653
139 393 637 411 653
140 393 637 411 653
141 393 637 411 653
142 394 637 412 653
143 395 638 413 654
144 395 638 413 654
145 393 637 411 653
146 390 637 408 653
147 387 637 405 653
148 384 637 402 653
149 382 637 400 653
150 381 636 399 652
151 381 635 399 651
152 383 634 401 650
153 387 634 405 650
154 391 635 409 651
155 394 635 412 651
156 396 635 414 651
157 395 635 413 651
158 395 635 413 651
159 393 635 411 651
160 391 635 409 651
161 387 636 405 652
162 385 636 403 652
163 384 635 402 651
164 386 635 404 651
165 390 635 408 651
166 394 635 412 651
167 395 635 413 651
168 396 635 414 651
169 395 635 413 651
170 393 635 411 651
171 391 635 409 651
172 388 635 406 651
173 386 635 404 651
174 385 635 403 651
175 385 635 403 651
176 386 635 404 651
177 387 635 405 651
178 388 635 406 651
179 391 635 409 651
180 394 636 412 652
181 394 636 412 652
182 394 635 412 651
183 392 635 410 651
184 391 636 409 652
185 391 636 409 652
186 392 637 410 653
187 392 637 410 653
188 390 637 408 653
189 387 636 405 652
190 384 636 402 652
191 380 636 398 652
192 379 636 397 652
193 380 636 398 652
194 382 637 400 653
195 386 637 404 653
196 388 637 406 653
197 390 636 408 652
198 390 636 408 652
199 389 637 407 653
200 388 637 406 653
201 388 638 406 654
202 388 637 406 653
203 387 637 405 653
204 386 637 404 653
205 384 637 402 653
206 382 637 400 653
207 381 636 399 652
208 381 636 399 652
