210 -1 -1 -1 -1
0 736 153 752 169
1 737 154 752 169
2 737 153 752 168
3 738 153 753 168
4 738 153 753 168
5 738 153 753 168
6 738 153 753 168
7 737 153 752 168
8 737 153 752 168
9 737 153 752 168
10 737 154 752 169
11 738 153 753 168
12 738 153 753 168
13 737 153 752 168
14 738 153 753 168
15 738 153 753 168
16 737 153 752 168
17 738 153 753 168
18 737 154 752 169
19 732 159 747 174
20 723 168 738 183
21 721 171 736 186
22 712 180 727 195
23 704 190 719 205
24 701 194 716 209
25 698 197 713 212
26 703 188 718 203
27 729 159 744 174
28 762 134 777 149
29 778 126 793 141
30 760 139 775 154
31 742 146 757 161
32 736 145 751 160
33 738 144 753 159
34 741 144 756 159
35 742 143 757 158
36 742 143 757 158
37 741 143 756 158
38 741 143 756 158
39 741 143 756 158
40 741 143 756 158
41 740 144 755 159
42 740 144 755 159
43 740 144 755 159
44 740 144 755 159
45 740 144 755 159
46 740 144 755 159
47 740 143 755 158
48 741 143 756 158
49 741 143 756 158
50 740 143 755 158
51 739 144 754 159
52 740 144 755 159
53 740 144 755 159
54 740 144 755 159
55 740 143 755 158
56 741 143 756 158
57 741 143 756 158
58 741 144 756 159
59 741 143 756 158
60 740 143 755 158
61 740 144 755 159
62 740 143 755 158
63 741 143 756 158
64 741 143 756 158
65 741 144 756 159
66 741 143 756 158
67 741 143 756 158
68 740 144 755 159
69 740 143 755 158
70 741 143 756 158
71 741 143 756 158
72 742 142 757 157
73 744 141 759 156
74 746 140 761 155
75 747 140 762 155
76 750 138 765 153
77 754 137 769 152
78 759 137 774 152
79 766 136 781 151
80 771 136 786 151
81 771 136 786 151
82 770 137 785 152
83 768 137 783 152
84 766 137 781 152
85 764 137 779 152
86 764 137 779 152
87 765 137 780 152
88 767 137 782 152
89 770 137 785 152
90 772 137 787 152
91 772 137 787 152
92 769 137 784 152
93 767 137 782 152
94 766 138 781 153
95 767 138 782 153
96 770 138 785 153
97 774 138 789 153
98 778 138 793 153
99 782 138 797 153
100 786 138 801 153
101 795 137 810 152
102 808 138 823 153
103 823 139 838 154
104 837 140 852 155
105 844 141 859 156
106 844 141 859 156
107 840 140 855 155
108 835 139 850 154
109 830 138 845 153
110 827 138 842 153
111 827 139 842 154
112 832 141 847 156
113 839 142 854 157
114 843 142 858 157
115 844 141 859 156
116 843 141 858 156
117 841 141 856 156
118 840 141 855 156
119 839 140 854 155
120 838 140 853 155
121 838 140 853 155
122 838 140 853 155
123 838 141 853 156
124 838 141 853 156
125 838 141 853 156
126 839 141 854 156
127 840 140 855 155
128 840 140 855 155
129 840 140 855 155
130 839 140 854 155
131 840 140 855 155
132 840 140 855 155
133 840 141 855 156
134 839 141 854 156
135 838 141 853 156
136 838 140 853 155
137 838 140 853 155
138 839 140 854 155
139 840 140 855 155
140 840 140 855 155
141 839 140 854 155
142 839 140 854 155
143 839 140 854 155
144 838 140 853 155
145 838 140 853 155
146 838 140 853 155
147 838 140 853 155
148 839 140 854 155
149 840 140 855 155
150 841 140 856 155
151 843 140 858 155
152 844 140 859 155
153 844 140 859 155
154 843 140 858 155
155 843 140 858 155
156 842 140 857 155
157 841 140 856 155
158 841 140 856 155
159 841 140 856 155
160 841 140 856 155
161 841 140 856 155
162 842 140 857 155
163 843 140 858 155
164 843 140 858 155
165 843 140 858 155
166 843 140 858 155
167 843 140 858 155
168 842 140 857 155
169 842 140 857 155
170 843 140 858 155
171 843 140 858 155
172 843 140 858 155
173 842 140 857 155
174 842 140 857 155
175 843 140 858 155
176 843 140 858 155
177 843 140 858 155
178 842 140 857 155
179 841 140 856 155
180 840 140 855 155
181 839 140 854 155
182 839 140 854 155
183 839 140 854 155
184 840 140 855 155
185 840 140 855 155
186 840 140 855 155
187 840 140 855 155
188 840 140 855 155
189 841 140 856 155
190 841 140 856 155
191 841 140 856 155
192 841 140 856 155
193 840 140 855 155
194 839 140 854 155
195 839 140 854 155
196 839 140 854 155
197 840 140 855 155
198 840 140 855 155
199 840 140 855 155
200 840 140 855 155
201 840 140 855 155
202 840 140 855 155
203 840 140 855 155
204 840 140 855 155
205 840 140 855 155
206 840 140 855 155
207 840 140 855 155
208 840 140 855 155
