211 -1 -1 -1 -1
0 775 473 793 492
1 776 473 793 491
2 776 474 793 492
3 775 474 792 492
4 775 474 792 492
5 776 474 793 492
6 775 474 792 492
7 775 473 792 491
8 775 473 792 491
9 775 474 792 492
10 775 474 792 492
11 776 473 793 491
12 776 473 793 491
13 775 474 792 492
14 775 474 792 492
15 776 474 793 492
16 776 473 793 491
17 776 473 793 491
18 776 474 793 492
19 775 474 792 492
20 775 474 792 492
21 775 474 792 492
22 776 473 793 491
23 776 474 793 492
24 776 473 793 491
25 776 473 793 491
26 776 473 793 491
27 776 473 793 491
28 775 473 792 491
29 775 473 792 491
30 776 473 793 491
31 776 473 793 491
32 776 474 793 492
33 776 473 793 491
34 776 474 793 492
35 776 473 793 491
36 775 474 792 492
37 775 474 792 492
38 776 473 793 491
39 776 473 793 491
40 776 474 793 492
41 776 475 793 493
42 776 473 793 491
43 778 469 795 487
44 781 459 798 477
45 786 443 803 461
46 793 431 810 449
47 811 425 828 443
48 847 428 864 446
49 894 433 911 451
50 918 433 935 451
51 922 431 939 449
52 920 435 937 453
53 921 442 938 460
54 923 445 940 463
55 924 445 941 463
56 924 443 941 461
57 925 442 942 460
58 927 442 944 460
59 927 441 944 459
60 926 441 943 459
61 926 441 943 459
62 925 441 942 459
63 922 441 939 459
64 920 442 937 460
65 923 442 940 460
66 926 441 943 459
67 927 441 944 459
68 924 441 941 459
69 920 441 937 459
70 916 441 933 459
71 911 442 928 460
72 902 443 919 461
73 893 444 910 462
74 889 445 906 463
75 892 446 909 464
76 898 446 915 464
77 906 444 923 462
78 913 442 930 460
79 916 440 933 458
80 918 439 935 457
81 919 438 936 456
82 918 438 935 456
83 918 433 935 451
84 917 427 934 445
85 914 424 931 442
86 909 423 926 441
87 904 423 921 441
88 900 423 917 441
89 897 423 914 441
90 895 422 912 440
91 894 423 911 441
92 856 444 873 462
93 852 449 869 467
94 852 449 869 467
95 863 447 880 465
96 870 447 887 465
97 870 447 887 465
98 875 446 892 464
99 880 446 897 464
100 881 446 898 464
101 891 445 908 463
102 897 444 914 462
103 898 444 915 462
104 902 443 919 461
105 907 442 924 460
106 908 442 925 460
107 902 442 919 460
108 897 443 914 461
109 898 443 915 461
110 894 442 911 460
111 891 441 908 459
112 891 441 908 459
113 884 441 901 459
114 879 441 896 459
115 879 441 896 459
116 877 441 894 459
117 873 440 890 458
118 873 440 890 458
119 867 440 884 458
120 864 440 881 458
121 863 439 880 457
122 861 439 878 457
123 859 439 876 457
124 858 439 875 457
125 852 439 869 457
126 848 439 865 457
127 848 438 865 456
128 846 438 863 456
129 843 438 860 456
130 844 438 861 456
131 839 438 856 456
132 835 438 852 456
133 834 438 851 456
134 832 437 849 455
135 830 437 847 455
136 830 437 847 455
137 825 437 842 455
138 822 436 839 454
139 821 436 838 454
140 820 436 837 454
141 818 436 835 454
142 817 437 834 455
143 815 432 832 450
144 813 422 830 440
145 810 413 827 431
146 808 416 825 434
147 807 435 824 453
148 807 437 824 455
149 803 436 820 454
150 799 435 816 453
151 799 435 816 453
152 798 435 815 453
153 796 435 813 453
154 796 434 813 452
155 792 434 809 452
156 790 434 807 452
157 790 434 807 452
158 789 434 806 452
159 788 434 805 452
160 787 434 804 452
161 784 434 801 452
162 782 434 799 452
163 782 434 799 452
164 781 434 798 452
165 780 434 797 452
166 780 434 797 452
167 778 434 795 452
168 775 434 792 452
169 775 434 792 452
170 774 434 791 452
171 773 434 790 452
172 773 434 790 452
173 771 434 788 452
174 769 434 786 452
175 769 434 786 452
176 768 433 785 451
177 767 433 784 451
178 766 434 783 452
179 765 434 782 452
180 763 434 780 452
181 763 433 780 451
182 762 433 779 451
183 761 433 778 451
184 761 433 778 451
185 761 432 778 450
186 760 431 777 449
187 760 431 777 449
188 759 431 776 449
189 759 431 776 449
190 759 431 776 449
191 759 431 776 449
192 758 431 775 449
193 757 431 774 449
194 756 431 773 449
195 756 431 773 449
196 756 431 773 449
197 756 431 773 449
198 756 431 773 449
199 755 431 772 449
200 754 432 771 450
201 754 432 771 450
202 754 432 771 450
203 754 432 771 450
204 753 432 770 450
205 753 432 770 450
206 753 432 770 450
207 753 432 770 450
208 753 432 770 450
209 753 431 770 449
