211 -1 -1 -1 -1
0 640 496 658 514
1 640 496 657 513
2 640 496 657 513
3 640 496 657 513
4 640 496 657 513
5 640 496 657 513
6 640 496 657 513
7 640 496 657 513
8 640 496 657 513
9 641 496 658 513
10 641 496 658 513
11 640 496 657 513
12 640 496 657 513
13 642 496 659 513
14 641 496 658 513
15 640 496 657 513
16 640 496 657 513
17 640 496 657 513
18 640 496 657 513
19 640 496 657 513
20 640 496 657 513
21 642 497 659 514
22 640 496 657 513
23 640 496 657 513
24 640 496 657 513
25 640 496 657 513
26 640 496 657 513
27 640 496 657 513
28 640 496 657 513
29 640 496 657 513
30 640 496 657 513
31 640 496 657 513
32 640 496 657 513
33 640 496 657 513
34 640 496 657 513
35 640 496 657 513
36 640 496 657 513
37 640 496 657 513
38 641 496 658 513
39 641 496 658 513
40 640 496 657 513
41 641 496 658 513
42 643 494 660 511
43 642 488 659 505
44 636 481 653 498
45 628 477 645 494
46 621 476 638 493
47 616 477 633 494
48 615 477 632 494
49 617 477 634 494
50 621 477 638 494
51 624 477 641 494
52 626 478 643 495
53 629 477 646 494
54 634 476 651 493
55 638 476 655 493
56 641 475 658 492
57 645 474 662 491
58 647 473 664 490
59 646 471 663 488
60 644 468 661 485
61 640 466 657 483
62 634 466 651 483
63 628 469 645 486
64 623 472 640 489
65 619 473 636 490
66 617 473 634 490
67 618 472 635 489
68 619 471 636 488
69 619 471 636 488
70 619 471 636 488
71 619 471 636 488
72 620 470 637 487
73 620 469 637 486
74 619 469 636 486
75 617 469 634 486
76 616 470 633 487
77 614 471 631 488
78 613 472 630 489
79 613 472 630 489
80 612 472 629 489
81 613 472 630 489
82 614 472 631 489
83 615 472 632 489
84 615 473 632 490
85 614 474 631 491
86 613 474 630 491
87 612 474 629 491
88 613 473 630 490
89 613 472 630 489
90 612 472 629 489
91 611 472 628 489
92 611 472 628 489
93 611 472 628 489
94 612 472 629 489
95 613 472 630 489
96 614 472 631 489
97 615 472 632 489
98 615 473 632 490
99 614 473 631 490
100 614 473 631 490
101 614 472 631 489
102 613 472 630 489
103 613 473 630 490
104 613 473 630 490
105 613 473 630 490
106 613 473 630 490
107 614 472 631 489
108 614 472 631 489
109 614 472 631 489
110 615 472 632 489
111 615 473 632 490
112 614 474 631 491
113 614 474 631 491
114 614 473 631 490
115 614 472 631 489
116 614 472 631 489
117 615 472 632 489
118 615 472 632 489
119 615 473 632 490
120 614 473 631 490
121 613 472 630 489
122 613 472 630 489
123 613 472 630 489
124 612 472 629 489
125 612 473 629 490
126 613 473 630 490
127 614 472 631 489
128 614 472 631 489
129 614 472 631 489
130 614 473 631 490
131 614 473 631 490
132 613 472 630 489
133 612 471 629 488
134 611 471 628 488
135 611 472 628 489
136 612 472 629 489
137 613 472 630 489
138 614 473 631 490
139 614 473 631 490
140 614 473 631 490
141 614 472 631 489
142 614 472 631 489
143 613 472 630 489
144 613 472 630 489
145 613 472 630 489
146 613 472 630 489
147 614 472 631 489
148 614 472 631 489
149 614 472 631 489
150 614 472 631 489
151 614 472 631 489
152 614 472 631 489
153 612 473 629 490
154 610 474 627 491
155 608 474 625 491
156 606 476 623 493
157 602 484 619 501
158 597 493 614 510
159 607 506 624 523
160 634 528 651 545
161 653 552 670 569
162 672 581 689 598
163 688 605 705 622
164 697 625 714 642
165 700 641 717 658
166 696 652 713 669
167 687 655 704 672
168 673 651 690 668
169 655 641 672 658
170 634 626 651 643
171 615 609 632 626
172 594 596 611 613
173 564 588 581 605
174 514 582 531 599
175 447 566 464 583
176 392 557 409 574
177 351 550 368 567
178 320 546 337 563
179 343 548 360 565
180 366 546 383 563
181 373 543 390 560
182 362 537 379 554
183 347 526 364 543
184 341 511 358 528
185 324 499 341 516
186 312 497 329 514
187 311 499 328 516
188 307 508 324 525
189 315 547 332 564
190 322 568 339 585
191 319 585 336 602
192 316 589 333 606
193 315 587 332 604
194 308 583 325 600
195 304 583 321 600
196 304 583 321 600
197 305 582 322 599
198 305 582 322 599
199 305 582 322 599
200 306 582 323 599
201 305 582 322 599
202 305 582 322 599
203 305 582 322 599
204 305 582 322 599
205 305 582 322 599
206 305 582 322 599
207 305 582 322 599
208 305 582 322 599
209 304 582 321 599
