210 -1 -1 -1 -1
0 632 522 648 542
1 632 522 647 541
2 632 522 647 541
3 633 522 648 541
4 633 522 648 541
5 633 522 648 541
6 632 522 647 541
7 633 522 648 541
8 632 522 647 541
9 632 522 647 541
10 632 522 647 541
11 632 522 647 541
12 632 522 647 541
13 632 522 647 541
14 632 522 647 541
15 632 522 647 541
16 632 522 647 541
17 632 522 647 541
18 632 522 647 541
19 646 528 661 547
20 670 532 685 551
21 675 532 690 551
22 687 534 702 553
23 705 537 720 556
24 708 538 723 557
25 730 543 745 562
26 753 546 768 565
27 758 547 773 566
28 769 548 784 567
29 785 549 800 568
30 788 549 803 568
31 813 554 828 573
32 834 558 849 577
33 836 559 851 578
34 850 560 865 579
35 866 563 881 582
36 869 564 884 583
37 896 568 911 587
38 916 570 931 589
39 922 571 937 590
40 937 574 952 593
41 946 576 961 595
42 949 577 964 596
43 947 577 962 596
44 947 576 962 595
45 947 576 962 595
46 942 575 957 594
47 937 573 952 592
48 936 573 951 592
49 930 573 945 592
50 926 573 941 592
51 929 574 944 593
52 934 575 949 594
53 940 576 955 595
54 947 577 962 596
55 948 578 963 597
56 944 577 959 596
57 935 576 950 595
58 917 573 932 592
59 912 572 927 591
60 909 571 924 590
61 894 569 909 588
62 889 568 904 587
63 889 568 904 587
64 887 568 902 587
65 884 568 899 587
66 883 568 898 587
67 878 567 893 586
68 874 567 889 586
69 874 567 889 586
70 872 567 887 586
71 870 567 885 586
72 870 567 885 586
73 864 567 879 586
74 861 566 876 585
75 860 566 875 585
76 859 564 874 583
77 856 565 871 584
78 855 566 870 585
79 851 564 866 583
80 849 564 864 583
81 849 565 864 584
82 847 563 862 582
83 845 562 860 581
84 845 562 860 581
85 841 562 856 581
86 838 562 853 581
87 839 562 854 581
88 838 563 853 582
89 834 563 849 582
90 834 563 849 582
91 831 562 846 581
92 829 562 844 581
93 829 562 844 581
94 827 561 842 580
95 825 561 840 580
96 825 560 840 579
97 822 560 837 579
98 820 560 835 579
99 820 560 835 579
100 819 559 834 578
101 817 560 832 579
102 817 559 832 578
103 816 558 831 577
104 814 559 829 578
105 814 559 829 578
106 813 558 828 577
107 811 557 826 576
108 810 558 825 577
109 808 557 823 576
110 807 557 822 576
111 807 557 822 576
112 806 556 821 575
113 805 557 820 576
114 804 557 819 576
115 803 556 818 575
116 801 557 816 576
117 802 557 817 576
118 802 557 817 576
119 800 556 815 575
120 800 556 815 575
121 797 556 812 575
122 797 556 812 575
123 797 556 812 575
124 796 556 811 575
125 795 556 810 575
126 795 556 810 575
127 794 555 809 574
128 794 555 809 574
129 794 555 809 574
130 793 555 808 574
131 794 556 809 575
132 793 555 808 574
133 792 555 807 574
134 792 555 807 574
135 792 555 807 574
136 792 555 807 574
137 792 554 807 573
138 792 554 807 573
139 792 555 807 574
140 792 555 807 574
141 792 556 807 575
142 792 556 807 575
143 792 555 807 574
144 792 555 807 574
145 792 556 807 575
146 792 556 807 575
147 792 555 807 574
148 792 555 807 574
149 792 555 807 574
150 793 555 808 574
151 793 555 808 574
152 792 555 807 574
153 792 555 807 574
154 792 555 807 574
155 792 555 807 574
156 792 555 807 574
157 792 555 807 574
158 792 555 807 574
159 792 555 807 574
160 793 555 808 574
161 793 555 808 574
162 792 555 807 574
163 792 555 807 574
164 792 555 807 574
165 792 555 807 574
166 792 555 807 574
167 792 555 807 574
168 792 555 807 574
169 792 555 807 574
170 792 555 807 574
171 792 555 807 574
172 792 555 807 574
173 792 555 807 574
174 792 555 807 574
175 792 555 807 574
176 792 555 807 574
177 792 555 807 574
178 792 555 807 574
179 792 555 807 574
180 792 554 807 573
181 792 554 807 573
182 792 555 807 574
183 792 555 807 574
184 792 555 807 574
185 792 555 807 574
186 792 555 807 574
187 792 555 807 574
188 792 555 807 574
189 792 555 807 574
190 792 555 807 574
191 793 555 808 574
192 793 555 808 574
193 792 555 807 574
194 792 555 807 574
195 792 555 807 574
196 792 555 807 574
197 793 555 808 574
198 793 555 808 574
199 792 555 807 574
200 792 555 807 574
201 792 555 807 574
202 792 555 807 574
203 792 556 807 575
204 792 556 807 575
205 792 556 807 575
206 792 555 807 574
207 792 555 807 574
208 792 555 807 574
