210 -1 -1 -1 -1
0 479 517 499 539
1 479 517 498 538
2 480 517 499 538
3 479 517 498 538
4 480 517 499 538
5 480 517 499 538
6 480 517 499 538
7 480 517 499 538
8 479 517 498 538
9 479 517 498 538
10 480 517 499 538
11 480 517 499 538
12 480 517 499 538
13 484 520 503 541
14 489 522 508 543
15 502 522 521 543
16 516 521 535 542
17 542 521 561 542
18 573 523 592 544
19 618 520 637 541
20 666 522 685 543
21 711 524 730 545
22 754 527 773 548
23 803 527 822 548
24 853 524 872 545
25 906 518 925 539
26 949 513 968 534
27 978 509 997 530
28 994 506 1013 527
29 996 505 1015 526
30 975 505 994 526
31 941 507 960 528
32 902 508 921 529
33 862 509 881 530
34 826 513 845 534
35 797 516 816 537
36 773 521 792 542
37 751 531 770 552
38 706 535 725 556
39 640 526 659 547
40 594 499 613 520
41 595 486 614 507
42 606 487 625 508
43 607 485 626 506
44 605 482 624 503
45 605 482 624 503
46 604 482 623 503
47 604 481 623 502
48 604 481 623 502
49 603 480 622 501
50 603 478 622 499
51 603 478 622 499
52 603 477 622 498
53 602 476 621 497
54 602 476 621 497
55 600 474 619 495
56 599 473 618 494
57 600 474 619 495
58 600 472 619 493
59 600 471 619 492
60 600 471 619 492
61 598 470 617 491
62 598 467 617 488
63 599 468 618 489
64 598 467 617 488
65 597 466 616 487
66 597 466 616 487
67 596 465 615 486
68 596 463 615 484
69 596 463 615 484
70 596 463 615 484
71 595 463 614 484
72 595 463 614 484
73 595 461 614 482
74 594 460 613 481
75 594 460 613 481
76 594 460 613 481
77 594 459 613 480
78 594 458 613 479
79 594 457 613 478
80 593 456 612 477
81 594 455 613 476
82 593 455 612 476
83 593 455 612 476
84 593 454 612 475
85 592 453 611 474
86 590 452 609 473
87 590 452 609 473
88 590 452 609 473
89 591 451 610 472
90 591 451 610 472
91 590 451 609 472
92 590 450 609 471
93 589 450 608 471
94 589 450 608 471
95 589 450 608 471
96 589 450 608 471
97 589 449 608 470
98 589 449 608 470
99 589 449 608 470
100 589 448 608 469
101 588 448 607 469
102 588 447 607 468
103 588 447 607 468
104 587 447 606 468
105 587 446 606 467
106 587 446 606 467
107 587 446 606 467
108 587 446 606 467
109 586 446 605 467
110 586 446 605 467
111 586 446 605 467
112 586 445 605 466
113 586 446 605 467
114 586 446 605 467
115 586 446 605 467
116 586 446 605 467
117 586 446 605 467
118 586 446 605 467
119 586 445 605 466
120 587 445 606 466
121 587 445 606 466
122 587 445 606 466
123 587 445 606 466
124 586 445 605 466
125 586 445 605 466
126 586 445 605 466
127 587 445 606 466
128 586 445 605 466
129 586 445 605 466
130 587 445 606 466
131 587 445 606 466
132 587 445 606 466
133 586 445 605 466
134 586 445 605 466
135 586 445 605 466
136 586 445 605 466
137 586 445 605 466
138 586 445 605 466
139 586 445 605 466
140 587 445 606 466
141 587 445 606 466
142 586 445 605 466
143 586 445 605 466
144 586 445 605 466
145 586 445 605 466
146 586 445 605 466
147 586 445 605 466
148 587 446 606 467
149 586 445 605 466
150 586 445 605 466
151 587 445 606 466
152 586 445 605 466
153 586 445 605 466
154 586 445 605 466
155 586 445 605 466
156 587 445 606 466
157 587 445 606 466
158 586 445 605 466
159 586 445 605 466
160 586 445 605 466
161 586 445 605 466
162 586 445 605 466
163 586 445 605 466
164 586 445 605 466
165 587 445 606 466
166 586 445 605 466
167 587 445 606 466
168 586 445 605 466
169 586 445 605 466
170 587 445 606 466
171 586 445 605 466
172 586 445 605 466
173 587 445 606 466
174 586 445 605 466
175 587 445 606 466
176 587 445 606 466
177 586 445 605 466
178 586 445 605 466
179 587 445 606 466
180 587 445 606 466
181 586 445 605 466
182 586 445 605 466
183 587 445 606 466
184 586 445 605 466
185 587 445 606 466
186 587 445 606 466
187 587 445 606 466
188 586 445 605 466
189 586 445 605 466
190 586 445 605 466
191 586 445 605 466
192 586 445 605 466
193 587 445 606 466
194 586 445 605 466
195 587 445 606 466
196 587 445 606 466
197 586 445 605 466
198 586 445 605 466
199 587 445 606 466
200 586 445 605 466
201 586 445 605 466
202 587 445 606 466
203 586 445 605 466
204 586 445 605 466
205 586 445 605 466
206 587 445 606 466
207 586 445 605 466
208 586 445 605 466
