302 -1 -1 -1 -1
0 650 140 666 158
1 652 141 667 158
2 651 140 666 157
3 652 140 667 157
4 651 141 666 158
5 652 140 667 157
6 651 140 666 157
7 652 140 667 157
8 652 141 667 158
9 652 140 667 157
10 652 141 667 158
11 651 141 666 158
12 650 140 665 157
13 650 140 665 157
14 651 141 666 158
15 651 141 666 158
16 651 140 666 157
17 651 141 666 158
18 651 140 666 157
19 651 140 666 157
20 651 140 666 157
21 651 140 666 157
22 652 141 667 158
23 652 141 667 158
24 651 141 666 158
25 651 141 666 158
26 651 140 666 157
27 651 141 666 158
28 651 141 666 158
29 652 141 667 158
30 652 141 667 158
31 652 141 667 158
32 652 141 667 158
33 652 141 667 158
34 652 141 667 158
35 652 141 667 158
36 652 141 667 158
37 651 141 666 158
38 652 141 667 158
39 652 141 667 158
40 651 141 666 158
41 652 141 667 158
42 652 141 667 158
43 652 141 667 158
44 651 141 666 158
45 651 141 666 158
46 651 140 666 157
47 650 140 665 157
48 651 141 666 158
49 651 141 666 158
50 651 141 666 158
51 651 141 666 158
52 651 141 666 158
53 651 141 666 158
54 651 141 666 158
55 650 141 665 158
56 651 141 666 158
57 651 141 666 158
58 651 141 666 158
59 650 141 665 158
60 650 141 665 158
61 649 140 664 157
62 650 141 665 158
63 651 141 666 158
64 650 141 665 158
65 649 141 664 158
66 650 141 665 158
67 650 141 665 158
68 650 141 665 158
69 650 141 665 158
70 650 141 665 158
71 650 141 665 158
72 650 141 665 158
73 650 141 665 158
74 650 141 665 158
75 650 141 665 158
76 650 141 665 158
77 650 141 665 158
78 650 141 665 158
79 650 141 665 158
80 650 141 665 158
81 650 141 665 158
82 650 141 665 158
83 651 141 666 158
84 650 141 665 158
85 650 141 665 158
86 651 141 666 158
87 650 141 665 158
88 650 141 665 158
89 649 141 664 158
90 650 141 665 158
91 649 141 664 158
92 649 141 664 158
93 649 141 664 158
94 649 141 664 158
95 649 141 664 158
96 649 141 664 158
97 649 141 664 158
98 649 141 664 158
99 649 141 664 158
100 649 141 664 158
101 649 141 664 158
102 649 141 664 158
103 648 143 663 160
104 645 146 660 163
105 643 147 658 164
106 643 149 658 166
107 642 154 657 171
108 641 157 656 174
109 639 158 654 175
110 641 153 656 170
111 648 144 663 161
112 653 138 668 155
113 654 137 669 154
114 652 138 667 155
115 651 138 666 155
116 651 138 666 155
117 651 138 666 155
118 651 138 666 155
119 650 138 665 155
120 650 138 665 155
121 650 138 665 155
122 651 138 666 155
123 651 138 666 155
124 650 138 665 155
125 650 138 665 155
126 650 138 665 155
127 650 138 665 155
128 650 138 665 155
129 651 138 666 155
130 651 138 666 155
131 650 138 665 155
132 650 139 665 156
133 651 138 666 155
134 652 138 667 155
135 652 139 667 156
136 652 139 667 156
137 653 138 668 155
138 654 138 669 155
139 654 139 669 156
140 654 139 669 156
141 654 139 669 156
142 654 139 669 156
143 654 139 669 156
144 654 139 669 156
145 654 139 669 156
146 654 139 669 156
147 654 139 669 156
148 654 139 669 156
149 652 139 667 156
150 652 139 667 156
151 652 139 667 156
152 653 139 668 156
153 653 139 668 156
154 653 139 668 156
155 653 139 668 156
156 653 139 668 156
157 654 139 669 156
158 654 139 669 156
159 654 139 669 156
160 654 139 669 156
161 654 139 669 156
162 653 140 668 157
163 653 140 668 157
164 653 140 668 157
165 653 140 668 157
166 654 140 669 157
167 655 140 670 157
168 656 139 671 156
169 657 140 672 157
170 659 140 674 157
171 660 140 675 157
172 662 140 677 157
173 666 140 681 157
174 667 139 682 156
175 671 140 686 157
176 678 141 693 158
177 683 141 698 158
178 688 141 703 158
179 694 141 709 158
180 695 142 710 159
181 705 140 720 157
182 715 141 730 158
183 718 141 733 158
184 720 141 735 158
185 724 141 739 158
186 725 141 740 158
187 732 141 747 158
188 737 141 752 158
189 738 141 753 158
190 740 140 755 157
191 742 140 757 157
192 743 140 758 157
193 744 140 759 157
194 745 140 760 157
195 745 140 760 157
196 746 140 761 157
197 746 140 761 157
198 746 140 761 157
199 745 140 760 157
200 745 140 760 157
201 746 140 761 157
202 746 140 761 157
203 746 140 761 157
204 746 140 761 157
205 746 140 761 157
206 746 140 761 157
207 746 141 761 158
208 746 141 761 158
209 746 141 761 158
210 746 141 761 158
211 746 141 761 158
212 745 140 760 157
213 745 141 760 158
214 745 141 760 158
215 747 140 762 157
216 747 140 762 157
217 750 140 765 157
218 753 140 768 157
219 754 140 769 157
220 757 140 772 157
221 759 140 774 157
222 759 140 774 157
223 762 139 777 156
224 766 139 781 156
225 766 139 781 156
226 765 140 780 157
227 765 139 780 156
228 766 139 781 156
229 768 139 783 156
230 769 139 784 156
231 768 139 783 156
232 767 139 782 156
233 768 139 783 156
234 770 139 785 156
235 773 140 788 157
236 777 139 792 156
237 779 138 794 155
238 783 138 798 155
239 786 138 801 155
240 789 138 804 155
241 791 138 806 155
242 795 138 810 155
243 799 139 814 156
244 803 139 818 156
245 805 139 820 156
246 805 139 820 156
247 805 139 820 156
248 807 138 822 155
249 810 138 825 155
250 813 138 828 155
251 816 138 831 155
252 815 139 830 156
253 814 139 829 156
254 814 138 829 155
255 811 138 826 155
256 807 138 822 155
257 805 138 820 155
258 801 138 816 155
259 799 138 814 155
260 797 138 812 155
261 797 138 812 155
262 798 138 813 155
263 799 138 814 155
264 798 138 813 155
265 798 138 813 155
266 799 138 814 155
267 798 138 813 155
268 798 138 813 155
269 803 138 818 155
270 811 138 826 155
271 819 139 834 156
272 825 140 840 157
273 830 141 845 158
274 834 141 849 158
275 835 141 850 158
276 836 141 851 158
277 835 141 850 158
278 833 140 848 157
279 832 140 847 157
280 830 140 845 157
281 827 140 842 157
282 828 139 843 156
283 831 140 846 157
284 836 141 851 158
285 838 141 853 158
286 838 141 853 158
287 839 141 854 158
288 839 141 854 158
289 840 141 855 158
290 842 141 857 158
291 842 141 857 158
292 841 141 856 158
293 841 141 856 158
294 841 141 856 158
295 841 141 856 158
296 840 141 855 158
297 840 141 855 158
298 841 141 856 158
299 839 141 854 158
300 834 140 849 157
