302 -1 -1 -1 -1
0 509 406 528 427
1 509 407 527 427
2 510 406 528 426
3 510 406 528 426
4 509 406 527 426
5 509 406 527 426
6 509 406 527 426
7 509 406 527 426
8 509 406 527 426
9 510 406 528 426
10 510 406 528 426
11 510 407 528 427
12 509 407 527 427
13 509 407 527 427
14 509 406 527 426
15 510 407 528 427
16 509 406 527 426
17 510 406 528 426
18 510 406 528 426
19 509 406 527 426
20 509 406 527 426
21 511 406 529 426
22 509 407 527 427
23 509 407 527 427
24 509 406 527 426
25 509 407 527 427
26 509 406 527 426
27 509 406 527 426
28 509 406 527 426
29 510 406 528 426
30 509 407 527 427
31 509 406 527 426
32 509 407 527 427
33 509 407 527 427
34 510 407 528 427
35 509 406 527 426
36 510 406 528 426
37 510 406 528 426
38 510 406 528 426
39 510 406 528 426
40 510 406 528 426
41 510 406 528 426
42 510 406 528 426
43 510 406 528 426
44 509 406 527 426
45 509 406 527 426
46 509 406 527 426
47 509 406 527 426
48 510 406 528 426
49 510 406 528 426
50 509 406 527 426
51 510 406 528 426
52 510 406 528 426
53 509 407 527 427
54 509 406 527 426
55 509 407 527 427
56 509 406 527 426
57 509 407 527 427
58 509 407 527 427
59 509 407 527 427
60 509 407 527 427
61 509 407 527 427
62 509 406 527 426
63 509 406 527 426
64 509 407 527 427
65 509 407 527 427
66 509 407 527 427
67 509 407 527 427
68 509 407 527 427
69 509 406 527 426
70 509 407 527 427
71 509 407 527 427
72 509 407 527 427
73 509 407 527 427
74 509 407 527 427
75 509 407 527 427
76 509 407 527 427
77 509 407 527 427
78 509 407 527 427
79 509 407 527 427
80 509 407 527 427
81 509 407 527 427
82 509 407 527 427
83 509 407 527 427
84 509 407 527 427
85 509 407 527 427
86 509 407 527 427
87 509 407 527 427
88 510 407 528 427
89 510 407 528 427
90 509 407 527 427
91 509 407 527 427
92 509 407 527 427
93 509 407 527 427
94 509 407 527 427
95 509 407 527 427
96 509 407 527 427
97 509 407 527 427
98 509 407 527 427
99 509 406 527 426
100 509 406 527 426
101 509 407 527 427
102 509 407 527 427
103 510 407 528 427
104 509 407 527 427
105 510 407 528 427
106 510 407 528 427
107 509 407 527 427
108 509 406 527 426
109 509 407 527 427
110 509 407 527 427
111 509 407 527 427
112 510 407 528 427
113 510 407 528 427
114 509 407 527 427
115 509 407 527 427
116 509 407 527 427
117 509 407 527 427
118 509 407 527 427
119 509 407 527 427
120 510 407 528 427
121 510 407 528 427
122 510 407 528 427
123 510 407 528 427
124 509 407 527 427
125 510 407 528 427
126 509 407 527 427
127 510 407 528 427
128 509 407 527 427
129 510 407 528 427
130 509 407 527 427
131 510 407 528 427
132 510 407 528 427
133 510 407 528 427
134 510 407 528 427
135 510 407 528 427
136 510 407 528 427
137 509 407 527 427
138 510 406 528 426
139 510 407 528 427
140 509 407 527 427
141 510 407 528 427
142 510 407 528 427
143 509 407 527 427
144 509 407 527 427
145 509 410 527 430
146 507 416 525 436
147 506 417 524 437
148 503 422 521 442
149 500 432 518 452
150 500 434 518 454
151 495 445 513 465
152 492 453 510 473
153 491 454 509 474
154 490 459 508 479
155 488 466 506 486
156 488 466 506 486
157 484 477 502 497
158 481 485 499 505
159 481 485 499 505
160 478 490 496 510
161 476 497 494 517
162 475 498 493 518
163 471 508 489 528
164 467 516 485 536
165 467 517 485 537
166 465 521 483 541
167 461 528 479 548
168 460 530 478 550
169 458 540 476 560
170 453 549 471 569
171 451 550 469 570
172 450 554 468 574
173 450 562 468 582
174 450 564 468 584
175 446 569 464 589
176 442 571 460 591
177 441 571 459 591
178 442 567 460 587
179 442 564 460 584
180 442 563 460 583
181 442 557 460 577
182 440 551 458 571
183 439 550 457 570
184 439 548 457 568
185 439 544 457 564
186 438 543 456 563
187 437 536 455 556
188 438 531 456 551
189 438 531 456 551
190 436 528 454 548
191 434 523 452 543
192 434 523 452 543
193 435 516 453 536
194 434 512 452 532
195 434 512 452 532
196 434 508 452 528
197 435 503 453 523
198 435 502 453 522
199 434 497 452 517
200 432 493 450 513
201 431 493 449 513
202 430 493 448 513
203 428 492 446 512
204 428 491 446 511
205 422 492 440 512
206 417 492 435 512
207 417 492 435 512
208 413 492 431 512
209 410 492 428 512
210 410 492 428 512
211 407 492 425 512
212 403 492 421 512
213 401 492 419 512
214 399 492 417 512
215 396 491 414 511
216 395 491 413 511
217 392 491 410 511
218 389 491 407 511
219 388 491 406 511
220 386 491 404 511
221 384 491 402 511
222 384 491 402 511
223 381 491 399 511
224 378 491 396 511
225 377 491 395 511
226 376 492 394 512
227 374 492 392 512
228 374 492 392 512
229 370 492 388 512
230 368 492 386 512
231 367 491 385 511
232 365 491 383 511
233 365 492 383 512
234 364 492 382 512
235 360 491 378 511
236 358 491 376 511
237 357 491 375 511
238 356 492 374 512
239 356 492 374 512
240 356 492 374 512
241 355 492 373 512
242 351 492 369 512
243 349 491 367 511
244 348 490 366 510
245 347 490 365 510
246 347 490 365 510
247 346 491 364 511
248 346 491 364 511
249 347 491 365 511
250 347 491 365 511
251 348 491 366 511
252 347 490 365 510
253 348 490 366 510
254 348 490 366 510
255 348 490 366 510
256 350 490 368 510
257 349 490 367 510
258 349 490 367 510
259 350 491 368 511
260 352 491 370 511
261 353 491 371 511
262 352 491 370 511
263 351 491 369 511
264 351 491 369 511
265 352 491 370 511
266 353 491 371 511
267 353 491 371 511
268 353 491 371 511
269 354 491 372 511
270 355 491 373 511
271 355 491 373 511
272 355 491 373 511
273 354 491 372 511
274 355 491 373 511
275 355 491 373 511
276 355 491 373 511
277 355 491 373 511
278 355 491 373 511
279 355 491 373 511
280 355 491 373 511
281 355 491 373 511
282 355 491 373 511
283 355 491 373 511
284 355 491 373 511
285 355 491 373 511
286 355 491 373 511
287 355 491 373 511
288 355 491 373 511
289 355 491 373 511
290 355 491 373 511
291 355 491 373 511
292 355 491 373 511
293 355 492 373 512
294 355 492 373 512
295 355 492 373 512
296 355 491 373 511
297 355 491 373 511
298 355 492 373 512
299 356 492 374 512
300 356 492 374 512
