212 -1 -1 -1 -1
0 760 436 780 458
1 760 436 779 457
2 762 438 781 459
3 763 438 782 459
4 763 438 782 459
5 762 438 781 459
6 762 438 781 459
7 762 438 781 459
8 762 438 781 459
9 762 438 781 459
10 763 438 782 459
11 763 438 782 459
12 762 438 781 459
13 763 438 782 459
14 762 438 781 459
15 762 438 781 459
16 763 438 782 459
17 762 438 781 459
18 762 438 781 459
19 762 438 781 459
20 763 438 782 459
21 762 438 781 459
22 763 439 782 460
23 763 438 782 459
24 763 438 782 459
25 763 438 782 459
26 763 438 782 459
27 763 438 782 459
28 762 438 781 459
29 763 439 782 460
30 763 439 782 460
31 763 439 782 460
32 763 438 782 459
33 764 438 783 459
34 763 439 782 460
35 763 439 782 460
36 764 439 783 460
37 763 439 782 460
38 763 439 782 460
39 764 438 783 459
40 763 439 782 460
41 763 439 782 460
42 763 439 782 460
43 763 438 782 459
44 762 439 781 460
45 762 439 781 460
46 762 439 781 460
47 763 439 782 460
48 762 439 781 460
49 763 438 782 459
50 763 439 782 460
51 763 439 782 460
52 763 439 782 460
53 763 439 782 460
54 763 439 782 460
55 763 439 782 460
56 763 438 782 459
57 763 439 782 460
58 763 439 782 460
59 763 439 782 460
60 763 439 782 460
61 763 439 782 460
62 763 439 782 460
63 763 438 782 459
64 763 438 782 459
65 763 438 782 459
66 763 438 782 459
67 764 438 783 459
68 755 444 774 465
69 745 450 764 471
70 729 459 748 480
71 711 468 730 489
72 707 469 726 490
73 700 475 719 496
74 690 482 709 503
75 689 483 708 504
76 691 490 710 511
77 692 493 711 514
78 692 493 711 514
79 693 495 712 516
80 696 501 715 522
81 697 502 716 523
82 698 504 717 525
83 700 508 719 529
84 700 508 719 529
85 700 510 719 531
86 705 516 724 537
87 706 517 725 538
88 707 518 726 539
89 708 521 727 542
90 708 522 727 543
91 709 524 728 545
92 712 529 731 550
93 713 530 732 551
94 714 532 733 553
95 715 535 734 556
96 716 535 735 556
97 718 537 737 558
98 722 542 741 563
99 722 543 741 564
100 723 546 742 567
101 725 548 744 569
102 726 549 745 570
103 727 551 746 572
104 730 556 749 577
105 730 557 749 578
106 731 558 750 579
107 732 560 751 581
108 732 561 751 582
109 735 563 754 584
110 739 566 758 587
111 739 566 758 587
112 740 567 759 588
113 741 567 760 588
114 742 567 761 588
115 744 569 763 590
116 746 568 765 589
117 747 567 766 588
118 748 565 767 586
119 750 565 769 586
120 751 565 770 586
121 753 566 772 587
122 756 565 775 586
123 756 565 775 586
124 757 563 776 584
125 759 563 778 584
126 759 563 778 584
127 760 561 779 582
128 761 558 780 579
129 761 558 780 579
130 762 557 781 578
131 763 555 782 576
132 763 555 782 576
133 765 555 784 576
134 769 552 788 573
135 770 551 789 572
136 769 550 788 571
137 770 549 789 570
138 771 548 790 569
139 772 548 791 569
140 773 546 792 567
141 774 546 793 567
142 776 544 795 565
143 777 543 796 564
144 777 543 796 564
145 777 542 796 563
146 779 540 798 561
147 779 539 798 560
148 780 539 799 560
149 781 538 800 559
150 781 537 800 558
151 783 536 802 557
152 786 535 805 556
153 786 534 805 555
154 786 533 805 554
155 787 532 806 553
156 788 532 807 553
157 788 531 807 552
158 790 530 809 551
159 790 530 809 551
160 790 529 809 550
161 790 529 809 550
162 790 529 809 550
163 792 527 811 548
164 793 525 812 546
165 793 526 812 547
166 793 526 812 547
167 794 524 813 545
168 794 524 813 545
169 796 523 815 544
170 797 522 816 543
171 798 522 817 543
172 797 521 816 542
173 797 522 816 543
174 797 521 816 542
175 798 521 817 542
176 799 519 818 540
177 800 519 819 540
178 802 519 821 540
179 802 519 821 540
180 802 519 821 540
181 802 519 821 540
182 803 517 822 538
183 803 517 822 538
184 803 517 822 538
185 803 516 822 537
186 803 516 822 537
187 803 516 822 537
188 805 515 824 536
189 805 515 824 536
190 804 515 823 536
191 805 514 824 535
192 805 514 824 535
193 805 515 824 536
194 806 514 825 535
195 805 513 824 534
196 805 513 824 534
197 806 513 825 534
198 806 513 825 534
199 806 513 825 534
200 805 513 824 534
201 805 513 824 534
202 806 512 825 533
203 805 512 824 533
204 805 512 824 533
205 806 512 825 533
206 806 512 825 533
207 805 512 824 533
208 807 512 826 533
209 806 512 825 533
210 806 511 825 532
