212 -1 -1 -1 -1
0 668 485 689 509
1 669 485 689 508
2 668 486 688 509
3 668 486 688 509
4 668 486 688 509
5 668 486 688 509
6 668 486 688 509
7 668 486 688 509
8 669 486 689 509
9 668 486 688 509
10 668 486 688 509
11 668 486 688 509
12 668 486 688 509
13 668 486 688 509
14 668 486 688 509
15 668 486 688 509
16 668 486 688 509
17 668 486 688 509
18 668 486 688 509
19 668 486 688 509
20 668 486 688 509
21 668 486 688 509
22 668 486 688 509
23 668 486 688 509
24 668 486 688 509
25 668 486 688 509
26 668 486 688 509
27 668 486 688 509
28 668 486 688 509
29 668 486 688 509
30 668 486 688 509
31 668 486 688 509
32 668 486 688 509
33 668 486 688 509
34 668 486 688 509
35 668 486 688 509
36 668 486 688 509
37 668 486 688 509
38 668 486 688 509
39 668 486 688 509
40 668 486 688 509
41 668 486 688 509
42 668 486 688 509
43 668 486 688 509
44 668 486 688 509
45 668 486 688 509
46 668 486 688 509
47 668 486 688 509
48 668 486 688 509
49 668 486 688 509
50 668 486 688 509
51 668 486 688 509
52 668 486 688 509
53 668 486 688 509
54 668 486 688 509
55 668 486 688 509
56 668 486 688 509
57 668 486 688 509
58 668 486 688 509
59 668 486 688 509
60 668 486 688 509
61 668 486 688 509
62 668 486 688 509
63 668 486 688 509
64 668 486 688 509
65 668 486 688 509
66 668 486 688 509
67 668 486 688 509
68 668 486 688 509
69 668 486 688 509
70 668 486 688 509
71 668 486 688 509
72 668 486 688 509
73 669 486 689 509
74 668 486 688 509
75 667 486 687 509
76 653 491 673 514
77 635 498 655 521
78 631 500 651 523
79 622 499 642 522
80 609 494 629 517
81 614 478 634 501
82 630 450 650 473
83 619 450 639 473
84 621 451 641 474
85 632 449 652 472
86 655 443 675 466
87 673 441 693 464
88 688 441 708 464
89 691 442 711 465
90 689 443 709 466
91 685 444 705 467
92 683 444 703 467
93 682 443 702 466
94 682 443 702 466
95 681 442 701 465
96 680 442 700 465
97 680 442 700 465
98 682 442 702 465
99 683 442 703 465
100 681 442 701 465
101 681 441 701 464
102 681 442 701 465
103 681 442 701 465
104 681 442 701 465
105 681 442 701 465
106 681 442 701 465
107 681 442 701 465
108 682 442 702 465
109 681 442 701 465
110 682 443 702 466
111 683 443 703 466
112 683 443 703 466
113 685 442 705 465
114 685 443 705 466
115 684 443 704 466
116 683 443 703 466
117 680 442 700 465
118 679 443 699 466
119 684 443 704 466
120 688 443 708 466
121 688 443 708 466
122 689 443 709 466
123 690 443 710 466
124 691 444 711 467
125 690 444 710 467
126 690 444 710 467
127 690 444 710 467
128 690 444 710 467
129 690 444 710 467
130 690 444 710 467
131 690 444 710 467
132 691 443 711 466
133 690 443 710 466
134 689 444 709 467
135 689 444 709 467
136 690 444 710 467
137 690 444 710 467
138 689 444 709 467
139 689 444 709 467
140 690 444 710 467
141 690 444 710 467
142 690 444 710 467
143 690 444 710 467
144 690 444 710 467
145 690 443 710 466
146 690 443 710 466
147 690 444 710 467
148 689 444 709 467
149 688 444 708 467
150 688 444 708 467
151 689 444 709 467
152 689 444 709 467
153 690 444 710 467
154 690 444 710 467
155 690 444 710 467
156 689 444 709 467
157 689 444 709 467
158 688 444 708 467
159 688 444 708 467
160 688 444 708 467
161 688 444 708 467
162 689 444 709 467
163 690 444 710 467
164 690 444 710 467
165 690 444 710 467
166 690 444 710 467
167 690 444 710 467
168 689 444 709 467
169 689 444 709 467
170 689 444 709 467
171 690 444 710 467
172 690 444 710 467
173 689 444 709 467
174 689 444 709 467
175 690 444 710 467
176 691 444 711 467
177 691 444 711 467
178 690 444 710 467
179 689 445 709 468
180 689 445 709 468
181 688 445 708 468
182 688 445 708 468
183 689 445 709 468
184 689 445 709 468
185 688 445 708 468
186 688 445 708 468
187 688 445 708 468
188 688 445 708 468
189 689 445 709 468
190 688 445 708 468
191 687 445 707 468
192 687 445 707 468
193 686 445 706 468
194 685 445 705 468
195 685 445 705 468
196 686 445 706 468
197 685 444 705 467
198 685 444 705 467
199 686 444 706 467
200 685 444 705 467
201 684 444 704 467
202 683 444 703 467
203 683 444 703 467
204 683 443 703 466
205 685 443 705 466
206 684 444 704 467
207 682 444 702 467
208 681 444 701 467
209 681 443 701 466
210 682 443 702 466
