331 -1 -1 -1 -1
0 523 559 545 583
1 523 560 544 583
2 522 560 543 583
3 523 563 544 586
4 525 570 546 593
5 527 578 548 601
6 529 586 550 609
7 530 591 551 614
8 531 592 552 615
9 531 591 552 614
10 531 589 552 612
11 530 586 551 609
12 528 583 549 606
13 527 581 548 604
14 527 580 548 603
15 527 580 548 603
16 527 581 548 604
17 528 582 549 605
18 528 581 549 604
19 528 581 549 604
20 527 581 548 604
21 527 582 548 605
22 527 582 548 605
23 527 581 548 604
24 527 579 548 602
25 527 577 548 600
26 527 577 548 600
27 526 577 547 600
28 526 578 547 601
29 526 577 547 600
30 526 576 547 599
31 526 575 547 598
32 526 575 547 598
33 526 575 547 598
34 526 574 547 597
35 526 573 547 596
36 525 573 546 596
37 525 574 546 597
38 525 574 546 597
39 525 574 546 597
40 526 574 547 597
41 526 574 547 597
42 526 574 547 597
43 525 573 546 596
44 525 573 546 596
45 526 573 547 596
46 526 573 547 596
47 525 573 546 596
48 525 573 546 596
49 526 573 547 596
50 526 573 547 596
51 526 573 547 596
52 526 574 547 597
53 526 575 547 598
54 526 576 547 599
55 526 577 547 600
56 526 577 547 600
57 526 577 547 600
58 527 578 548 601
59 528 580 549 603
60 528 583 549 606
61 529 584 550 607
62 530 585 551 608
63 531 587 552 610
64 532 588 553 611
65 532 590 553 613
66 533 588 554 611
67 532 586 553 609
68 532 581 553 604
69 534 573 555 596
70 538 562 559 585
71 541 551 562 574
72 545 541 566 564
73 546 535 567 558
74 550 533 571 556
75 557 534 578 557
76 565 532 586 555
77 573 532 594 555
78 581 533 602 556
79 584 536 605 559
80 589 540 610 563
81 596 546 617 569
82 603 552 624 575
83 611 547 632 570
84 615 538 636 561
85 616 530 637 553
86 618 526 639 549
87 621 528 642 551
88 623 535 644 558
89 623 544 644 567
90 623 551 644 574
91 623 554 644 577
92 623 556 644 579
93 624 557 645 580
94 625 556 646 579
95 627 554 648 577
96 628 552 649 575
97 629 551 650 574
98 630 551 651 574
99 632 550 653 573
100 633 549 654 572
101 635 549 656 572
102 637 546 658 569
103 638 543 659 566
104 641 541 662 564
105 644 540 665 563
106 647 541 668 564
107 650 543 671 566
108 651 549 672 572
109 651 555 672 578
110 650 560 671 583
111 650 563 671 586
112 650 564 671 587
113 651 565 672 588
114 652 563 673 586
115 652 561 673 584
116 651 558 672 581
117 648 554 669 577
118 645 548 666 571
119 643 543 664 566
120 641 539 662 562
121 640 537 661 560
122 640 537 661 560
123 640 540 661 563
124 640 543 661 566
125 639 546 660 569
126 637 547 658 570
127 635 546 656 569
128 632 545 653 568
129 629 545 650 568
130 627 545 648 568
131 626 547 647 570
132 626 550 647 573
133 626 552 647 575
134 627 554 648 577
135 629 553 650 576
136 630 552 651 575
137 631 551 652 574
138 632 549 653 572
139 632 549 653 572
140 631 549 652 572
141 631 549 652 572
142 631 549 652 572
143 631 550 652 573
144 629 551 650 574
145 628 551 649 574
146 628 551 649 574
147 628 551 649 574
148 629 550 650 573
149 629 549 650 572
150 629 548 650 571
151 628 548 649 571
152 627 549 648 572
153 627 551 648 574
154 627 552 648 575
155 627 551 648 574
156 627 549 648 572
157 627 545 648 568
158 628 543 649 566
159 628 543 649 566
160 628 544 649 567
161 627 544 648 567
162 625 545 646 568
163 623 546 644 569
164 622 549 643 572
165 620 551 641 574
166 619 552 640 575
167 619 551 640 574
168 619 548 640 571
169 620 545 641 568
170 621 543 642 566
171 621 542 642 565
172 621 542 642 565
173 620 543 641 566
174 618 545 639 568
175 617 546 638 569
176 617 545 638 568
177 617 543 638 566
178 617 540 638 563
179 618 539 639 562
180 619 539 640 562
181 620 541 641 564
182 619 544 640 567
183 617 547 638 570
184 616 549 637 572
185 615 550 636 573
186 615 550 636 573
187 616 548 637 571
188 617 544 638 567
189 620 539 641 562
190 621 536 642 559
191 622 534 643 557
192 622 534 643 557
193 622 534 643 557
194 622 536 643 559
195 622 539 643 562
196 621 542 642 565
197 619 544 640 567
198 618 544 639 567
199 618 544 639 567
200 619 542 640 565
201 620 539 641 562
202 621 536 642 559
203 622 533 643 556
204 623 530 644 553
205 622 528 643 551
206 621 529 642 552
207 619 532 640 555
208 617 537 638 560
209 615 542 636 565
210 615 545 636 568
211 615 547 636 570
212 616 546 637 569
213 617 543 638 566
214 618 541 639 564
215 619 540 640 563
216 620 540 641 563
217 621 541 642 564
218 622 543 643 566
219 623 546 644 569
220 624 547 645 570
221 625 546 646 569
222 627 546 648 569
223 628 546 649 569
224 628 547 649 570
225 629 549 650 572
226 633 549 654 572
227 638 547 659 570
228 644 544 665 567
229 647 541 668 564
230 652 540 673 563
231 662 541 683 564
232 678 545 699 568
233 693 554 714 577
234 705 567 726 590
235 709 579 730 602
236 713 586 734 609
237 723 587 744 610
238 739 587 760 610
239 759 585 780 608
240 779 581 800 604
241 792 575 813 598
242 802 569 823 592
243 813 567 834 590
244 825 565 846 588
245 837 563 858 586
246 849 560 870 583
247 857 554 878 577
248 865 548 886 571
249 877 544 898 567
250 890 540 911 563
251 904 536 925 559
252 917 531 938 554
253 924 524 945 547
254 933 514 954 537
255 946 505 967 528
256 961 498 982 521
257 974 496 995 519
258 985 498 1006 521
259 990 501 1011 524
260 991 504 1012 527
261 992 509 1013 532
262 996 512 1017 535
263 1002 512 1023 535
264 1007 505 1028 528
265 1007 493 1028 516
266 1007 482 1028 505
267 1004 470 1025 493
268 987 450 1008 473
269 964 426 985 449
270 942 401 963 424
271 921 376 942 399
272 901 351 922 374
273 881 325 902 348
274 862 299 883 322
275 842 278 863 301
276 822 264 843 287
277 801 258 822 281
278 778 256 799 279
279 753 256 774 279
280 728 257 749 280
281 705 259 726 282
282 680 262 701 285
283 653 266 674 289
284 625 270 646 293
285 603 275 624 298
286 584 281 605 304
287 566 286 587 309
288 553 289 574 312
289 543 291 564 314
290 536 292 557 315
291 534 292 555 315
292 537 294 558 317
293 547 296 568 319
294 567 298 588 321
295 591 302 612 325
296 616 306 637 329
297 641 307 662 330
298 664 307 685 330
299 688 311 709 334
300 710 311 731 334
301 736 313 757 336
302 765 316 786 339
303 793 321 814 344
304 819 325 840 348
305 847 331 868 354
306 871 341 892 364
307 895 356 916 379
308 912 373 933 396
309 921 393 942 416
310 928 416 949 439
311 937 442 958 465
312 945 465 966 488
313 956 491 977 514
314 974 521 995 544
315 990 546 1011 569
316 999 559 1020 582
317 1007 569 1028 592
318 1012 576 1033 599
319 1016 586 1037 609
320 1019 595 1040 618
321 1020 600 1041 623
322 1019 602 1040 625
323 1018 601 1039 624
324 1017 600 1038 623
325 1017 599 1038 622
326 1017 598 1038 621
327 1017 597 1038 620
328 1017 597 1038 620
329 1017 597 1038 620
