331 -1 -1 -1 -1
0 506 419 526 439
1 507 419 526 438
2 506 419 525 438
3 507 419 526 438
4 507 419 526 438
5 506 418 525 437
6 503 412 522 431
7 499 405 518 424
8 494 390 513 409
9 484 361 503 380
10 467 318 486 337
11 452 281 471 300
12 441 253 460 272
13 433 233 452 252
14 430 226 449 245
15 426 217 445 236
16 420 200 439 219
17 412 175 431 194
18 402 150 421 169
19 395 133 414 152
20 391 125 410 144
21 388 114 407 133
22 382 98 401 117
23 375 79 394 98
24 373 60 392 79
25 375 44 394 63
26 386 41 405 60
27 395 44 414 63
28 400 48 419 67
29 402 52 421 71
30 393 63 412 82
31 375 82 394 101
32 361 101 380 120
33 358 115 377 134
34 369 120 388 139
35 376 126 395 145
36 376 134 395 153
37 374 136 393 155
38 374 142 393 161
39 375 152 394 171
40 375 161 394 180
41 375 170 394 189
42 376 180 395 199
43 376 182 395 201
44 376 188 395 207
45 376 197 395 216
46 377 208 396 227
47 377 218 396 237
48 378 228 397 247
49 379 229 398 248
50 379 236 398 255
51 379 248 398 267
52 379 258 398 277
53 379 268 398 287
54 379 278 398 297
55 379 280 398 299
56 379 288 398 307
57 379 299 398 318
58 379 310 398 329
59 380 321 399 340
60 380 332 399 351
61 380 333 399 352
62 380 343 399 362
63 380 355 399 374
64 381 367 400 386
65 382 379 401 398
66 382 390 401 409
67 382 392 401 411
68 382 401 401 420
69 382 413 401 432
70 383 427 402 446
71 383 442 402 461
72 385 459 404 478
73 388 468 407 487
74 387 470 406 489
75 385 472 404 491
76 382 476 401 495
77 372 474 391 493
78 362 471 381 490
79 363 473 382 492
80 361 478 380 497
81 357 482 376 501
82 353 486 372 505
83 347 489 366 508
84 340 491 359 510
85 340 491 359 510
86 337 495 356 514
87 332 498 351 517
88 327 502 346 521
89 324 506 343 525
90 320 510 339 529
91 320 510 339 529
92 317 514 336 533
93 312 518 331 537
94 306 522 325 541
95 301 526 320 545
96 298 529 317 548
97 297 530 316 549
98 295 533 314 552
99 290 537 309 556
100 286 541 305 560
101 282 545 301 564
102 277 548 296 567
103 276 548 295 567
104 273 551 292 570
105 272 555 291 574
106 273 558 292 577
107 274 562 293 581
108 275 566 294 585
109 275 566 294 585
110 276 568 295 587
111 277 572 296 591
112 278 575 297 594
113 280 578 299 597
114 281 581 300 600
115 281 581 300 600
116 281 583 300 602
117 282 586 301 605
118 284 590 303 609
119 283 591 302 610
120 284 592 303 611
121 285 592 304 611
122 284 593 303 612
123 285 593 304 612
124 286 592 305 611
125 288 591 307 610
126 290 590 309 609
127 290 590 309 609
128 290 589 309 608
129 291 588 310 607
130 292 586 311 605
131 294 585 313 604
132 294 583 313 602
133 293 582 312 601
134 294 581 313 600
135 295 580 314 599
136 297 578 316 597
137 297 576 316 595
138 299 575 318 594
139 299 575 318 594
140 298 574 317 593
141 299 572 318 591
142 300 571 319 590
143 300 569 319 588
144 302 568 321 587
145 302 568 321 587
146 302 567 321 586
147 301 565 320 584
148 304 564 323 583
149 304 563 323 582
150 305 562 324 581
151 305 562 324 581
152 305 561 324 580
153 306 560 325 579
154 307 559 326 578
155 307 557 326 576
156 308 557 327 576
157 308 557 327 576
158 308 556 327 575
159 309 555 328 574
160 310 554 329 573
161 310 553 329 572
162 310 552 329 571
163 310 552 329 571
164 310 551 329 570
165 311 550 330 569
166 310 549 329 568
167 311 548 330 567
168 311 547 330 566
169 311 547 330 566
170 311 547 330 566
171 312 546 331 565
172 312 545 331 564
173 312 545 331 564
174 313 544 332 563
175 313 544 332 563
176 313 543 332 562
177 313 542 332 561
178 312 542 331 561
179 313 542 332 561
180 314 542 333 561
181 314 542 333 561
182 314 541 333 560
183 314 540 333 559
184 314 540 333 559
185 314 539 333 558
186 314 539 333 558
187 314 539 333 558
188 315 539 334 558
189 315 539 334 558
190 315 539 334 558
191 316 539 335 558
192 316 538 335 557
193 315 538 334 557
194 315 538 334 557
195 315 537 334 556
196 315 537 334 556
197 315 537 334 556
198 316 538 335 557
199 316 538 335 557
200 316 538 335 557
201 315 537 334 556
202 315 537 334 556
203 315 538 334 557
204 315 538 334 557
205 316 538 335 557
206 316 538 335 557
207 316 538 335 557
208 315 537 334 556
209 316 538 335 557
210 316 538 335 557
211 316 538 335 557
212 316 538 335 557
213 315 537 334 556
214 315 537 334 556
215 316 537 335 556
216 316 538 335 557
217 316 538 335 557
218 316 538 335 557
219 316 538 335 557
220 316 538 335 557
221 316 538 335 557
222 316 538 335 557
223 316 538 335 557
224 316 538 335 557
225 316 538 335 557
226 316 538 335 557
227 316 538 335 557
228 315 538 334 557
229 315 538 334 557
230 315 538 334 557
231 315 537 334 556
232 316 537 335 556
233 316 538 335 557
234 315 537 334 556
235 315 537 334 556
236 315 537 334 556
237 315 538 334 557
238 315 538 334 557
239 316 538 335 557
240 315 537 334 556
241 315 537 334 556
242 315 538 334 557
243 315 537 334 556
244 315 537 334 556
245 316 538 335 557
246 316 538 335 557
247 315 538 334 557
248 315 538 334 557
249 315 537 334 556
250 315 537 334 556
251 315 537 334 556
252 315 538 334 557
253 315 538 334 557
254 315 537 334 556
255 316 537 335 556
256 316 538 335 557
257 315 537 334 556
258 314 537 333 556
259 314 537 333 556
260 314 537 333 556
261 314 537 333 556
262 314 537 333 556
263 314 537 333 556
264 314 537 333 556
265 314 537 333 556
266 314 537 333 556
267 314 537 333 556
268 314 537 333 556
269 315 538 334 557
270 315 538 334 557
271 315 537 334 556
272 315 537 334 556
273 315 537 334 556
274 315 538 334 557
275 315 538 334 557
276 315 538 334 557
277 314 538 333 557
278 315 538 334 557
279 315 538 334 557
280 315 538 334 557
281 315 538 334 557
282 315 537 334 556
283 315 537 334 556
284 315 537 334 556
285 315 538 334 557
286 315 538 334 557
287 315 538 334 557
288 315 538 334 557
289 315 538 334 557
290 315 538 334 557
291 315 538 334 557
292 315 538 334 557
293 315 538 334 557
294 315 538 334 557
295 315 538 334 557
296 315 538 334 557
297 316 538 335 557
298 316 538 335 557
299 315 538 334 557
300 315 537 334 556
301 315 537 334 556
302 315 538 334 557
303 315 538 334 557
304 315 538 334 557
305 315 538 334 557
306 315 538 334 557
307 315 538 334 557
308 316 538 335 557
309 316 537 335 556
310 315 537 334 556
311 315 538 334 557
312 315 538 334 557
313 315 538 334 557
314 315 538 334 557
315 315 537 334 556
316 315 538 334 557
317 316 538 335 557
318 316 537 335 556
319 315 537 334 556
320 316 537 335 556
321 316 538 335 557
322 315 538 334 557
323 316 537 335 556
324 315 537 334 556
325 316 538 335 557
326 316 538 335 557
327 316 538 335 557
328 315 538 334 557
329 315 538 334 557
