216 -1 -1 -1 -1
0 630 271 648 290
1 630 272 647 290
2 630 271 647 289
3 630 272 647 290
4 630 272 647 290
5 630 272 647 290
6 631 271 648 289
7 630 271 647 289
8 630 272 647 290
9 630 272 647 290
10 630 272 647 290
11 630 272 647 290
12 630 271 647 289
13 631 271 648 289
14 630 271 647 289
15 631 271 648 289
16 630 271 647 289
17 630 271 647 289
18 630 272 647 290
19 630 271 647 289
20 630 272 647 290
21 630 271 647 289
22 630 271 647 289
23 631 271 648 289
24 630 272 647 290
25 630 271 647 289
26 631 272 648 290
27 630 271 647 289
28 630 272 647 290
29 630 272 647 290
30 630 272 647 290
31 630 271 647 289
32 631 272 648 290
33 631 272 648 290
34 631 272 648 290
35 631 272 648 290
36 631 272 648 290
37 630 272 647 290
38 630 272 647 290
39 631 272 648 290
40 631 272 648 290
41 631 272 648 290
42 630 272 647 290
43 631 272 648 290
44 631 272 648 290
45 631 272 648 290
46 630 272 647 290
47 631 272 648 290
48 630 272 647 290
49 631 272 648 290
50 630 272 647 290
51 631 271 648 289
52 631 272 648 290
53 631 272 648 290
54 631 272 648 290
55 631 272 648 290
56 631 272 648 290
57 630 272 647 290
58 631 272 648 290
59 631 272 648 290
60 631 272 648 290
61 631 272 648 290
62 631 272 648 290
63 631 272 648 290
64 631 272 648 290
65 631 272 648 290
66 631 272 648 290
67 630 272 647 290
68 631 272 648 290
69 631 272 648 290
70 631 272 648 290
71 630 272 647 290
72 641 273 658 291
73 657 273 674 291
74 673 273 690 291
75 687 273 704 291
76 700 272 717 290
77 701 273 718 291
78 709 273 726 291
79 722 272 739 290
80 733 272 750 290
81 745 272 762 290
82 756 272 773 290
83 758 272 775 290
84 766 272 783 290
85 778 271 795 289
86 789 272 806 290
87 800 271 817 289
88 812 271 829 289
89 813 271 830 289
90 821 271 838 289
91 832 271 849 289
92 844 271 861 289
93 854 271 871 289
94 866 271 883 289
95 867 271 884 289
96 875 271 892 289
97 886 271 903 289
98 897 271 914 289
99 908 271 925 289
100 918 271 935 289
101 920 270 937 288
102 928 270 945 288
103 938 270 955 288
104 949 269 966 287
105 956 269 973 287
106 957 269 974 287
107 953 268 970 286
108 948 267 965 285
109 943 264 960 282
110 939 262 956 280
111 938 261 955 279
112 940 260 957 278
113 943 260 960 278
114 945 262 962 280
115 946 264 963 282
116 946 266 963 284
117 946 266 963 284
118 947 266 964 284
119 947 266 964 284
120 947 266 964 284
121 947 266 964 284
122 947 266 964 284
123 946 265 963 283
124 945 263 962 281
125 945 262 962 280
126 945 262 962 280
127 946 262 963 280
128 946 263 963 281
129 946 265 963 283
130 946 266 963 284
131 946 266 963 284
132 947 265 964 283
133 948 264 965 282
134 947 263 964 281
135 946 263 963 281
136 945 263 962 281
137 944 262 961 280
138 944 262 961 280
139 945 261 962 279
140 945 261 962 279
141 945 262 962 280
142 945 263 962 281
143 946 264 963 282
144 946 265 963 283
145 946 265 963 283
146 946 264 963 282
147 946 263 963 281
148 946 262 963 280
149 946 263 963 281
150 946 264 963 282
151 946 265 963 283
152 947 266 964 284
153 947 266 964 284
154 947 265 964 283
155 946 264 963 282
156 946 264 963 282
157 946 263 963 281
158 946 262 963 280
159 946 262 963 280
160 946 264 963 282
161 946 265 963 283
162 947 266 964 284
163 947 266 964 284
164 948 266 965 284
165 948 266 965 284
166 947 265 964 283
167 946 264 963 282
168 945 263 962 281
169 945 262 962 280
170 946 262 963 280
171 947 262 964 280
172 947 263 964 281
173 947 265 964 283
174 947 265 964 283
175 947 265 964 283
176 947 265 964 283
177 947 265 964 283
178 946 265 963 283
179 946 265 963 283
180 946 264 963 282
181 947 264 964 282
182 946 263 963 281
183 945 263 962 281
184 945 263 962 281
185 945 263 962 281
186 946 264 963 282
187 947 265 964 283
188 947 265 964 283
189 947 265 964 283
190 946 265 963 283
191 945 265 962 283
192 945 264 962 282
193 945 264 962 282
194 945 264 962 282
195 945 265 962 283
196 945 264 962 282
197 946 262 963 280
198 946 261 963 279
199 946 261 963 279
200 946 262 963 280
201 945 263 962 281
202 945 265 962 283
203 946 266 963 284
204 948 267 965 285
205 949 267 966 285
206 948 266 965 284
207 947 266 964 284
208 947 266 964 284
209 946 265 963 283
210 946 264 963 282
211 946 263 963 281
212 946 262 963 280
213 947 262 964 280
214 947 262 964 280
