216 -1 -1 -1 -1
0 474 270 493 291
1 475 271 493 291
2 475 271 493 291
3 475 271 493 291
4 475 271 493 291
5 475 271 493 291
6 474 271 492 291
7 475 271 493 291
8 475 271 493 291
9 474 271 492 291
10 474 271 492 291
11 474 271 492 291
12 474 271 492 291
13 474 271 492 291
14 474 271 492 291
15 474 271 492 291
16 474 271 492 291
17 475 271 493 291
18 474 271 492 291
19 474 271 492 291
20 474 271 492 291
21 474 271 492 291
22 474 271 492 291
23 475 270 493 290
24 474 271 492 291
25 474 271 492 291
26 474 271 492 291
27 474 271 492 291
28 474 271 492 291
29 474 271 492 291
30 474 271 492 291
31 475 271 493 291
32 475 271 493 291
33 474 271 492 291
34 475 271 493 291
35 476 271 494 291
36 475 271 493 291
37 476 271 494 291
38 476 271 494 291
39 476 271 494 291
40 476 271 494 291
41 475 271 493 291
42 475 271 493 291
43 475 271 493 291
44 475 271 493 291
45 475 271 493 291
46 475 271 493 291
47 475 271 493 291
48 475 271 493 291
49 475 271 493 291
50 476 271 494 291
51 475 271 493 291
52 475 271 493 291
53 475 271 493 291
54 475 271 493 291
55 475 271 493 291
56 475 271 493 291
57 476 271 494 291
58 476 271 494 291
59 475 271 493 291
60 475 271 493 291
61 474 272 492 292
62 475 271 493 291
63 485 272 503 292
64 507 272 525 292
65 515 273 533 293
66 530 272 548 292
67 549 272 567 292
68 569 272 587 292
69 588 272 606 292
70 606 271 624 291
71 609 272 627 292
72 613 273 631 293
73 613 273 631 293
74 615 272 633 292
75 619 272 637 292
76 623 272 641 292
77 623 273 641 293
78 626 272 644 292
79 631 272 649 292
80 635 272 653 292
81 640 272 658 292
82 643 272 661 292
83 644 272 662 292
84 646 272 664 292
85 651 272 669 292
86 655 273 673 293
87 658 273 676 293
88 662 272 680 292
89 662 272 680 292
90 665 272 683 292
91 669 272 687 292
92 673 273 691 293
93 677 273 695 293
94 680 272 698 292
95 680 272 698 292
96 683 272 701 292
97 686 272 704 292
98 690 272 708 292
99 693 272 711 292
100 697 272 715 292
101 698 272 716 292
102 700 273 718 293
103 703 273 721 293
104 706 273 724 293
105 708 273 726 293
106 713 272 731 292
107 713 273 731 293
108 714 273 732 293
109 717 273 735 293
110 721 273 739 293
111 724 272 742 292
112 726 272 744 292
113 727 272 745 292
114 729 272 747 292
115 732 272 750 292
116 734 272 752 292
117 737 272 755 292
118 740 272 758 292
119 741 272 759 292
120 743 272 761 292
121 745 272 763 292
122 748 272 766 292
123 749 272 767 292
124 753 272 771 292
125 753 272 771 292
126 755 272 773 292
127 758 272 776 292
128 760 273 778 293
129 762 273 780 293
130 764 272 782 292
131 765 272 783 292
132 766 273 784 293
133 768 272 786 292
134 770 272 788 292
135 773 272 791 292
136 774 272 792 292
137 775 272 793 292
138 775 272 793 292
139 777 272 795 292
140 780 272 798 292
141 782 272 800 292
142 783 272 801 292
143 783 272 801 292
144 785 272 803 292
145 787 273 805 293
146 788 273 806 293
147 789 272 807 292
148 791 272 809 292
149 791 272 809 292
150 792 273 810 293
151 794 272 812 292
152 795 272 813 292
153 797 272 815 292
154 797 272 815 292
155 797 272 815 292
156 799 272 817 292
157 801 272 819 292
158 802 272 820 292
159 803 272 821 292
160 803 272 821 292
161 802 272 820 292
162 805 273 823 293
163 805 272 823 292
164 806 272 824 292
165 807 272 825 292
166 808 273 826 293
167 807 273 825 293
168 808 273 826 293
169 808 272 826 292
170 810 272 828 292
171 812 272 830 292
172 812 272 830 292
173 811 272 829 292
174 814 272 832 292
175 814 272 832 292
176 814 272 832 292
177 813 272 831 292
178 814 272 832 292
179 813 272 831 292
180 813 271 831 291
181 814 271 832 291
182 816 272 834 292
183 815 272 833 292
184 815 271 833 291
185 815 271 833 291
186 815 271 833 291
187 815 272 833 292
188 816 272 834 292
189 816 272 834 292
190 815 272 833 292
191 815 272 833 292
192 815 272 833 292
193 816 272 834 292
194 816 272 834 292
195 815 272 833 292
196 816 272 834 292
197 816 272 834 292
198 815 271 833 291
199 816 272 834 292
200 816 271 834 291
201 815 271 833 291
202 815 271 833 291
203 816 271 834 291
204 815 271 833 291
205 816 272 834 292
206 815 271 833 291
207 816 271 834 291
208 816 272 834 292
209 816 272 834 292
210 815 272 833 292
211 816 272 834 292
212 816 271 834 291
213 815 271 833 291
214 815 271 833 291
