151 -1 -1 -1 -1
0 986 597 1008 619
1 988 598 1009 619
2 987 598 1008 619
3 987 597 1008 618
4 988 597 1009 618
5 987 598 1008 619
6 988 597 1009 618
7 988 598 1009 619
8 987 598 1008 619
9 987 598 1008 619
10 987 598 1008 619
11 987 597 1008 618
12 986 598 1007 619
13 987 598 1008 619
14 987 598 1008 619
15 988 598 1009 619
16 988 597 1009 618
17 987 597 1008 618
18 988 597 1009 618
19 988 597 1009 618
20 987 597 1008 618
21 987 597 1008 618
22 988 597 1009 618
23 987 598 1008 619
24 987 597 1008 618
25 987 597 1008 618
26 986 596 1007 617
27 986 596 1007 617
28 986 596 1007 617
29 987 596 1008 617
30 987 596 1008 617
31 987 596 1008 617
32 987 596 1008 617
33 987 596 1008 617
34 986 596 1007 617
35 987 596 1008 617
36 987 596 1008 617
37 987 596 1008 617
38 987 596 1008 617
39 987 596 1008 617
40 987 596 1008 617
41 986 596 1007 617
42 987 596 1008 617
43 987 596 1008 617
44 987 596 1008 617
45 987 596 1008 617
46 987 596 1008 617
47 986 596 1007 617
48 987 596 1008 617
49 987 596 1008 617
50 987 596 1008 617
51 994 601 1015 622
52 1011 607 1032 628
53 1027 610 1048 631
54 1038 609 1059 630
55 1041 604 1062 625
56 1036 597 1057 618
57 1027 589 1048 610
58 1017 582 1038 603
59 1007 575 1028 596
60 996 571 1017 592
61 981 571 1002 592
62 961 575 982 596
63 940 579 961 600
64 924 580 945 601
65 914 578 935 599
66 911 575 932 596
67 915 572 936 593
68 923 569 944 590
69 933 567 954 588
70 940 565 961 586
71 942 563 963 584
72 940 562 961 583
73 935 561 956 582
74 930 560 951 581
75 925 559 946 580
76 923 557 944 578
77 921 554 942 575
78 919 552 940 573
79 918 551 939 572
80 917 549 938 570
81 916 546 937 567
82 916 544 937 565
83 916 542 937 563
84 915 540 936 561
85 914 539 935 560
86 912 538 933 559
87 911 537 932 558
88 909 536 930 557
89 908 534 929 555
90 908 532 929 553
91 907 531 928 552
92 906 530 927 551
93 904 528 925 549
94 903 526 924 547
95 901 524 922 545
96 900 523 921 544
97 900 523 921 544
98 900 522 921 543
99 900 520 921 541
100 899 518 920 539
101 898 516 919 537
102 897 514 918 535
103 897 512 918 533
104 896 511 917 532
105 895 511 916 532
106 894 510 915 531
107 893 509 914 530
108 891 508 912 529
109 889 507 910 528
110 887 505 908 526
111 887 505 908 526
112 887 504 908 525
113 887 503 908 524
114 887 502 908 523
115 887 501 908 522
116 887 499 908 520
117 886 498 907 519
118 884 497 905 518
119 882 496 903 517
120 881 495 902 516
121 881 494 902 515
122 881 493 902 514
123 881 492 902 513
124 881 491 902 512
125 881 490 902 511
126 880 488 901 509
127 878 487 899 508
128 876 487 897 508
129 875 488 896 509
130 874 488 895 509
131 873 488 894 509
132 873 487 894 508
133 873 486 894 507
134 873 485 894 506
135 874 484 895 505
136 875 483 896 504
137 875 481 896 502
138 875 480 896 501
139 874 479 895 500
140 873 478 894 499
141 871 477 892 498
142 869 477 890 498
143 868 477 889 498
144 867 477 888 498
145 866 478 887 499
146 866 477 887 498
147 866 477 887 498
148 867 476 888 497
149 869 475 890 496
