151 -1 -1 -1 -1
0 443 264 465 287
1 441 264 462 286
2 442 264 463 286
3 442 264 463 286
4 442 264 463 286
5 442 264 463 286
6 442 264 463 286
7 442 264 463 286
8 442 264 463 286
9 441 264 462 286
10 442 265 463 287
11 442 265 463 287
12 442 265 463 287
13 442 265 463 287
14 444 265 465 287
15 451 271 472 293
16 472 285 493 307
17 494 298 515 320
18 513 310 534 332
19 515 312 536 334
20 529 320 550 342
21 548 332 569 354
22 566 344 587 366
23 584 355 605 377
24 600 365 621 387
25 604 366 625 388
26 614 374 635 396
27 632 385 653 407
28 649 395 670 417
29 664 405 685 427
30 679 415 700 437
31 683 416 704 438
32 695 424 716 446
33 711 435 732 457
34 729 446 750 468
35 746 456 767 478
36 763 467 784 489
37 767 468 788 490
38 778 477 799 499
39 795 488 816 510
40 814 499 835 521
41 831 510 852 532
42 848 520 869 542
43 852 522 873 544
44 862 529 883 551
45 880 541 901 563
46 900 553 921 575
47 919 565 940 587
48 936 576 957 598
49 941 578 962 600
50 951 585 972 607
51 963 593 984 615
52 965 599 986 621
53 959 600 980 622
54 951 595 972 617
55 949 592 970 614
56 945 591 966 613
57 941 589 962 611
58 939 587 960 609
59 938 584 959 606
60 936 581 957 603
61 935 580 956 602
62 935 578 956 600
63 934 576 955 598
64 933 573 954 595
65 931 570 952 592
66 928 568 949 590
67 928 568 949 590
68 928 567 949 589
69 927 564 948 586
70 926 561 947 583
71 924 559 945 581
72 922 557 943 579
73 922 557 943 579
74 921 555 942 577
75 920 553 941 575
76 919 550 940 572
77 917 548 938 570
78 915 546 936 568
79 914 546 935 568
80 914 544 935 566
81 913 542 934 564
82 912 540 933 562
83 911 538 932 560
84 910 536 931 558
85 910 536 931 558
86 908 535 929 557
87 907 533 928 555
88 906 531 927 553
89 905 529 926 551
90 904 527 925 549
91 904 527 925 549
92 903 525 924 547
93 903 524 924 546
94 900 522 921 544
95 899 520 920 542
96 898 518 919 540
97 898 518 919 540
98 898 517 919 539
99 897 515 918 537
100 896 513 917 535
101 895 512 916 534
102 894 511 915 533
103 894 511 915 533
104 893 509 914 531
105 892 507 913 529
106 891 506 912 528
107 890 504 911 526
108 888 503 909 525
109 888 503 909 525
110 888 502 909 524
111 888 501 909 523
112 886 500 907 522
113 885 498 906 520
114 884 497 905 519
115 884 497 905 519
116 883 496 904 518
117 883 495 904 517
118 882 493 903 515
119 881 492 902 514
120 881 491 902 513
121 880 490 901 512
122 879 489 900 511
123 878 488 899 510
124 877 487 898 509
125 876 486 897 508
126 875 486 896 508
127 875 484 896 506
128 875 484 896 506
129 874 483 895 505
130 873 482 894 504
131 872 481 893 503
132 872 481 893 503
133 871 480 892 502
134 871 480 892 502
135 870 479 891 501
136 870 478 891 500
137 870 477 891 499
138 870 477 891 499
139 869 476 890 498
140 868 475 889 497
141 868 475 889 497
142 868 474 889 496
143 868 474 889 496
144 867 473 888 495
145 866 472 887 494
146 866 472 887 494
147 866 472 887 494
148 866 471 887 493
149 865 470 886 492
