390 -1 -1 -1 -1
0 792 588 815 610
1 793 589 815 610
2 792 589 814 610
3 792 589 814 610
4 793 589 815 610
5 793 589 815 610
6 793 589 815 610
7 793 589 815 610
8 793 589 815 610
9 793 589 815 610
10 794 589 816 610
11 793 590 815 611
12 792 589 814 610
13 792 589 814 610
14 793 589 815 610
15 793 590 815 611
16 793 589 815 610
17 793 589 815 610
18 793 589 815 610
19 793 590 815 611
20 793 589 815 610
21 793 589 815 610
22 793 590 815 611
23 793 589 815 610
24 793 589 815 610
25 792 589 814 610
26 793 589 815 610
27 793 589 815 610
28 793 589 815 610
29 793 589 815 610
30 792 589 814 610
31 792 589 814 610
32 792 589 814 610
33 792 589 814 610
34 792 589 814 610
35 793 588 815 609
36 792 588 814 609
37 792 588 814 609
38 792 588 814 609
39 792 588 814 609
40 792 588 814 609
41 793 588 815 609
42 793 588 815 609
43 793 588 815 609
44 793 588 815 609
45 792 588 814 609
46 793 588 815 609
47 793 588 815 609
48 793 588 815 609
49 792 588 814 609
50 793 588 815 609
51 792 588 814 609
52 792 588 814 609
53 792 588 814 609
54 793 588 815 609
55 793 588 815 609
56 792 588 814 609
57 792 588 814 609
58 792 588 814 609
59 793 588 815 609
60 793 588 815 609
61 793 588 815 609
62 793 588 815 609
63 793 588 815 609
64 793 588 815 609
65 793 588 815 609
66 793 588 815 609
67 793 588 815 609
68 793 590 815 611
69 789 580 811 601
70 783 560 805 581
71 776 540 798 561
72 769 522 791 543
73 767 518 789 539
74 763 506 785 527
75 757 489 779 510
76 750 472 772 493
77 745 456 767 477
78 739 441 761 462
79 738 438 760 459
80 734 428 756 449
81 728 413 750 434
82 722 397 744 418
83 717 382 739 403
84 711 369 733 390
85 710 366 732 387
86 708 356 730 377
87 704 343 726 364
88 699 330 721 351
89 693 316 715 337
90 687 304 709 325
91 685 301 707 322
92 684 293 706 314
93 680 281 702 302
94 675 269 697 290
95 670 257 692 278
96 666 246 688 267
97 665 243 687 264
98 662 239 684 260
99 657 230 679 251
100 655 220 677 241
101 652 207 674 228
102 649 196 671 217
103 647 191 669 212
104 645 186 667 207
105 645 182 667 203
106 647 180 669 201
107 649 179 671 200
108 651 178 673 199
109 652 178 674 199
110 652 177 674 198
111 652 174 674 195
112 653 171 675 192
113 653 169 675 190
114 654 167 676 188
115 655 166 677 187
116 656 164 678 185
117 656 161 678 182
118 656 157 678 178
119 656 153 678 174
120 657 151 679 172
121 657 151 679 172
122 658 150 680 171
123 659 149 681 170
124 660 147 682 168
125 661 144 683 165
126 662 142 684 163
127 662 141 684 162
128 662 140 684 161
129 662 138 684 159
130 663 135 685 156
131 663 132 685 153
132 663 130 685 151
133 663 130 685 151
134 663 129 685 150
135 664 128 686 149
136 665 128 687 149
137 667 127 689 148
138 669 126 691 147
139 669 125 691 146
140 670 125 692 146
141 673 123 695 144
142 675 122 697 143
143 677 122 699 143
144 678 122 700 143
145 679 122 701 143
146 680 121 702 142
147 681 120 703 141
148 683 120 705 141
149 685 119 707 140
150 686 118 708 139
151 686 118 708 139
152 687 118 709 139
153 689 117 711 138
154 691 116 713 137
155 692 115 714 136
156 693 115 715 136
157 694 116 716 137
158 694 115 716 136
159 695 114 717 135
160 697 113 719 134
161 699 113 721 134
162 700 113 722 134
163 700 113 722 134
164 700 113 722 134
165 700 112 722 133
166 701 112 723 133
167 703 111 725 132
168 705 110 727 131
169 706 110 728 131
170 707 110 729 131
171 707 110 729 131
172 707 110 729 131
173 708 110 730 131
174 709 109 731 130
175 710 109 732 130
176 711 109 733 130
177 711 109 733 130
178 711 109 733 130
179 712 108 734 129
180 714 108 736 129
181 715 108 737 129
182 715 108 737 129
183 715 108 737 129
184 715 107 737 128
185 716 106 738 127
186 717 106 739 127
187 718 107 740 128
188 718 107 740 128
189 718 107 740 128
190 718 106 740 127
191 720 106 742 127
192 720 106 742 127
193 720 106 742 127
194 720 106 742 127
195 720 106 742 127
196 721 105 743 126
197 722 105 744 126
198 722 105 744 126
199 722 106 744 127
200 723 105 745 126
201 723 104 745 125
202 723 104 745 125
203 723 104 745 125
204 723 104 745 125
205 723 104 745 125
206 723 104 745 125
207 724 105 746 126
208 725 104 747 125
209 725 104 747 125
210 725 104 747 125
211 725 104 747 125
212 724 104 746 125
213 724 104 746 125
214 725 104 747 125
215 725 104 747 125
216 725 104 747 125
217 725 104 747 125
218 724 104 746 125
219 724 104 746 125
220 725 104 747 125
221 725 104 747 125
222 724 104 746 125
223 724 104 746 125
224 724 104 746 125
225 724 104 746 125
226 724 104 746 125
227 724 104 746 125
228 724 104 746 125
229 724 104 746 125
230 724 104 746 125
231 724 104 746 125
232 724 104 746 125
233 724 105 746 126
234 725 105 747 126
235 725 104 747 125
236 725 104 747 125
237 725 104 747 125
238 724 104 746 125
239 724 104 746 125
240 724 103 746 124
241 724 103 746 124
242 724 104 746 125
243 725 104 747 125
244 725 104 747 125
245 725 104 747 125
246 724 104 746 125
247 724 104 746 125
248 724 104 746 125
249 724 104 746 125
250 725 104 747 125
251 725 104 747 125
252 724 104 746 125
253 724 104 746 125
254 724 104 746 125
255 725 104 747 125
256 725 104 747 125
257 724 104 746 125
258 724 104 746 125
259 724 104 746 125
260 724 103 746 124
261 724 103 746 124
262 724 104 746 125
263 724 104 746 125
264 724 104 746 125
265 724 104 746 125
266 724 104 746 125
267 724 104 746 125
268 724 104 746 125
269 724 104 746 125
270 725 103 747 124
271 725 103 747 124
272 725 104 747 125
273 724 104 746 125
274 724 104 746 125
275 725 104 747 125
276 725 104 747 125
277 725 104 747 125
278 725 104 747 125
279 724 104 746 125
280 724 104 746 125
281 724 104 746 125
282 724 104 746 125
283 724 104 746 125
284 724 104 746 125
285 725 104 747 125
286 725 104 747 125
287 725 104 747 125
288 725 104 747 125
289 724 103 746 124
290 724 104 746 125
291 724 104 746 125
292 724 104 746 125
293 725 104 747 125
294 725 104 747 125
295 725 104 747 125
296 724 104 746 125
297 724 104 746 125
298 724 104 746 125
299 724 104 746 125
300 724 104 746 125
301 724 104 746 125
302 724 104 746 125
303 724 104 746 125
304 724 103 746 124
305 724 103 746 124
306 724 103 746 124
307 724 104 746 125
308 724 104 746 125
309 724 104 746 125
310 724 104 746 125
311 725 104 747 125
312 725 104 747 125
313 725 104 747 125
314 725 104 747 125
315 725 104 747 125
316 725 104 747 125
317 725 104 747 125
318 725 104 747 125
319 725 104 747 125
320 724 104 746 125
321 725 104 747 125
322 725 104 747 125
323 725 103 747 124
324 724 103 746 124
325 724 103 746 124
326 724 104 746 125
327 724 104 746 125
328 725 104 747 125
329 725 104 747 125
330 724 104 746 125
331 724 104 746 125
332 724 104 746 125
333 725 104 747 125
334 725 104 747 125
335 724 104 746 125
336 724 104 746 125
337 725 104 747 125
338 725 104 747 125
339 725 104 747 125
340 725 104 747 125
341 725 104 747 125
342 725 104 747 125
343 725 104 747 125
344 725 104 747 125
345 724 104 746 125
346 724 104 746 125
347 725 104 747 125
348 725 104 747 125
349 725 103 747 124
350 725 103 747 124
351 725 104 747 125
352 725 104 747 125
353 725 104 747 125
354 725 104 747 125
355 725 103 747 124
356 725 103 747 124
357 725 104 747 125
358 725 104 747 125
359 725 104 747 125
360 725 104 747 125
361 725 104 747 125
362 726 104 748 125
363 725 104 747 125
364 725 104 747 125
365 725 104 747 125
366 725 103 747 124
367 725 103 747 124
368 725 103 747 124
369 725 104 747 125
370 725 104 747 125
371 725 104 747 125
372 725 104 747 125
373 725 104 747 125
374 725 104 747 125
375 725 104 747 125
376 725 104 747 125
377 725 104 747 125
378 725 103 747 124
379 725 103 747 124
380 725 103 747 124
381 725 103 747 124
382 725 103 747 124
383 725 104 747 125
384 725 104 747 125
385 724 104 746 125
386 724 104 746 125
387 725 104 747 125
388 725 104 747 125
