390 -1 -1 -1 -1
0 642 177 659 196
1 642 178 658 196
2 643 178 659 196
3 644 178 660 196
4 643 178 659 196
5 644 178 660 196
6 643 178 659 196
7 643 178 659 196
8 644 178 660 196
9 643 178 659 196
10 643 178 659 196
11 642 178 658 196
12 643 178 659 196
13 643 178 659 196
14 643 178 659 196
15 643 178 659 196
16 643 178 659 196
17 642 178 658 196
18 643 178 659 196
19 643 178 659 196
20 643 178 659 196
21 643 178 659 196
22 644 178 660 196
23 643 178 659 196
24 643 178 659 196
25 643 178 659 196
26 642 178 658 196
27 643 178 659 196
28 642 178 658 196
29 643 177 659 195
30 643 178 659 196
31 642 177 658 195
32 643 177 659 195
33 642 177 658 195
34 642 178 658 196
35 643 178 659 196
36 643 177 659 195
37 642 178 658 196
38 643 178 659 196
39 642 177 658 195
40 642 177 658 195
41 643 177 659 195
42 643 177 659 195
43 642 178 658 196
44 643 177 659 195
45 642 177 658 195
46 642 178 658 196
47 643 178 659 196
48 642 178 658 196
49 642 178 658 196
50 642 177 658 195
51 643 177 659 195
52 643 178 659 196
53 643 178 659 196
54 643 178 659 196
55 643 178 659 196
56 643 178 659 196
57 643 178 659 196
58 643 178 659 196
59 643 178 659 196
60 643 178 659 196
61 643 178 659 196
62 643 178 659 196
63 643 178 659 196
64 643 178 659 196
65 643 178 659 196
66 643 178 659 196
67 643 178 659 196
68 643 178 659 196
69 643 178 659 196
70 643 178 659 196
71 642 178 658 196
72 643 178 659 196
73 643 177 659 195
74 643 178 659 196
75 643 178 659 196
76 643 178 659 196
77 643 178 659 196
78 643 178 659 196
79 643 178 659 196
80 643 178 659 196
81 643 178 659 196
82 643 178 659 196
83 642 178 658 196
84 642 178 658 196
85 643 178 659 196
86 642 178 658 196
87 643 178 659 196
88 642 178 658 196
89 643 178 659 196
90 643 178 659 196
91 643 178 659 196
92 643 178 659 196
93 644 178 660 196
94 643 178 659 196
95 643 178 659 196
96 643 178 659 196
97 643 178 659 196
98 643 178 659 196
99 643 178 659 196
100 643 178 659 196
101 643 178 659 196
102 643 177 659 195
103 643 178 659 196
104 640 177 656 195
105 636 170 652 188
106 631 162 647 180
107 627 153 643 171
108 624 144 640 162
109 623 143 639 161
110 618 138 634 156
111 612 132 628 150
112 607 127 623 145
113 601 122 617 140
114 597 117 613 135
115 596 116 612 134
116 592 111 608 129
117 587 106 603 124
118 581 102 597 120
119 576 97 592 115
120 571 92 587 110
121 570 91 586 109
122 567 88 583 106
123 561 82 577 100
124 556 77 572 95
125 552 72 568 90
126 547 68 563 86
127 546 68 562 86
128 543 65 559 83
129 539 61 555 79
130 534 57 550 75
131 529 53 545 71
132 524 51 540 69
133 523 51 539 69
134 522 55 538 73
135 519 59 535 77
136 515 63 531 81
137 511 65 527 83
138 506 68 522 86
139 504 68 520 86
140 502 69 518 87
141 499 72 515 90
142 495 74 511 92
143 492 76 508 94
144 488 80 504 98
145 487 80 503 98
146 485 82 501 100
147 481 85 497 103
148 478 88 494 106
149 474 90 490 108
150 471 93 487 111
151 471 94 487 112
152 468 96 484 114
153 464 99 480 117
154 459 101 475 119
155 455 104 471 122
156 453 106 469 124
157 452 106 468 124
158 449 108 465 126
159 446 111 462 129
160 442 114 458 132
161 438 116 454 134
162 435 119 451 137
163 435 119 451 137
164 432 122 448 140
165 427 125 443 143
166 423 128 439 146
167 422 130 438 148
168 418 133 434 151
169 417 133 433 151
170 414 135 430 153
171 409 139 425 157
172 406 141 422 159
173 403 143 419 161
174 400 146 416 164
175 399 146 415 164
176 397 149 413 167
177 393 152 409 170
178 390 155 406 173
179 386 158 402 176
180 382 160 398 178
181 381 159 397 177
182 379 161 395 179
183 376 164 392 182
184 372 168 388 186
185 369 170 385 188
186 366 173 382 191
187 366 172 382 190
188 362 175 378 193
189 359 177 375 195
190 356 180 372 198
191 354 183 370 201
192 355 185 371 203
193 355 186 371 204
194 356 187 372 205
195 358 189 374 207
196 357 191 373 209
197 359 193 375 211
198 360 195 376 213
199 360 195 376 213
200 361 197 377 215
201 362 199 378 217
202 363 202 379 220
203 364 204 380 222
204 365 206 381 224
205 365 206 381 224
206 366 209 382 227
207 367 211 383 229
208 368 214 384 232
209 369 217 385 235
210 371 218 387 236
211 371 217 387 235
212 371 219 387 237
213 372 221 388 239
214 373 224 389 242
215 375 226 391 244
216 375 228 391 246
217 375 228 391 246
218 377 230 393 248
219 377 232 393 250
220 379 234 395 252
221 379 235 395 253
222 379 237 395 255
223 379 237 395 255
224 380 238 396 256
225 382 240 398 258
226 383 242 399 260
227 383 245 399 263
228 382 246 398 264
229 383 246 399 264
230 385 247 401 265
231 384 249 400 267
232 386 251 402 269
233 388 253 404 271
234 388 255 404 273
235 388 256 404 274
236 388 257 404 275
237 391 259 407 277
238 392 260 408 278
239 392 262 408 280
240 392 263 408 281
241 393 263 409 281
242 394 265 410 283
243 396 268 412 286
244 397 269 413 287
245 398 271 414 289
246 397 272 413 290
247 397 273 413 291
248 399 274 415 292
249 398 275 414 293
250 400 276 416 294
251 402 279 418 297
252 402 280 418 298
253 402 280 418 298
254 402 281 418 299
255 402 283 418 301
256 404 285 420 303
257 405 287 421 305
258 405 288 421 306
259 405 288 421 306
260 406 288 422 306
261 407 290 423 308
262 409 292 425 310
263 409 294 425 312
264 410 295 426 313
265 409 295 425 313
266 411 297 427 315
267 411 298 427 316
268 411 299 427 317
269 414 302 430 320
270 414 302 430 320
271 413 302 429 320
272 414 304 430 322
273 415 306 431 324
274 415 306 431 324
275 416 308 432 326
276 418 309 434 327
277 418 309 434 327
278 418 309 434 327
279 419 311 435 329
280 420 313 436 331
281 420 313 436 331
282 421 314 437 332
283 421 314 437 332
284 421 315 437 333
285 421 317 437 335
286 422 318 438 336
287 425 319 441 337
288 423 321 439 339
289 422 320 438 338
290 423 321 439 339
291 425 323 441 341
292 426 324 442 342
293 426 324 442 342
294 426 325 442 343
295 426 326 442 344
296 428 326 444 344
297 428 328 444 346
298 428 328 444 346
299 428 329 444 347
300 428 330 444 348
301 429 330 445 348
302 429 330 445 348
303 429 331 445 349
304 430 333 446 351
305 430 334 446 352
306 430 334 446 352
307 430 333 446 351
308 431 335 447 353
309 432 336 448 354
310 431 336 447 354
311 432 337 448 355
312 433 337 449 355
313 433 337 449 355
314 433 338 449 356
315 434 339 450 357
316 434 340 450 358
317 435 341 451 359
318 437 342 453 360
319 438 342 454 360
320 437 342 453 360
321 437 342 453 360
322 437 343 453 361
323 438 344 454 362
324 439 343 455 361
325 439 343 455 361
326 440 344 456 362
327 440 345 456 363
328 440 345 456 363
329 438 344 454 362
330 439 344 455 362
331 440 345 456 363
332 441 345 457 363
333 442 346 458 364
334 442 347 458 365
335 443 347 459 365
336 443 347 459 365
337 443 347 459 365
338 442 348 458 366
339 441 348 457 366
340 441 348 457 366
341 441 348 457 366
342 441 348 457 366
343 441 348 457 366
344 441 348 457 366
345 442 348 458 366
346 444 348 460 366
347 448 348 464 366
348 449 348 465 366
349 449 348 465 366
350 447 348 463 366
351 447 348 463 366
352 448 349 464 367
353 449 349 465 367
354 452 349 468 367
355 456 348 472 366
356 456 348 472 366
357 456 348 472 366
358 455 348 471 366
359 452 348 468 366
360 449 349 465 367
361 448 349 464 367
362 448 349 464 367
363 448 349 464 367
364 449 349 465 367
365 450 349 466 367
366 450 349 466 367
367 449 349 465 367
368 449 349 465 367
369 449 349 465 367
370 449 349 465 367
371 449 349 465 367
372 450 349 466 367
373 450 349 466 367
374 450 349 466 367
375 449 349 465 367
376 448 349 464 367
377 448 349 464 367
378 449 349 465 367
379 450 349 466 367
380 450 349 466 367
381 449 349 465 367
382 448 349 464 367
383 447 349 463 367
384 448 349 464 367
385 449 349 465 367
386 449 349 465 367
387 449 349 465 367
388 449 349 465 367
