256 -1 -1 -1 -1
0 373 266 394 292
1 372 266 392 291
2 372 266 392 291
3 372 266 392 291
4 373 266 393 291
5 373 267 393 292
6 373 266 393 291
7 372 266 392 291
8 372 266 392 291
9 372 266 392 291
10 372 266 392 291
11 374 268 394 293
12 373 268 393 293
13 373 268 393 293
14 373 268 393 293
15 373 268 393 293
16 373 268 393 293
17 374 268 394 293
18 373 268 393 293
19 373 268 393 293
20 374 268 394 293
21 373 268 393 293
22 373 268 393 293
23 373 268 393 293
24 373 268 393 293
25 373 268 393 293
26 374 268 394 293
27 373 268 393 293
28 373 268 393 293
29 373 268 393 293
30 372 267 392 292
31 373 267 393 292
32 373 267 393 292
33 373 268 393 293
34 373 268 393 293
35 373 267 393 292
36 374 267 394 292
37 373 268 393 293
38 376 265 396 290
39 383 261 403 286
40 387 259 407 284
41 385 260 405 285
42 378 262 398 287
43 358 264 378 289
44 327 269 347 294
45 315 272 335 297
46 313 272 333 297
47 316 271 336 296
48 318 270 338 295
49 318 270 338 295
50 318 271 338 296
51 317 271 337 296
52 317 270 337 295
53 317 270 337 295
54 317 270 337 295
55 317 270 337 295
56 317 270 337 295
57 317 270 337 295
58 318 270 338 295
59 319 270 339 295
60 319 271 339 296
61 318 271 338 296
62 317 271 337 296
63 317 271 337 296
64 317 271 337 296
65 318 270 338 295
66 318 270 338 295
67 318 270 338 295
68 318 270 338 295
69 319 270 339 295
70 319 270 339 295
71 319 270 339 295
72 318 270 338 295
73 318 271 338 296
74 319 270 339 295
75 319 269 339 294
76 319 269 339 294
77 319 270 339 295
78 319 271 339 296
79 317 272 337 297
80 316 272 336 297
81 315 272 335 297
82 315 273 335 298
83 316 273 336 298
84 317 272 337 297
85 318 271 338 296
86 318 271 338 296
87 317 271 337 296
88 317 271 337 296
89 317 272 337 297
90 317 272 337 297
91 317 272 337 297
92 317 272 337 297
93 316 273 336 298
94 315 273 335 298
95 316 273 336 298
96 316 273 336 298
97 317 272 337 297
98 318 271 338 296
99 317 271 337 296
100 316 272 336 297
101 315 273 335 298
102 314 273 334 298
103 315 273 335 298
104 315 273 335 298
105 315 273 335 298
106 315 273 335 298
107 315 273 335 298
108 314 273 334 298
109 314 273 334 298
110 314 273 334 298
111 315 273 335 298
112 316 273 336 298
113 317 273 337 298
114 316 273 336 298
115 315 273 335 298
116 315 273 335 298
117 315 273 335 298
118 315 273 335 298
119 315 273 335 298
120 316 272 336 297
121 317 271 337 296
122 318 271 338 296
123 318 272 338 297
124 316 272 336 297
125 315 273 335 298
126 315 273 335 298
127 316 273 336 298
128 317 273 337 298
129 317 272 337 297
130 317 272 337 297
131 317 272 337 297
132 317 272 337 297
133 318 271 338 296
134 317 272 337 297
135 316 273 336 298
136 317 273 337 298
137 318 271 338 296
138 318 271 338 296
139 318 271 338 296
140 317 271 337 296
141 317 271 337 296
142 318 271 338 296
143 318 270 338 295
144 317 271 337 296
145 316 272 336 297
146 315 273 335 298
147 315 273 335 298
148 316 272 336 297
149 317 271 337 296
150 318 271 338 296
151 318 271 338 296
152 316 272 336 297
153 314 273 334 298
154 314 273 334 298
155 315 273 335 298
156 316 272 336 297
157 317 272 337 297
158 318 272 338 297
159 319 268 339 293
160 320 266 340 291
161 322 262 342 287
162 321 258 341 283
163 319 256 339 281
164 317 259 337 284
165 316 264 336 289
166 315 267 335 292
167 315 268 335 293
168 315 267 335 292
169 315 265 335 290
170 315 262 335 287
171 315 261 335 286
172 316 261 336 286
173 316 261 336 286
174 315 262 335 287
175 315 263 335 288
176 315 264 335 289
177 315 264 335 289
178 315 263 335 288
179 315 263 335 288
180 315 263 335 288
181 315 262 335 287
182 314 263 334 288
183 314 264 334 289
184 315 265 335 290
185 315 264 335 289
186 315 264 335 289
187 315 264 335 289
188 315 264 335 289
189 315 263 335 288
190 314 263 334 288
191 314 263 334 288
192 314 263 334 288
193 314 263 334 288
194 314 263 334 288
195 314 263 334 288
196 314 263 334 288
197 314 263 334 288
198 314 262 334 287
199 314 262 334 287
200 314 262 334 287
201 314 262 334 287
202 314 263 334 288
203 314 264 334 289
204 314 264 334 289
205 315 263 335 288
206 314 263 334 288
207 314 263 334 288
208 315 263 335 288
209 314 263 334 288
210 313 264 333 289
211 313 264 333 289
212 314 264 334 289
213 314 264 334 289
214 314 264 334 289
215 314 264 334 289
216 314 264 334 289
217 313 264 333 289
218 313 264 333 289
219 314 264 334 289
220 314 264 334 289
221 314 264 334 289
222 314 264 334 289
223 314 264 334 289
224 314 264 334 289
225 314 264 334 289
226 314 264 334 289
227 313 264 333 289
228 314 264 334 289
229 314 264 334 289
230 314 264 334 289
231 314 265 334 290
232 314 265 334 290
233 314 264 334 289
234 314 264 334 289
235 315 264 335 289
236 314 264 334 289
237 314 264 334 289
238 314 264 334 289
239 313 264 333 289
240 313 264 333 289
241 313 264 333 289
242 313 263 333 288
243 314 263 334 288
244 314 263 334 288
245 314 263 334 288
246 314 263 334 288
247 314 263 334 288
248 314 263 334 288
249 314 263 334 288
250 314 263 334 288
251 314 263 334 288
252 314 264 334 289
253 315 266 335 291
254 316 268 336 293
