256 -1 -1 -1 -1
0 806 161 829 183
1 807 161 829 182
2 807 161 829 182
3 807 161 829 182
4 807 161 829 182
5 806 161 828 182
6 807 161 829 182
7 806 161 828 182
8 807 161 829 182
9 807 161 829 182
10 807 161 829 182
11 806 162 828 183
12 806 162 828 183
13 806 161 828 182
14 806 161 828 182
15 806 161 828 182
16 806 162 828 183
17 806 161 828 182
18 806 161 828 182
19 806 161 828 182
20 805 161 827 182
21 806 161 828 182
22 806 161 828 182
23 806 161 828 182
24 806 161 828 182
25 807 161 829 182
26 807 161 829 182
27 806 161 828 182
28 806 162 828 183
29 806 161 828 182
30 805 162 827 183
31 806 161 828 182
32 806 161 828 182
33 807 161 829 182
34 806 161 828 182
35 806 161 828 182
36 806 161 828 182
37 806 161 828 182
38 806 162 828 183
39 805 162 827 183
40 806 162 828 183
41 806 162 828 183
42 806 162 828 183
43 806 162 828 183
44 806 162 828 183
45 806 162 828 183
46 806 162 828 183
47 806 162 828 183
48 806 162 828 183
49 811 161 833 182
50 812 152 834 173
51 812 151 834 172
52 818 144 840 165
53 825 133 847 154
54 833 121 855 142
55 841 109 863 130
56 846 100 868 121
57 847 99 869 120
58 850 91 872 112
59 856 83 878 104
60 862 74 884 95
61 866 66 888 87
62 869 59 891 80
63 869 57 891 78
64 870 54 892 75
65 873 51 895 72
66 876 46 898 67
67 879 43 901 64
68 877 45 899 66
69 871 49 893 70
70 864 51 886 72
71 857 52 879 73
72 851 51 873 72
73 845 50 867 71
74 838 49 860 70
75 830 49 852 70
76 822 50 844 71
77 814 51 836 72
78 807 51 829 72
79 801 52 823 73
80 797 52 819 73
81 793 52 815 73
82 790 52 812 73
83 788 53 810 74
84 788 55 810 76
85 754 94 776 115
86 724 123 746 144
87 715 131 737 152
88 716 124 738 145
89 713 111 735 132
90 704 108 726 129
91 699 108 721 129
92 695 107 717 128
93 694 107 716 128
94 689 106 711 127
95 684 104 706 125
96 677 102 699 123
97 673 100 695 121
98 668 99 690 120
99 667 99 689 120
100 661 97 683 118
101 655 96 677 117
102 650 94 672 115
103 645 93 667 114
104 639 91 661 112
105 637 91 659 112
106 635 90 657 111
107 630 87 652 108
108 625 85 647 106
109 620 84 642 105
110 615 83 637 104
111 614 83 636 104
112 610 81 632 102
113 605 79 627 100
114 599 79 621 100
115 593 77 615 98
116 589 75 611 96
117 589 75 611 96
118 586 74 608 95
119 582 72 604 93
120 577 72 599 93
121 572 70 594 91
122 570 68 592 89
123 569 68 591 89
124 566 68 588 89
125 560 69 582 90
126 554 69 576 90
127 549 68 571 89
128 543 68 565 89
129 540 69 562 90
130 537 68 559 89
131 532 67 554 88
132 528 65 550 86
133 525 64 547 85
134 522 62 544 83
135 521 62 543 83
136 518 61 540 82
137 514 60 536 81
138 508 59 530 80
139 502 59 524 80
140 496 57 518 78
141 494 57 516 78
142 492 56 514 77
143 489 54 511 75
144 484 52 506 73
145 480 51 502 72
146 478 50 500 71
147 477 50 499 71
148 476 51 498 72
149 474 50 496 71
150 472 50 494 71
151 469 51 491 72
152 467 51 489 72
153 466 52 488 73
154 465 53 487 74
155 464 53 486 74
156 462 53 484 74
157 459 53 481 74
158 456 53 478 74
159 453 54 475 75
160 453 55 475 76
161 452 55 474 76
162 449 56 471 77
163 446 57 468 78
164 443 57 465 78
165 440 58 462 79
166 439 58 461 79
167 438 58 460 79
168 437 59 459 80
169 434 60 456 81
170 430 62 452 83
171 426 61 448 82
172 424 59 446 80
173 422 59 444 80
174 419 61 441 82
175 417 63 439 84
176 415 66 437 87
177 414 70 436 91
178 414 73 436 94
179 414 75 436 96
180 413 76 435 97
181 410 75 432 96
182 407 74 429 95
183 405 72 427 93
184 404 69 426 90
185 403 70 425 91
186 403 74 425 95
187 403 79 425 100
188 402 85 424 106
189 401 92 423 113
190 400 100 422 121
191 397 109 419 130
192 392 120 414 141
193 384 132 406 153
194 376 143 398 164
195 364 153 386 174
196 352 163 374 184
197 343 170 365 191
198 336 178 358 199
199 333 185 355 206
200 331 192 353 213
201 330 195 352 216
202 329 199 351 220
203 330 199 352 220
204 329 201 351 222
205 327 203 349 224
206 326 205 348 226
207 325 208 347 229
208 325 209 347 230
209 325 206 347 227
210 329 198 351 219
211 332 192 354 213
212 336 183 358 204
213 340 174 362 195
214 344 164 366 185
215 346 156 368 177
216 346 153 368 174
217 345 153 367 174
218 344 154 366 175
219 343 156 365 177
220 343 156 365 177
221 344 155 366 176
222 343 154 365 175
223 342 155 364 176
224 342 155 364 176
225 342 155 364 176
226 342 155 364 176
227 342 157 364 178
228 342 158 364 179
229 342 158 364 179
230 342 158 364 179
231 343 156 365 177
232 343 155 365 176
233 344 153 366 174
234 345 150 367 171
235 345 148 367 169
236 345 148 367 169
237 344 152 366 173
238 343 155 365 176
239 342 157 364 178
240 340 161 362 182
241 339 165 361 186
242 338 169 360 190
243 337 173 359 194
244 337 177 359 198
245 337 179 359 200
246 336 180 358 201
247 336 178 358 199
248 338 173 360 194
249 340 168 362 189
250 341 163 363 184
251 343 160 365 181
252 343 158 365 179
253 343 159 365 180
254 344 161 366 182
