236 -1 -1 -1 -1
0 491 589 514 612
1 490 590 512 612
2 490 590 512 612
3 491 590 513 612
4 490 590 512 612
5 490 590 512 612
6 490 590 512 612
7 491 589 513 611
8 491 589 513 611
9 491 589 513 611
10 491 590 513 612
11 491 590 513 612
12 490 590 512 612
13 491 589 513 611
14 490 590 512 612
15 490 590 512 612
16 490 590 512 612
17 491 590 513 612
18 491 590 513 612
19 491 590 513 612
20 490 590 512 612
21 490 590 512 612
22 490 590 512 612
23 490 590 512 612
24 491 589 513 611
25 491 590 513 612
26 491 590 513 612
27 490 590 512 612
28 490 590 512 612
29 491 590 513 612
30 491 590 513 612
31 500 585 522 607
32 520 576 542 598
33 541 567 563 589
34 561 557 583 579
35 566 555 588 577
36 576 549 598 571
37 594 539 616 561
38 613 528 635 550
39 631 520 653 542
40 649 511 671 533
41 653 510 675 532
42 665 504 687 526
43 688 494 710 516
44 706 485 728 507
45 717 477 739 499
46 717 472 739 494
47 715 472 737 494
48 713 468 735 490
49 711 463 733 485
50 711 458 733 480
51 712 453 734 475
52 713 447 735 469
53 714 447 736 469
54 714 443 736 465
55 714 438 736 460
56 716 433 738 455
57 717 427 739 449
58 719 422 741 444
59 719 421 741 443
60 720 418 742 440
61 720 413 742 435
62 722 408 744 430
63 722 403 744 425
64 724 398 746 420
65 725 398 747 420
66 725 394 747 416
67 726 389 748 411
68 728 384 750 406
69 729 380 751 402
70 730 375 752 397
71 730 374 752 396
72 730 371 752 393
73 731 366 753 388
74 733 362 755 384
75 734 357 756 379
76 735 352 757 374
77 735 352 757 374
78 736 348 758 370
79 737 344 759 366
80 738 340 760 362
81 739 336 761 358
82 739 331 761 353
83 740 327 762 349
84 741 327 763 349
85 741 324 763 346
86 743 320 765 342
87 743 316 765 338
88 744 311 766 333
89 744 307 766 329
90 744 306 766 328
91 745 303 767 325
92 746 299 768 321
93 747 295 769 317
94 748 292 770 314
95 749 288 771 310
96 749 288 771 310
97 750 285 772 307
98 751 281 773 303
99 752 277 774 299
100 753 273 775 295
101 754 270 776 292
102 754 269 776 291
103 754 266 776 288
104 755 263 777 285
105 756 259 778 281
106 757 255 779 277
107 758 252 780 274
108 758 252 780 274
109 758 249 780 271
110 760 245 782 267
111 760 242 782 264
112 760 239 782 261
113 761 235 783 257
114 762 235 784 257
115 763 233 785 255
116 763 229 785 251
117 763 225 785 247
118 764 222 786 244
119 766 219 788 241
120 766 219 788 241
121 767 217 789 239
122 767 214 789 236
123 769 211 791 233
124 770 208 792 230
125 771 205 793 227
126 771 205 793 227
127 771 203 793 225
128 772 200 794 222
129 772 197 794 219
130 773 194 795 216
131 773 192 795 214
132 773 191 795 213
133 774 189 796 211
134 774 186 796 208
135 774 183 796 205
136 775 180 797 202
137 776 177 798 199
138 777 176 799 198
139 778 173 800 195
140 779 170 801 192
141 779 167 801 189
142 780 164 802 186
143 780 161 802 183
144 781 160 803 182
145 781 159 803 181
146 781 157 803 179
147 781 153 803 175
148 782 150 804 172
149 783 148 805 170
150 783 148 805 170
151 783 146 805 168
152 784 144 806 166
153 785 142 807 164
154 786 140 808 162
155 787 137 809 159
156 787 136 809 158
157 788 134 810 156
158 789 132 811 154
159 789 129 811 151
160 789 126 811 148
161 790 124 812 146
162 790 123 812 145
163 791 122 813 144
164 791 120 813 142
165 792 118 814 140
166 793 115 815 137
167 794 113 816 135
168 794 113 816 135
169 794 111 816 133
170 795 109 817 131
171 795 107 817 129
172 795 105 817 127
173 796 103 818 125
174 796 103 818 125
175 796 102 818 124
176 797 99 819 121
177 797 96 819 118
178 798 94 820 116
179 798 93 820 115
180 798 93 820 115
181 799 91 821 113
182 799 89 821 111
183 799 86 821 108
184 800 84 822 106
185 800 83 822 105
186 800 83 822 105
187 801 82 823 104
188 801 79 823 101
189 802 77 824 99
190 802 75 824 97
191 802 73 824 95
192 802 73 824 95
193 803 72 825 94
194 803 70 825 92
195 804 68 826 90
196 804 67 826 89
197 804 65 826 87
198 804 64 826 86
199 804 62 826 84
200 804 61 826 83
201 804 60 826 82
202 805 60 827 82
203 806 59 828 81
204 806 58 828 80
205 806 59 828 81
206 805 60 827 82
207 805 61 827 83
208 807 61 829 83
209 808 61 830 83
210 808 60 830 82
211 809 61 831 83
212 809 62 831 84
213 808 64 830 86
214 809 65 831 87
215 809 66 831 88
216 808 66 830 88
217 808 66 830 88
218 809 67 831 89
219 810 69 832 91
220 810 70 832 92
221 810 71 832 93
222 809 71 831 93
223 810 71 832 93
224 810 73 832 95
225 810 74 832 96
226 810 74 832 96
227 810 74 832 96
228 811 75 833 97
229 812 76 834 98
230 812 77 834 99
231 812 77 834 99
232 812 78 834 100
233 812 78 834 100
234 812 78 834 100
