236 -1 -1 -1 -1
0 737 473 759 495
1 738 474 759 495
2 738 474 759 495
3 738 474 759 495
4 738 474 759 495
5 738 474 759 495
6 738 474 759 495
7 738 474 759 495
8 738 474 759 495
9 738 474 759 495
10 738 474 759 495
11 738 474 759 495
12 738 474 759 495
13 738 474 759 495
14 738 474 759 495
15 738 474 759 495
16 738 474 759 495
17 738 474 759 495
18 738 474 759 495
19 738 474 759 495
20 738 474 759 495
21 738 474 759 495
22 738 474 759 495
23 738 474 759 495
24 738 474 759 495
25 738 474 759 495
26 738 474 759 495
27 738 474 759 495
28 738 474 759 495
29 739 474 760 495
30 739 474 760 495
31 738 474 759 495
32 739 474 760 495
33 738 474 759 495
34 738 474 759 495
35 738 474 759 495
36 739 474 760 495
37 739 474 760 495
38 739 474 760 495
39 738 474 759 495
40 739 475 760 496
41 739 474 760 495
42 739 474 760 495
43 738 474 759 495
44 738 474 759 495
45 742 476 763 497
46 757 473 778 494
47 760 472 781 493
48 775 469 796 490
49 795 465 816 486
50 813 462 834 483
51 829 458 850 479
52 844 456 865 477
53 845 456 866 477
54 855 453 876 474
55 871 451 892 472
56 885 448 906 469
57 898 445 919 466
58 910 442 931 463
59 912 442 933 463
60 922 441 943 462
61 936 438 957 459
62 949 435 970 456
63 962 433 983 454
64 972 430 993 451
65 974 430 995 451
66 968 429 989 450
67 957 427 978 448
68 946 425 967 446
69 937 423 958 444
70 929 421 950 442
71 928 421 949 442
72 924 419 945 440
73 916 417 937 438
74 909 416 930 437
75 903 413 924 434
76 895 411 916 432
77 894 411 915 432
78 888 410 909 431
79 881 408 902 429
80 875 406 896 427
81 868 404 889 425
82 861 402 882 423
83 854 401 875 422
84 854 401 875 422
85 850 399 871 420
86 842 397 863 418
87 835 395 856 416
88 829 394 850 415
89 823 392 844 413
90 822 392 843 413
91 818 391 839 412
92 812 389 833 410
93 806 388 827 409
94 799 386 820 407
95 793 384 814 405
96 793 385 814 406
97 788 383 809 404
98 781 382 802 403
99 775 380 796 401
100 769 378 790 399
101 762 377 783 398
102 762 376 783 397
103 757 375 778 396
104 751 374 772 395
105 746 372 767 393
106 740 371 761 392
107 735 370 756 391
108 733 370 754 391
109 730 368 751 389
110 726 366 747 387
111 720 365 741 386
112 714 364 735 385
113 709 362 730 383
114 708 362 729 383
115 704 361 725 382
116 698 360 719 381
117 692 358 713 379
118 687 357 708 378
119 682 355 703 376
120 681 355 702 376
121 680 354 701 375
122 673 353 694 374
123 669 352 690 373
124 664 351 685 372
125 659 349 680 370
126 658 349 679 370
127 655 348 676 369
128 650 347 671 368
129 645 346 666 367
130 642 345 663 366
131 637 343 658 364
132 637 343 658 364
133 632 342 653 363
134 627 341 648 362
135 623 340 644 361
136 619 338 640 359
137 616 337 637 358
138 615 337 636 358
139 611 336 632 357
140 607 335 628 356
141 603 334 624 355
142 599 333 620 354
143 595 332 616 353
144 595 331 616 352
145 591 331 612 352
146 587 330 608 351
147 583 329 604 350
148 578 327 599 348
149 570 326 591 347
150 565 325 586 346
151 563 324 584 345
152 563 324 584 345
153 559 322 580 343
154 555 322 576 343
155 555 321 576 342
156 558 322 579 343
157 560 322 581 343
158 556 321 577 342
159 554 321 575 342
160 549 320 570 341
161 541 318 562 339
162 534 316 555 337
163 530 315 551 336
164 528 315 549 336
165 527 315 548 336
166 525 314 546 335
167 522 314 543 335
168 522 314 543 335
169 520 313 541 334
170 519 313 540 334
171 519 313 540 334
172 517 312 538 333
173 514 313 535 334
174 513 313 534 334
175 512 311 533 332
176 513 311 534 332
177 510 311 531 332
178 508 311 529 332
179 506 310 527 331
180 507 310 528 331
181 506 310 527 331
182 503 310 524 331
183 503 311 524 332
184 502 310 523 331
185 500 309 521 330
186 501 309 522 330
187 500 308 521 329
188 499 309 520 330
189 498 308 519 329
190 496 308 517 329
191 496 308 517 329
192 496 307 517 328
193 495 308 516 329
194 494 308 515 329
195 494 307 515 328
196 492 307 513 328
197 492 307 513 328
198 491 307 512 328
199 490 307 511 328
200 490 307 511 328
201 489 307 510 328
202 489 306 510 327
203 488 306 509 327
204 488 307 509 328
205 489 306 510 327
206 488 306 509 327
207 487 306 508 327
208 487 306 508 327
209 487 306 508 327
210 486 305 507 326
211 487 306 508 327
212 486 305 507 326
213 487 305 508 326
214 487 306 508 327
215 486 306 507 327
216 486 306 507 327
217 485 306 506 327
218 485 306 506 327
219 485 305 506 326
220 486 306 507 327
221 486 306 507 327
222 486 305 507 326
223 486 305 507 326
224 486 306 507 327
225 485 306 506 327
226 485 305 506 326
227 485 305 506 326
228 485 305 506 326
229 486 306 507 327
230 486 306 507 327
231 485 305 506 326
232 486 305 507 326
233 485 305 506 326
234 485 305 506 326
