214 -1 -1 -1 -1
0 728 146 746 168
1 728 147 745 168
2 728 147 745 168
3 728 147 745 168
4 728 147 745 168
5 728 147 745 168
6 728 147 745 168
7 728 147 745 168
8 727 147 744 168
9 728 147 745 168
10 728 147 745 168
11 727 147 744 168
12 728 147 745 168
13 728 147 745 168
14 727 147 744 168
15 728 147 745 168
16 728 147 745 168
17 728 147 745 168
18 728 147 745 168
19 728 147 745 168
20 728 147 745 168
21 728 147 745 168
22 728 147 745 168
23 728 147 745 168
24 727 147 744 168
25 728 147 745 168
26 727 147 744 168
27 727 147 744 168
28 728 147 745 168
29 728 147 745 168
30 728 147 745 168
31 729 148 746 169
32 728 147 745 168
33 728 148 745 169
34 728 147 745 168
35 728 147 745 168
36 728 148 745 169
37 728 147 745 168
38 728 148 745 169
39 728 148 745 169
40 728 148 745 169
41 729 148 746 169
42 728 147 745 168
43 728 147 745 168
44 728 147 745 168
45 728 147 745 168
46 729 148 746 169
47 729 148 746 169
48 728 148 745 169
49 728 148 745 169
50 728 148 745 169
51 728 147 745 168
52 729 148 746 169
53 728 148 745 169
54 728 148 745 169
55 728 148 745 169
56 728 147 745 168
57 728 148 745 169
58 728 148 745 169
59 718 157 735 178
60 706 165 723 186
61 700 168 717 189
62 705 163 722 184
63 713 157 730 178
64 730 145 747 166
65 746 134 763 155
66 756 126 773 147
67 760 122 777 143
68 758 122 775 143
69 753 125 770 146
70 748 131 765 152
71 743 136 760 157
72 741 137 758 158
73 742 136 759 157
74 746 133 763 154
75 748 131 765 152
76 749 130 766 151
77 749 130 766 151
78 748 131 765 152
79 748 131 765 152
80 748 130 765 151
81 748 130 765 151
82 748 130 765 151
83 748 131 765 152
84 748 131 765 152
85 749 131 766 152
86 750 130 767 151
87 750 129 767 150
88 750 128 767 149
89 750 128 767 149
90 751 128 768 149
91 752 127 769 148
92 755 124 772 145
93 757 121 774 142
94 759 119 776 140
95 761 119 778 140
96 763 119 780 140
97 765 118 782 139
98 768 115 785 136
99 770 112 787 133
100 772 107 789 128
101 774 95 791 116
102 772 80 789 101
103 765 65 782 86
104 756 56 773 77
105 748 56 765 77
106 741 59 758 80
107 733 63 750 84
108 725 66 742 87
109 716 67 733 88
110 706 67 723 88
111 697 66 714 87
112 689 65 706 86
113 684 65 701 86
114 680 65 697 86
115 676 64 693 85
116 672 63 689 84
117 669 63 686 84
118 667 63 684 84
119 666 64 683 85
120 667 65 684 86
121 669 65 686 86
122 670 64 687 85
123 673 64 690 85
124 676 64 693 85
125 678 63 695 84
126 682 63 699 84
127 686 63 703 84
128 688 63 705 84
129 692 63 709 84
130 692 63 709 84
131 692 63 709 84
132 689 64 706 85
133 683 65 700 86
134 678 65 695 86
135 674 65 691 86
136 669 66 686 87
137 664 66 681 87
138 659 66 676 87
139 651 65 668 86
140 643 64 660 85
141 634 64 651 85
142 625 64 642 85
143 617 63 634 84
144 602 63 619 84
145 582 64 599 85
146 560 64 577 85
147 536 64 553 85
148 511 63 528 84
149 486 62 503 83
150 461 62 478 83
151 435 62 452 83
152 409 62 426 83
153 388 61 405 82
154 375 62 392 83
155 368 62 385 83
156 362 62 379 83
157 360 62 377 83
158 359 63 376 84
159 357 63 374 84
160 353 64 370 85
161 351 64 368 85
162 349 64 366 85
163 345 66 362 87
164 343 67 360 88
165 343 67 360 88
166 342 67 359 88
167 341 66 358 87
168 338 65 355 86
169 337 65 354 86
170 338 65 355 86
171 339 65 356 86
172 339 66 356 87
173 339 65 356 86
174 337 65 354 86
175 335 64 352 85
176 334 63 351 84
177 334 62 351 83
178 334 62 351 83
179 335 63 352 84
180 337 64 354 85
181 339 63 356 84
182 341 62 358 83
183 343 62 360 83
184 344 62 361 83
185 345 62 362 83
186 344 63 361 84
187 343 64 360 85
188 341 64 358 85
189 338 64 355 85
190 336 64 353 85
191 334 64 351 85
192 333 64 350 85
193 333 64 350 85
194 333 64 350 85
195 333 64 350 85
196 334 64 351 85
197 336 64 353 85
198 339 63 356 84
199 342 63 359 84
200 343 64 360 85
201 344 64 361 85
202 343 64 360 85
203 342 63 359 84
204 342 63 359 84
205 342 63 359 84
206 343 64 360 85
207 341 64 358 85
208 339 64 356 85
209 338 64 355 85
210 338 64 355 85
211 339 64 356 85
212 339 64 356 85
