214 -1 -1 -1 -1
0 487 304 506 326
1 485 304 503 325
2 486 305 504 326
3 486 304 504 325
4 487 304 505 325
5 487 304 505 325
6 486 304 504 325
7 486 304 504 325
8 487 305 505 326
9 486 304 504 325
10 487 304 505 325
11 487 304 505 325
12 486 304 504 325
13 488 304 506 325
14 486 304 504 325
15 486 304 504 325
16 487 304 505 325
17 486 304 504 325
18 486 304 504 325
19 486 304 504 325
20 486 304 504 325
21 487 304 505 325
22 486 304 504 325
23 486 304 504 325
24 487 304 505 325
25 487 304 505 325
26 486 304 504 325
27 486 304 504 325
28 487 304 505 325
29 486 304 504 325
30 487 304 505 325
31 485 304 503 325
32 487 305 505 326
33 487 305 505 326
34 488 305 506 326
35 487 305 505 326
36 487 304 505 325
37 486 305 504 326
38 487 305 505 326
39 487 305 505 326
40 487 305 505 326
41 488 305 506 326
42 487 304 505 325
43 487 304 505 325
44 487 305 505 326
45 487 304 505 325
46 487 304 505 325
47 487 305 505 326
48 487 304 505 325
49 487 305 505 326
50 487 305 505 326
51 487 305 505 326
52 487 305 505 326
53 487 305 505 326
54 488 305 506 326
55 487 304 505 325
56 487 304 505 325
57 488 304 506 325
58 488 305 506 326
59 487 304 505 325
60 488 304 506 325
61 487 304 505 325
62 487 304 505 325
63 486 304 504 325
64 486 304 504 325
65 487 304 505 325
66 487 305 505 326
67 487 305 505 326
68 486 305 504 326
69 486 305 504 326
70 482 313 500 334
71 471 329 489 350
72 457 347 475 368
73 444 363 462 384
74 432 379 450 400
75 431 381 449 402
76 422 394 440 415
77 410 412 428 433
78 403 428 421 449
79 398 439 416 460
80 408 445 426 466
81 422 441 440 462
82 439 434 457 455
83 452 428 470 449
84 455 427 473 448
85 455 427 473 448
86 456 426 474 447
87 457 426 475 447
88 457 426 475 447
89 457 426 475 447
90 458 426 476 447
91 457 426 475 447
92 457 426 475 447
93 457 426 475 447
94 458 426 476 447
95 457 426 475 447
96 457 426 475 447
97 457 426 475 447
98 457 426 475 447
99 457 426 475 447
100 457 425 475 446
101 457 425 475 446
102 457 426 475 447
103 458 426 476 447
104 457 425 475 446
105 457 426 475 447
106 457 426 475 447
107 457 426 475 447
108 457 426 475 447
109 457 425 475 446
110 457 426 475 447
111 457 426 475 447
112 457 426 475 447
113 457 426 475 447
114 457 426 475 447
115 457 426 475 447
116 457 426 475 447
117 457 426 475 447
118 457 426 475 447
119 458 426 476 447
120 458 426 476 447
121 457 426 475 447
122 457 426 475 447
123 457 426 475 447
124 457 426 475 447
125 457 426 475 447
126 458 426 476 447
127 457 426 475 447
128 457 426 475 447
129 457 426 475 447
130 457 426 475 447
131 457 426 475 447
132 457 426 475 447
133 457 427 475 448
134 457 426 475 447
135 457 426 475 447
136 457 426 475 447
137 457 426 475 447
138 457 426 475 447
139 457 426 475 447
140 457 426 475 447
141 457 427 475 448
142 457 426 475 447
143 457 426 475 447
144 457 426 475 447
145 457 426 475 447
146 457 426 475 447
147 457 426 475 447
148 457 426 475 447
149 457 426 475 447
150 457 426 475 447
151 457 426 475 447
152 456 425 474 446
153 456 426 474 447
154 456 426 474 447
155 457 426 475 447
156 456 426 474 447
157 456 426 474 447
158 457 426 475 447
159 457 426 475 447
160 456 426 474 447
161 456 426 474 447
162 456 426 474 447
163 456 426 474 447
164 457 426 475 447
165 457 426 475 447
166 456 426 474 447
167 456 426 474 447
168 457 426 475 447
169 456 426 474 447
170 456 426 474 447
171 457 426 475 447
172 457 426 475 447
173 457 426 475 447
174 457 426 475 447
175 456 426 474 447
176 456 426 474 447
177 457 426 475 447
178 456 426 474 447
179 456 426 474 447
180 456 426 474 447
181 457 426 475 447
182 457 426 475 447
183 457 426 475 447
184 457 426 475 447
185 456 426 474 447
186 457 426 475 447
187 456 426 474 447
188 457 426 475 447
189 457 426 475 447
190 457 426 475 447
191 457 426 475 447
192 457 426 475 447
193 456 426 474 447
194 456 426 474 447
195 456 426 474 447
196 456 426 474 447
197 457 426 475 447
198 457 426 475 447
199 457 426 475 447
200 457 426 475 447
201 457 426 475 447
202 456 426 474 447
203 456 426 474 447
204 456 426 474 447
205 457 426 475 447
206 457 426 475 447
207 456 426 474 447
208 457 426 475 447
209 457 426 475 447
210 456 426 474 447
211 456 426 474 447
212 456 426 474 447
