344 -1 -1 -1 -1
0 818 540 839 562
1 819 541 839 562
2 819 540 839 561
3 819 540 839 561
4 819 540 839 561
5 819 540 839 561
6 818 540 838 561
7 819 541 839 562
8 818 541 838 562
9 818 541 838 562
10 818 540 838 561
11 818 541 838 562
12 819 540 839 561
13 819 540 839 561
14 819 540 839 561
15 819 541 839 562
16 818 541 838 562
17 819 540 839 561
18 819 540 839 561
19 819 540 839 561
20 818 541 838 562
21 819 540 839 561
22 819 540 839 561
23 819 540 839 561
24 819 540 839 561
25 819 540 839 561
26 817 540 837 561
27 818 540 838 561
28 818 540 838 561
29 819 540 839 561
30 819 540 839 561
31 819 540 839 561
32 819 540 839 561
33 819 540 839 561
34 818 541 838 562
35 818 540 838 561
36 819 540 839 561
37 819 540 839 561
38 819 541 839 562
39 819 541 839 562
40 819 540 839 561
41 819 540 839 561
42 819 541 839 562
43 819 540 839 561
44 819 540 839 561
45 818 541 838 562
46 819 540 839 561
47 819 540 839 561
48 818 541 838 562
49 819 541 839 562
50 818 540 838 561
51 819 540 839 561
52 819 540 839 561
53 818 541 838 562
54 818 540 838 561
55 819 540 839 561
56 819 541 839 562
57 819 541 839 562
58 819 540 839 561
59 819 540 839 561
60 818 540 838 561
61 819 540 839 561
62 819 540 839 561
63 819 540 839 561
64 818 540 838 561
65 819 540 839 561
66 818 540 838 561
67 818 540 838 561
68 818 541 838 562
69 818 540 838 561
70 817 540 837 561
71 817 541 837 562
72 817 541 837 562
73 812 544 832 565
74 805 547 825 568
75 799 549 819 570
76 795 551 815 572
77 794 551 814 572
78 789 553 809 574
79 783 556 803 577
80 779 558 799 579
81 773 560 793 581
82 767 562 787 583
83 766 562 786 583
84 763 564 783 585
85 757 566 777 587
86 753 568 773 589
87 748 570 768 591
88 743 572 763 593
89 737 574 757 595
90 737 574 757 595
91 734 576 754 597
92 727 578 747 599
93 723 580 743 601
94 718 582 738 603
95 715 583 735 604
96 715 584 735 605
97 715 586 735 607
98 714 587 734 608
99 715 588 735 609
100 713 590 733 611
101 712 591 732 612
102 713 591 733 612
103 713 591 733 612
104 712 592 732 613
105 711 593 731 614
106 710 593 730 614
107 710 594 730 615
108 711 594 731 615
109 710 594 730 615
110 709 595 729 616
111 708 596 728 617
112 708 595 728 616
113 708 595 728 616
114 708 595 728 616
115 707 594 727 615
116 707 594 727 615
117 707 593 727 614
118 706 593 726 614
119 706 593 726 614
120 706 593 726 614
121 706 592 726 613
122 706 592 726 613
123 706 592 726 613
124 706 592 726 613
125 706 592 726 613
126 706 592 726 613
127 706 592 726 613
128 705 591 725 612
129 705 591 725 612
130 704 591 724 612
131 704 591 724 612
132 705 591 725 612
133 705 591 725 612
134 705 591 725 612
135 705 591 725 612
136 705 590 725 611
137 705 590 725 611
138 705 590 725 611
139 705 590 725 611
140 704 590 724 611
141 705 590 725 611
142 704 589 724 610
143 703 590 723 611
144 704 590 724 611
145 703 590 723 611
146 703 590 723 611
147 703 589 723 610
148 704 590 724 611
149 703 590 723 611
150 703 590 723 611
151 704 590 724 611
152 704 590 724 611
153 704 590 724 611
154 704 590 724 611
155 703 590 723 611
156 703 590 723 611
157 704 590 724 611
158 704 590 724 611
159 704 590 724 611
160 704 590 724 611
161 704 590 724 611
162 703 590 723 611
163 703 590 723 611
164 703 590 723 611
165 703 590 723 611
166 704 590 724 611
167 704 590 724 611
168 703 590 723 611
169 703 590 723 611
170 704 590 724 611
171 704 590 724 611
172 704 590 724 611
173 704 590 724 611
174 704 590 724 611
175 704 590 724 611
176 704 590 724 611
177 704 590 724 611
178 704 590 724 611
179 704 590 724 611
180 704 590 724 611
181 704 590 724 611
182 704 590 724 611
183 704 590 724 611
184 705 590 725 611
185 704 590 724 611
186 704 590 724 611
187 705 590 725 611
188 705 590 725 611
189 704 590 724 611
190 704 590 724 611
191 704 590 724 611
192 704 590 724 611
193 704 590 724 611
194 704 590 724 611
195 705 590 725 611
196 704 590 724 611
197 704 590 724 611
198 705 590 725 611
199 705 590 725 611
200 704 590 724 611
201 704 589 724 610
202 705 590 725 611
203 705 590 725 611
204 704 590 724 611
205 704 590 724 611
206 704 590 724 611
207 704 590 724 611
208 704 589 724 610
209 704 589 724 610
210 705 589 725 610
211 705 589 725 610
212 705 589 725 610
213 704 589 724 610
214 704 589 724 610
215 704 589 724 610
216 704 589 724 610
217 704 589 724 610
218 704 589 724 610
219 704 589 724 610
220 704 589 724 610
221 704 589 724 610
222 704 589 724 610
223 704 589 724 610
224 704 589 724 610
225 704 589 724 610
226 704 589 724 610
227 704 589 724 610
228 704 589 724 610
229 704 589 724 610
230 704 589 724 610
231 705 589 725 610
232 704 589 724 610
233 704 589 724 610
234 704 589 724 610
235 704 590 724 611
236 704 589 724 610
237 704 589 724 610
238 704 589 724 610
239 704 588 724 609
240 704 589 724 610
241 704 589 724 610
242 703 588 723 609
243 703 589 723 610
244 704 589 724 610
245 703 589 723 610
246 703 588 723 609
247 704 588 724 609
248 704 588 724 609
249 704 589 724 610
250 703 589 723 610
251 704 589 724 610
252 704 589 724 610
253 704 589 724 610
254 704 589 724 610
255 703 589 723 610
256 704 588 724 609
257 704 589 724 610
258 703 589 723 610
259 703 589 723 610
260 704 588 724 609
261 704 588 724 609
262 704 589 724 610
263 704 588 724 609
264 704 588 724 609
265 704 589 724 610
266 704 589 724 610
267 703 588 723 609
268 703 588 723 609
269 703 588 723 609
270 703 588 723 609
271 704 588 724 609
272 704 588 724 609
273 703 588 723 609
274 703 589 723 610
275 704 589 724 610
276 704 589 724 610
277 703 588 723 609
278 703 589 723 610
279 704 589 724 610
280 704 588 724 609
281 703 588 723 609
282 703 588 723 609
283 703 588 723 609
284 704 588 724 609
285 704 589 724 610
286 703 589 723 610
287 703 588 723 609
288 704 589 724 610
289 704 588 724 609
290 704 589 724 610
291 703 589 723 610
292 704 589 724 610
293 704 588 724 609
294 703 588 723 609
295 704 589 724 610
296 704 589 724 610
297 704 589 724 610
298 703 588 723 609
299 703 589 723 610
300 703 589 723 610
301 704 589 724 610
302 703 589 723 610
303 704 588 724 609
304 704 589 724 610
305 703 588 723 609
306 703 588 723 609
307 703 588 723 609
308 703 588 723 609
309 704 588 724 609
310 704 588 724 609
311 704 588 724 609
312 703 589 723 610
313 703 589 723 610
314 703 589 723 610
315 703 588 723 609
316 703 588 723 609
317 703 588 723 609
318 703 588 723 609
319 703 588 723 609
320 703 588 723 609
321 703 588 723 609
322 703 588 723 609
323 703 588 723 609
324 704 589 724 610
325 703 589 723 610
326 703 588 723 609
327 704 589 724 610
328 704 589 724 610
329 704 588 724 609
330 704 588 724 609
331 704 588 724 609
332 704 588 724 609
333 704 588 724 609
334 704 588 724 609
335 704 589 724 610
336 704 589 724 610
337 704 588 724 609
338 704 588 724 609
339 703 588 723 609
340 703 588 723 609
341 704 589 724 610
342 704 588 724 609
