344 -1 -1 -1 -1
0 554 81 572 100
1 553 82 570 100
2 554 82 571 100
3 554 82 571 100
4 554 82 571 100
5 553 82 570 100
6 553 82 570 100
7 553 82 570 100
8 554 82 571 100
9 554 82 571 100
10 554 82 571 100
11 554 82 571 100
12 554 82 571 100
13 553 82 570 100
14 553 82 570 100
15 554 82 571 100
16 553 82 570 100
17 553 82 570 100
18 553 82 570 100
19 554 82 571 100
20 556 85 573 103
21 562 96 579 114
22 567 105 584 123
23 567 105 584 123
24 573 115 590 133
25 579 124 596 142
26 585 133 602 151
27 591 142 608 160
28 596 152 613 170
29 597 152 614 170
30 602 161 619 179
31 609 171 626 189
32 614 180 631 198
33 620 190 637 208
34 626 200 643 218
35 627 200 644 218
36 632 209 649 227
37 638 219 655 237
38 644 229 661 247
39 650 239 667 257
40 657 249 674 267
41 657 249 674 267
42 662 258 679 276
43 669 269 686 287
44 675 279 692 297
45 682 290 699 308
46 688 300 705 318
47 688 300 705 318
48 694 309 711 327
49 702 321 719 339
50 708 331 725 349
51 715 342 732 360
52 722 352 739 370
53 722 352 739 370
54 727 363 744 381
55 735 374 752 392
56 741 385 758 403
57 749 396 766 414
58 755 407 772 425
59 756 407 773 425
60 762 417 779 435
61 770 430 787 448
62 777 441 794 459
63 784 452 801 470
64 790 464 807 482
65 791 464 808 482
66 798 475 815 493
67 805 487 822 505
68 812 499 829 517
69 820 510 837 528
70 828 522 845 540
71 829 523 846 541
72 835 531 852 549
73 849 543 866 561
74 864 554 881 572
75 878 563 895 581
76 891 573 908 591
77 895 577 912 595
78 905 584 922 602
79 920 592 937 610
80 933 600 950 618
81 945 602 962 620
82 952 595 969 613
83 953 590 970 608
84 958 583 975 601
85 967 576 984 594
86 976 570 993 588
87 984 563 1001 581
88 992 557 1009 575
89 996 551 1013 569
90 996 550 1013 568
91 988 547 1005 565
92 980 542 997 560
93 973 536 990 554
94 967 531 984 549
95 960 526 977 544
96 960 526 977 544
97 955 521 972 539
98 948 516 965 534
99 942 511 959 529
100 936 506 953 524
101 930 501 947 519
102 929 501 946 519
103 925 497 942 515
104 918 492 935 510
105 913 487 930 505
106 907 482 924 500
107 901 477 918 495
108 901 477 918 495
109 897 473 914 491
110 890 469 907 487
111 885 464 902 482
112 880 460 897 478
113 874 455 891 473
114 874 455 891 473
115 869 451 886 469
116 863 446 880 464
117 859 442 876 460
118 854 438 871 456
119 848 433 865 451
120 847 433 864 451
121 844 429 861 447
122 838 425 855 443
123 833 421 850 439
124 828 416 845 434
125 823 412 840 430
126 823 413 840 431
127 818 409 835 427
128 813 405 830 423
129 809 401 826 419
130 804 396 821 414
131 799 392 816 410
132 799 393 816 411
133 794 389 811 407
134 790 385 807 403
135 785 381 802 399
136 781 377 798 395
137 776 374 793 392
138 777 374 794 392
139 772 370 789 388
140 768 366 785 384
141 764 363 781 381
142 759 359 776 377
143 755 356 772 374
144 754 355 771 373
145 751 352 768 370
146 747 349 764 367
147 742 345 759 363
148 738 341 755 359
149 734 338 751 356
150 734 338 751 356
151 730 335 747 353
152 726 331 743 349
153 722 328 739 346
154 718 325 735 343
155 714 322 731 340
156 715 321 732 339
157 711 319 728 337
158 707 315 724 333
159 703 311 720 329
160 699 308 716 326
161 695 305 712 323
162 695 305 712 323
163 692 302 709 320
164 688 299 705 317
165 684 296 701 314
166 681 293 698 311
167 677 290 694 308
168 677 290 694 308
169 674 287 691 305
170 671 283 688 301
171 667 281 684 299
172 664 278 681 296
173 661 275 678 293
174 660 275 677 293
175 658 272 675 290
176 654 270 671 288
177 650 267 667 285
178 647 264 664 282
179 645 261 662 279
180 645 261 662 279
181 641 259 658 277
182 638 256 655 274
183 635 253 652 271
184 632 251 649 269
185 629 248 646 266
186 629 248 646 266
187 626 245 643 263
188 623 243 640 261
189 620 241 637 259
190 617 238 634 256
191 615 236 632 254
192 614 235 631 253
193 611 233 628 251
194 608 230 625 248
195 606 228 623 246
196 603 226 620 244
197 600 223 617 241
198 600 223 617 241
199 598 221 615 239
200 595 219 612 237
201 592 216 609 234
202 589 214 606 232
203 587 212 604 230
204 587 212 604 230
205 584 209 601 227
206 582 207 599 225
207 580 205 597 223
208 577 203 594 221
209 574 201 591 219
210 574 201 591 219
211 572 198 589 216
212 570 196 587 214
213 567 194 584 212
214 565 192 582 210
215 562 190 579 208
216 562 190 579 208
217 560 188 577 206
218 558 186 575 204
219 555 184 572 202
220 553 182 570 200
221 551 180 568 198
222 550 180 567 198
223 549 178 566 196
224 547 176 564 194
225 544 174 561 192
226 542 172 559 190
227 540 170 557 188
228 540 170 557 188
229 537 168 554 186
230 535 166 552 184
231 532 165 549 183
232 531 164 548 182
233 529 162 546 180
234 529 161 546 179
235 527 161 544 179
236 525 160 542 178
237 523 159 540 177
238 521 157 538 175
239 519 157 536 175
240 519 157 536 175
241 517 156 534 174
242 513 155 530 173
243 511 155 528 173
244 509 154 526 172
245 509 154 526 172
246 509 154 526 172
247 506 154 523 172
248 504 153 521 171
249 502 153 519 171
250 499 152 516 170
251 498 152 515 170
252 498 152 515 170
253 496 151 513 169
254 494 151 511 169
255 492 151 509 169
256 490 150 507 168
257 488 150 505 168
258 488 150 505 168
259 486 150 503 168
260 485 150 502 168
261 483 149 500 167
262 481 149 498 167
263 480 148 497 166
264 480 148 497 166
265 478 148 495 166
266 477 147 494 165
267 475 147 492 165
268 474 147 491 165
269 473 147 490 165
270 473 147 490 165
271 472 147 489 165
272 471 147 488 165
273 469 146 486 164
274 468 146 485 164
275 466 146 483 164
276 467 146 484 164
277 465 145 482 163
278 464 145 481 163
279 463 145 480 163
280 462 145 479 163
281 461 144 478 162
282 461 144 478 162
283 460 144 477 162
284 459 144 476 162
285 458 144 475 162
286 458 144 475 162
287 457 144 474 162
288 457 143 474 161
289 456 143 473 161
290 455 143 472 161
291 455 143 472 161
292 454 142 471 160
293 454 142 471 160
294 454 142 471 160
295 453 142 470 160
296 452 143 469 161
297 452 142 469 160
298 452 142 469 160
299 451 142 468 160
300 451 142 468 160
301 451 142 468 160
302 450 142 467 160
303 450 142 467 160
304 450 142 467 160
305 450 142 467 160
306 450 142 467 160
307 449 142 466 160
308 449 141 466 159
309 449 141 466 159
310 448 141 465 159
311 449 141 466 159
312 449 142 466 160
313 449 141 466 159
314 449 141 466 159
315 449 141 466 159
316 449 142 466 160
317 449 141 466 159
318 449 141 466 159
319 448 141 465 159
320 448 142 465 160
321 448 141 465 159
322 449 141 466 159
323 448 141 465 159
324 449 141 466 159
325 449 142 466 160
326 448 142 465 160
327 448 141 465 159
328 449 141 466 159
329 449 141 466 159
330 448 142 465 160
331 449 141 466 159
332 449 141 466 159
333 449 141 466 159
334 449 141 466 159
335 448 142 465 160
336 449 142 466 160
337 449 141 466 159
338 448 141 465 159
339 448 141 465 159
340 449 141 466 159
341 448 142 465 160
342 448 141 465 159
