229 -1 -1 -1 -1
0 577 127 594 146
1 579 128 595 146
2 579 128 595 146
3 579 128 595 146
4 579 128 595 146
5 579 128 595 146
6 578 128 594 146
7 579 128 595 146
8 579 128 595 146
9 579 128 595 146
10 579 128 595 146
11 579 128 595 146
12 579 128 595 146
13 579 128 595 146
14 577 128 593 146
15 579 128 595 146
16 579 128 595 146
17 577 128 593 146
18 576 128 592 146
19 577 128 593 146
20 579 128 595 146
21 577 128 593 146
22 579 128 595 146
23 578 128 594 146
24 578 128 594 146
25 579 128 595 146
26 578 128 594 146
27 578 128 594 146
28 579 128 595 146
29 578 128 594 146
30 577 128 593 146
31 577 128 593 146
32 578 128 594 146
33 578 128 594 146
34 578 128 594 146
35 578 128 594 146
36 578 128 594 146
37 578 128 594 146
38 577 128 593 146
39 577 128 593 146
40 577 128 593 146
41 578 128 594 146
42 577 128 593 146
43 577 128 593 146
44 577 128 593 146
45 578 128 594 146
46 578 128 594 146
47 578 128 594 146
48 578 128 594 146
49 578 128 594 146
50 578 128 594 146
51 578 128 594 146
52 577 128 593 146
53 578 128 594 146
54 577 128 593 146
55 577 128 593 146
56 577 128 593 146
57 577 128 593 146
58 577 128 593 146
59 577 128 593 146
60 578 128 594 146
61 579 128 595 146
62 579 128 595 146
63 579 128 595 146
64 578 128 594 146
65 578 128 594 146
66 579 128 595 146
67 577 128 593 146
68 578 128 594 146
69 578 128 594 146
70 578 128 594 146
71 578 128 594 146
72 578 128 594 146
73 578 128 594 146
74 578 128 594 146
75 578 128 594 146
76 579 128 595 146
77 579 128 595 146
78 578 128 594 146
79 579 128 595 146
80 579 128 595 146
81 579 128 595 146
82 578 128 594 146
83 578 128 594 146
84 579 128 595 146
85 579 128 595 146
86 579 128 595 146
87 579 128 595 146
88 579 128 595 146
89 578 128 594 146
90 577 128 593 146
91 577 128 593 146
92 577 128 593 146
93 577 128 593 146
94 577 128 593 146
95 577 128 593 146
96 577 128 593 146
97 577 128 593 146
98 577 128 593 146
99 577 128 593 146
100 577 128 593 146
101 577 128 593 146
102 577 128 593 146
103 577 128 593 146
104 577 128 593 146
105 577 128 593 146
106 577 128 593 146
107 577 128 593 146
108 578 128 594 146
109 577 128 593 146
110 577 128 593 146
111 577 128 593 146
112 577 128 593 146
113 577 128 593 146
114 578 128 594 146
115 577 128 593 146
116 578 128 594 146
117 577 128 593 146
118 577 128 593 146
119 577 129 593 147
120 577 129 593 147
121 577 129 593 147
122 577 129 593 147
123 577 129 593 147
124 577 129 593 147
125 577 129 593 147
126 576 129 592 147
127 576 129 592 147
128 577 129 593 147
129 577 129 593 147
130 577 129 593 147
131 577 129 593 147
132 577 129 593 147
133 577 129 593 147
134 577 129 593 147
135 577 129 593 147
136 577 129 593 147
137 577 129 593 147
138 576 129 592 147
139 577 129 593 147
140 577 129 593 147
141 577 129 593 147
142 577 128 593 146
143 577 128 593 146
144 577 128 593 146
145 575 128 591 146
146 565 118 581 136
147 555 106 571 124
148 552 99 568 117
149 553 98 569 116
150 555 101 571 119
151 555 103 571 121
152 555 104 571 122
153 555 103 571 121
154 555 102 571 120
155 555 102 571 120
156 555 103 571 121
157 555 103 571 121
158 555 103 571 121
159 555 102 571 120
160 555 102 571 120
161 555 102 571 120
162 555 103 571 121
163 555 103 571 121
164 555 103 571 121
165 555 103 571 121
166 555 102 571 120
167 555 102 571 120
168 555 102 571 120
169 555 103 571 121
170 555 103 571 121
171 555 102 571 120
172 555 101 571 119
173 555 101 571 119
174 555 102 571 120
175 555 102 571 120
176 555 103 571 121
177 555 103 571 121
178 555 102 571 120
179 555 103 571 121
180 555 104 571 122
181 555 103 571 121
182 556 102 572 120
183 556 102 572 120
184 556 103 572 121
185 556 104 572 122
186 556 104 572 122
187 556 104 572 122
188 556 103 572 121
189 556 103 572 121
190 556 104 572 122
191 556 104 572 122
192 556 103 572 121
193 556 102 572 120
194 555 102 571 120
195 554 102 570 120
196 555 102 571 120
197 555 102 571 120
198 555 101 571 119
199 556 100 572 118
200 557 99 573 117
201 557 98 573 116
202 556 96 572 114
203 555 94 571 112
204 555 92 571 110
205 555 92 571 110
206 556 92 572 110
207 557 93 573 111
208 557 92 573 110
209 556 90 572 108
210 555 88 571 106
211 553 86 569 104
212 549 81 565 99
213 546 78 562 96
214 544 76 560 94
215 543 74 559 92
216 542 72 558 90
217 540 70 556 88
218 538 68 554 86
219 538 68 554 86
220 535 67 551 85
221 530 65 546 83
222 524 60 540 78
223 518 52 534 70
224 513 45 529 63
225 509 41 525 59
226 503 42 519 60
227 495 48 511 66
