229 -1 -1 -1 -1
0 936 338 954 359
1 937 339 954 359
2 937 339 954 359
3 937 339 954 359
4 937 339 954 359
5 937 339 954 359
6 937 338 954 358
7 937 339 954 359
8 937 339 954 359
9 937 339 954 359
10 936 338 953 358
11 937 339 954 359
12 936 339 953 359
13 936 339 953 359
14 937 339 954 359
15 936 339 953 359
16 937 339 954 359
17 937 339 954 359
18 937 339 954 359
19 936 339 953 359
20 937 339 954 359
21 937 339 954 359
22 937 339 954 359
23 937 338 954 358
24 937 339 954 359
25 937 339 954 359
26 937 339 954 359
27 937 339 954 359
28 937 339 954 359
29 937 339 954 359
30 937 339 954 359
31 937 339 954 359
32 937 339 954 359
33 937 339 954 359
34 936 339 953 359
35 937 339 954 359
36 937 338 954 358
37 937 338 954 358
38 936 339 953 359
39 937 339 954 359
40 937 339 954 359
41 937 339 954 359
42 937 339 954 359
43 936 339 953 359
44 937 339 954 359
45 937 339 954 359
46 937 338 954 358
47 937 339 954 359
48 936 338 953 358
49 937 339 954 359
50 937 338 954 358
51 937 339 954 359
52 937 339 954 359
53 937 339 954 359
54 936 338 953 358
55 936 339 953 359
56 937 338 954 358
57 937 339 954 359
58 937 339 954 359
59 937 339 954 359
60 937 339 954 359
61 937 339 954 359
62 937 339 954 359
63 937 339 954 359
64 937 339 954 359
65 937 339 954 359
66 937 339 954 359
67 937 339 954 359
68 937 339 954 359
69 937 339 954 359
70 936 339 953 359
71 936 339 953 359
72 936 339 953 359
73 936 339 953 359
74 936 339 953 359
75 936 339 953 359
76 936 339 953 359
77 936 339 953 359
78 936 339 953 359
79 936 339 953 359
80 936 339 953 359
81 936 339 953 359
82 936 339 953 359
83 936 339 953 359
84 937 339 954 359
85 936 339 953 359
86 936 339 953 359
87 936 339 953 359
88 936 339 953 359
89 935 339 952 359
90 936 339 953 359
91 936 339 953 359
92 936 339 953 359
93 936 339 953 359
94 936 339 953 359
95 936 339 953 359
96 936 339 953 359
97 936 339 953 359
98 936 338 953 358
99 936 338 953 358
100 936 338 953 358
101 936 339 953 359
102 936 339 953 359
103 936 339 953 359
104 936 339 953 359
105 936 338 953 358
106 936 339 953 359
107 936 338 953 358
108 936 339 953 359
109 936 339 953 359
110 936 338 953 358
111 936 338 953 358
112 937 339 954 359
113 936 339 953 359
114 936 339 953 359
115 936 339 953 359
116 936 339 953 359
117 936 339 953 359
118 936 339 953 359
119 936 338 953 358
120 936 338 953 358
121 936 338 953 358
122 936 338 953 358
123 936 338 953 358
124 936 339 953 359
125 937 339 954 359
126 937 338 954 358
127 937 338 954 358
128 936 339 953 359
129 936 339 953 359
130 937 338 954 358
131 936 339 953 359
132 936 338 953 358
133 936 338 953 358
134 937 339 954 359
135 937 338 954 358
136 936 338 953 358
137 936 338 953 358
138 937 338 954 358
139 936 338 953 358
140 936 338 953 358
141 936 338 953 358
142 937 338 954 358
143 937 338 954 358
144 936 339 953 359
145 936 338 953 358
146 936 338 953 358
147 936 338 953 358
148 936 338 953 358
149 936 338 953 358
150 937 338 954 358
151 937 338 954 358
152 937 338 954 358
153 936 338 953 358
154 937 338 954 358
155 936 338 953 358
156 936 338 953 358
157 939 340 956 360
158 934 350 951 370
159 927 356 944 376
160 911 362 928 382
161 887 370 904 390
162 853 383 870 403
163 819 396 836 416
164 791 407 808 427
165 770 415 787 435
166 764 417 781 437
167 752 422 769 442
168 731 431 748 451
169 703 441 720 461
170 676 450 693 470
171 661 455 678 475
172 652 459 669 479
173 635 466 652 486
174 610 475 627 495
175 584 485 601 505
176 560 493 577 513
177 548 497 565 517
178 538 502 555 522
179 518 510 535 530
180 491 519 508 539
181 465 529 482 549
182 439 538 456 558
183 429 542 446 562
184 416 547 433 567
185 393 555 410 575
186 365 566 382 586
187 338 577 355 597
188 311 586 328 606
189 297 590 314 610
190 286 594 303 614
191 266 599 283 619
192 236 607 253 627
193 205 610 222 630
194 178 612 195 632
195 156 615 173 635
196 135 618 152 638
197 115 622 132 642
198 101 627 118 647
199 95 633 112 653
200 96 640 113 660
201 105 649 122 669
202 118 659 135 679
203 135 669 152 689
204 167 679 184 699
205 210 680 227 700
206 256 677 273 697
207 290 671 307 691
208 310 666 327 686
209 313 662 330 682
210 303 662 320 682
211 283 662 300 682
212 261 663 278 683
213 241 664 258 684
214 223 665 240 685
215 205 667 222 687
216 192 667 209 687
217 189 667 206 687
218 191 667 208 687
219 194 667 211 687
220 197 666 214 686
221 198 663 215 683
222 199 662 216 682
223 201 659 218 679
224 201 655 218 675
225 202 651 219 671
226 200 642 217 662
227 199 630 216 650
