272 -1 -1 -1 -1
0 484 395 504 417
1 484 395 503 416
2 484 395 503 416
3 485 395 504 416
4 484 395 503 416
5 485 395 504 416
6 485 395 504 416
7 484 396 503 417
8 485 395 504 416
9 484 395 503 416
10 484 395 503 416
11 485 397 504 418
12 486 402 505 423
13 492 416 511 437
14 500 433 519 454
15 507 450 526 471
16 508 451 527 472
17 515 463 534 484
18 522 479 541 500
19 528 496 547 517
20 535 512 554 533
21 540 528 559 549
22 540 531 559 552
23 535 538 554 559
24 523 547 542 568
25 511 557 530 578
26 503 567 522 588
27 495 573 514 594
28 493 574 512 595
29 489 574 508 595
30 483 571 502 592
31 475 563 494 584
32 468 555 487 576
33 464 548 483 569
34 463 547 482 568
35 459 542 478 563
36 453 535 472 556
37 446 528 465 549
38 441 522 460 543
39 435 515 454 536
40 434 514 453 535
41 432 510 451 531
42 427 503 446 524
43 420 496 439 517
44 415 490 434 511
45 410 484 429 505
46 409 483 428 504
47 405 478 424 499
48 401 472 420 493
49 394 466 413 487
50 390 460 409 481
51 385 455 404 476
52 384 455 403 476
53 380 450 399 471
54 375 444 394 465
55 371 438 390 459
56 366 433 385 454
57 360 427 379 448
58 360 427 379 448
59 357 422 376 443
60 352 417 371 438
61 347 412 366 433
62 343 407 362 428
63 339 401 358 422
64 338 401 357 422
65 334 397 353 418
66 330 391 349 412
67 324 386 343 407
68 320 380 339 401
69 317 375 336 396
70 317 375 336 396
71 315 371 334 392
72 319 367 338 388
73 322 363 341 384
74 327 360 346 381
75 330 355 349 376
76 330 355 349 376
77 333 352 352 373
78 337 347 356 368
79 340 343 359 364
80 344 339 363 360
81 347 336 366 357
82 347 336 366 357
83 353 332 372 353
84 356 329 375 350
85 359 325 378 346
86 362 321 381 342
87 365 317 384 338
88 365 317 384 338
89 369 314 388 335
90 372 310 391 331
91 374 307 393 328
92 378 304 397 325
93 381 300 400 321
94 381 300 400 321
95 383 297 402 318
96 387 294 406 315
97 390 290 409 311
98 393 287 412 308
99 396 284 415 305
100 396 284 415 305
101 397 282 416 303
102 400 278 419 299
103 403 275 422 296
104 406 272 425 293
105 408 269 427 290
106 409 269 428 290
107 410 266 429 287
108 412 263 431 284
109 415 260 434 281
110 418 258 437 279
111 420 255 439 276
112 420 254 439 275
113 422 252 441 273
114 424 249 443 270
115 426 246 445 267
116 428 243 447 264
117 432 241 451 262
118 432 240 451 261
119 433 238 452 259
120 436 236 455 257
121 439 233 458 254
122 442 230 461 251
123 444 227 463 248
124 444 227 463 248
125 445 225 464 246
126 447 224 466 245
127 449 221 468 242
128 451 218 470 239
129 454 216 473 237
130 453 215 472 236
131 455 214 474 235
132 458 212 477 233
133 459 210 478 231
134 461 207 480 228
135 462 205 481 226
136 462 205 481 226
137 463 203 482 224
138 465 201 484 222
139 467 198 486 219
140 469 196 488 217
141 471 194 490 215
142 471 194 490 215
143 472 192 491 213
144 474 189 493 210
145 476 187 495 208
146 477 184 496 205
147 479 182 498 203
148 480 182 499 203
149 481 181 500 202
150 482 178 501 199
151 484 177 503 198
152 486 176 505 197
153 488 174 507 195
154 488 174 507 195
155 489 172 508 193
156 490 170 509 191
157 491 168 510 189
158 493 166 512 187
159 495 164 514 185
160 496 164 515 185
161 496 163 515 184
162 498 160 517 181
163 499 159 518 180
164 501 157 520 178
165 502 154 521 175
166 502 154 521 175
167 503 153 522 174
168 505 152 524 173
169 506 149 525 170
170 508 148 527 169
171 509 146 528 167
172 508 146 527 167
173 509 145 528 166
174 511 144 530 165
175 512 142 531 163
176 514 141 533 162
177 515 140 534 161
178 515 139 534 160
179 516 138 535 159
180 518 137 537 158
181 519 135 538 156
182 521 133 540 154
183 522 132 541 153
184 522 132 541 153
185 523 131 542 152
186 524 128 543 149
187 525 128 544 149
188 526 127 545 148
189 527 126 546 147
190 527 126 546 147
191 528 125 547 146
192 529 124 548 145
193 530 122 549 143
194 531 121 550 142
195 531 120 550 141
196 532 120 551 141
197 532 119 551 140
198 533 117 552 138
199 534 116 553 137
200 535 114 554 135
201 536 114 555 135
202 536 114 555 135
203 537 113 556 134
204 538 112 557 133
205 539 110 558 131
206 539 110 558 131
207 540 109 559 130
208 540 108 559 129
209 541 107 560 128
210 542 107 561 128
211 543 106 562 127
212 543 104 562 125
213 544 103 563 124
214 544 103 563 124
215 545 102 564 123
216 546 101 565 122
217 547 100 566 121
218 547 99 566 120
219 548 98 567 119
220 548 99 567 120
221 549 98 568 119
222 549 97 568 118
223 550 96 569 117
224 551 95 570 116
225 551 95 570 116
226 551 95 570 116
227 552 95 571 116
228 553 94 572 115
229 553 93 572 114
230 554 92 573 113
231 554 91 573 112
232 554 91 573 112
233 555 90 574 111
234 555 90 574 111
235 556 89 575 110
236 556 88 575 109
237 557 88 576 109
238 557 88 576 109
239 557 88 576 109
240 558 87 577 108
241 558 86 577 107
242 559 85 578 106
243 560 85 579 106
244 560 85 579 106
245 560 84 579 105
246 561 84 580 105
247 561 83 580 104
248 561 82 580 103
249 561 82 580 103
250 561 81 580 102
251 561 80 580 101
252 562 81 581 102
253 562 80 581 101
254 562 80 581 101
255 562 80 581 101
256 563 79 582 100
257 562 79 581 100
258 562 80 581 101
259 562 79 581 100
260 561 79 580 100
261 562 79 581 100
262 562 79 581 100
263 562 78 581 99
264 561 78 580 99
265 561 79 580 100
266 561 79 580 100
267 561 79 580 100
268 561 79 580 100
269 561 77 580 98
270 561 77 580 98
