272 -1 -1 -1 -1
0 559 534 579 556
1 559 534 578 555
2 559 534 578 555
3 559 535 578 556
4 560 534 579 555
5 559 534 578 555
6 559 534 578 555
7 559 534 578 555
8 559 534 578 555
9 559 534 578 555
10 559 534 578 555
11 559 535 578 556
12 559 535 578 556
13 559 535 578 556
14 559 535 578 556
15 559 535 578 556
16 559 535 578 556
17 559 535 578 556
18 559 535 578 556
19 560 535 579 556
20 559 535 578 556
21 561 536 580 557
22 561 536 580 557
23 571 543 590 564
24 590 552 609 573
25 611 559 630 580
26 627 566 646 587
27 642 571 661 592
28 644 572 663 593
29 654 574 673 595
30 666 578 685 599
31 680 577 699 598
32 698 546 717 567
33 699 541 718 562
34 697 542 716 563
35 696 542 715 563
36 696 542 715 563
37 697 542 716 563
38 697 542 716 563
39 697 542 716 563
40 697 542 716 563
41 697 542 716 563
42 697 542 716 563
43 696 542 715 563
44 697 542 716 563
45 697 542 716 563
46 697 542 716 563
47 696 542 715 563
48 697 542 716 563
49 696 542 715 563
50 696 542 715 563
51 696 542 715 563
52 696 542 715 563
53 696 542 715 563
54 697 542 716 563
55 697 542 716 563
56 696 542 715 563
57 696 542 715 563
58 696 542 715 563
59 697 543 716 564
60 697 543 716 564
61 697 543 716 564
62 697 543 716 564
63 698 543 717 564
64 697 543 716 564
65 697 543 716 564
66 697 543 716 564
67 697 543 716 564
68 697 543 716 564
69 697 543 716 564
70 698 543 717 564
71 697 543 716 564
72 697 543 716 564
73 697 543 716 564
74 697 543 716 564
75 697 543 716 564
76 697 543 716 564
77 697 543 716 564
78 697 543 716 564
79 697 543 716 564
80 697 543 716 564
81 697 543 716 564
82 697 543 716 564
83 697 543 716 564
84 697 543 716 564
85 697 543 716 564
86 697 543 716 564
87 697 543 716 564
88 697 543 716 564
89 697 543 716 564
90 697 543 716 564
91 697 543 716 564
92 697 542 716 563
93 697 542 716 563
94 697 542 716 563
95 697 542 716 563
96 697 543 716 564
97 697 543 716 564
98 697 543 716 564
99 697 543 716 564
100 696 542 715 563
101 696 542 715 563
102 696 543 715 564
103 697 543 716 564
104 697 543 716 564
105 697 543 716 564
106 697 543 716 564
107 698 543 717 564
108 697 543 716 564
109 697 543 716 564
110 697 543 716 564
111 697 543 716 564
112 696 543 715 564
113 697 543 716 564
114 697 543 716 564
115 697 543 716 564
116 697 543 716 564
117 697 543 716 564
118 697 543 716 564
119 697 543 716 564
120 697 543 716 564
121 697 543 716 564
122 697 543 716 564
123 697 543 716 564
124 697 543 716 564
125 697 543 716 564
126 697 543 716 564
127 697 543 716 564
128 697 543 716 564
129 697 543 716 564
130 697 543 716 564
131 697 543 716 564
132 697 543 716 564
133 697 543 716 564
134 697 543 716 564
135 697 543 716 564
136 697 543 716 564
137 697 543 716 564
138 697 543 716 564
139 697 543 716 564
140 697 543 716 564
141 697 542 716 563
142 697 543 716 564
143 697 543 716 564
144 697 543 716 564
145 697 543 716 564
146 697 543 716 564
147 697 543 716 564
148 696 543 715 564
149 696 543 715 564
150 696 543 715 564
151 696 543 715 564
152 696 543 715 564
153 696 543 715 564
154 696 543 715 564
155 697 543 716 564
156 696 543 715 564
157 696 542 715 563
158 696 543 715 564
159 696 543 715 564
160 696 543 715 564
161 696 543 715 564
162 696 543 715 564
163 695 543 714 564
164 696 543 715 564
165 696 543 715 564
166 697 543 716 564
167 697 543 716 564
168 697 543 716 564
169 696 543 715 564
170 697 543 716 564
171 696 543 715 564
172 696 543 715 564
173 697 543 716 564
174 697 543 716 564
175 697 543 716 564
176 697 543 716 564
177 697 543 716 564
178 696 543 715 564
179 697 543 716 564
180 697 543 716 564
181 696 543 715 564
182 696 543 715 564
183 696 543 715 564
184 696 543 715 564
185 696 543 715 564
186 696 543 715 564
187 696 543 715 564
188 696 543 715 564
189 696 543 715 564
190 696 543 715 564
191 696 543 715 564
192 696 543 715 564
193 696 543 715 564
194 696 543 715 564
195 696 543 715 564
196 696 543 715 564
197 696 543 715 564
198 696 543 715 564
199 696 543 715 564
200 696 543 715 564
201 696 543 715 564
202 696 543 715 564
203 696 543 715 564
204 696 543 715 564
205 696 543 715 564
206 696 543 715 564
207 696 543 715 564
208 696 543 715 564
209 696 543 715 564
210 696 543 715 564
211 697 543 716 564
212 697 543 716 564
213 697 543 716 564
214 697 543 716 564
215 697 543 716 564
216 697 543 716 564
217 697 543 716 564
218 697 543 716 564
219 697 543 716 564
220 697 543 716 564
221 697 543 716 564
222 697 543 716 564
223 697 543 716 564
224 697 543 716 564
225 697 543 716 564
226 697 543 716 564
227 697 543 716 564
228 697 543 716 564
229 697 543 716 564
230 696 543 715 564
231 696 543 715 564
232 697 543 716 564
233 697 543 716 564
234 697 543 716 564
235 697 543 716 564
236 697 543 716 564
237 697 543 716 564
238 697 543 716 564
239 697 543 716 564
240 697 543 716 564
241 697 543 716 564
242 696 543 715 564
243 697 543 716 564
244 697 543 716 564
245 697 543 716 564
246 697 543 716 564
247 697 543 716 564
248 696 543 715 564
249 696 543 715 564
250 697 543 716 564
251 697 543 716 564
252 697 543 716 564
253 697 543 716 564
254 697 543 716 564
255 697 543 716 564
256 697 543 716 564
257 697 543 716 564
258 697 543 716 564
259 697 543 716 564
260 697 543 716 564
261 697 543 716 564
262 697 543 716 564
263 696 543 715 564
264 697 543 716 564
265 697 543 716 564
266 697 543 716 564
267 697 543 716 564
268 697 543 716 564
269 696 543 715 564
270 697 543 716 564
