388 -1 -1 -1 -1
0 595 90 609 107
1 594 90 607 106
2 594 90 607 106
3 595 90 608 106
4 595 90 608 106
5 594 90 607 106
6 595 90 608 106
7 595 90 608 106
8 595 90 608 106
9 595 90 608 106
10 595 90 608 106
11 595 90 608 106
12 595 90 608 106
13 595 90 608 106
14 595 91 608 107
15 595 91 608 107
16 596 91 609 107
17 596 91 609 107
18 596 91 609 107
19 596 91 609 107
20 595 91 608 107
21 596 91 609 107
22 596 91 609 107
23 596 91 609 107
24 595 91 608 107
25 596 91 609 107
26 595 91 608 107
27 596 91 609 107
28 596 91 609 107
29 595 90 608 106
30 596 91 609 107
31 596 90 609 106
32 595 90 608 106
33 596 90 609 106
34 595 90 608 106
35 595 91 608 107
36 595 90 608 106
37 596 90 609 106
38 596 91 609 107
39 595 90 608 106
40 595 91 608 107
41 595 91 608 107
42 595 91 608 107
43 596 91 609 107
44 596 91 609 107
45 595 91 608 107
46 595 90 608 106
47 595 91 608 107
48 595 90 608 106
49 595 90 608 106
50 595 93 608 109
51 596 107 609 123
52 595 124 608 140
53 596 140 609 156
54 596 142 609 158
55 596 154 609 170
56 595 171 608 187
57 595 185 608 201
58 596 200 609 216
59 596 213 609 229
60 595 215 608 231
61 595 225 608 241
62 597 240 610 256
63 597 256 610 272
64 596 270 609 286
65 596 284 609 300
66 596 286 609 302
67 595 296 608 312
68 595 311 608 327
69 595 326 608 342
70 595 340 608 356
71 595 356 608 372
72 595 359 608 375
73 595 368 608 384
74 595 384 608 400
75 594 400 607 416
76 593 415 606 431
77 594 430 607 446
78 594 434 607 450
79 594 442 607 458
80 594 457 607 473
81 595 475 608 491
82 594 494 607 510
83 593 513 606 529
84 592 522 605 538
85 591 531 604 547
86 588 544 601 560
87 577 555 590 571
88 562 562 575 578
89 546 568 559 584
90 541 570 554 586
91 533 573 546 589
92 521 578 534 594
93 510 576 523 592
94 499 570 512 586
95 489 563 502 579
96 485 561 498 577
97 480 557 493 573
98 471 552 484 568
99 460 546 473 562
100 449 539 462 555
101 439 533 452 549
102 436 531 449 547
103 431 529 444 545
104 422 523 435 539
105 411 517 424 533
106 401 512 414 528
107 392 507 405 523
108 389 506 402 522
109 383 502 396 518
110 375 497 388 513
111 365 491 378 507
112 356 487 369 503
113 348 483 361 499
114 346 482 359 498
115 341 479 354 495
116 332 474 345 490
117 321 469 334 485
118 312 464 325 480
119 304 457 317 473
120 302 455 315 471
121 303 453 316 469
122 310 451 323 467
123 318 447 331 463
124 326 442 339 458
125 333 437 346 453
126 334 436 347 452
127 338 434 351 450
128 346 430 359 446
129 353 426 366 442
130 360 421 373 437
131 367 417 380 433
132 368 417 381 433
133 372 414 385 430
134 379 410 392 426
135 386 406 399 422
136 393 402 406 418
137 398 399 411 415
138 400 398 413 414
139 403 395 416 411
140 409 391 422 407
141 415 388 428 404
142 421 385 434 401
143 427 381 440 397
144 428 380 441 396
145 431 377 444 393
146 437 373 450 389
147 443 370 456 386
148 449 367 462 383
149 455 363 468 379
150 456 362 469 378
151 460 360 473 376
152 466 356 479 372
153 471 353 484 369
154 476 351 489 367
155 481 347 494 363
156 482 346 495 362
157 485 344 498 360
158 490 341 503 357
159 495 338 508 354
160 500 335 513 351
161 505 332 518 348
162 506 331 519 347
163 510 329 523 345
164 514 326 527 342
165 519 323 532 339
166 525 320 538 336
167 529 318 542 334
168 529 317 542 333
169 532 315 545 331
170 537 312 550 328
171 543 309 556 325
172 547 306 560 322
173 551 303 564 319
174 551 303 564 319
175 554 301 567 317
176 559 298 572 314
177 564 296 577 312
178 568 293 581 309
179 570 290 583 306
180 570 289 583 305
181 574 288 587 304
182 578 285 591 301
183 583 282 596 298
184 587 280 600 296
185 591 278 604 294
186 592 277 605 293
187 594 276 607 292
188 598 273 611 289
189 603 270 616 286
190 606 268 619 284
191 609 265 622 281
192 610 265 623 281
193 612 263 625 279
194 615 261 628 277
195 619 259 632 275
196 623 257 636 273
197 627 256 640 272
198 627 255 640 271
199 630 253 643 269
200 633 251 646 267
201 637 249 650 265
202 640 247 653 263
203 643 244 656 260
204 644 244 657 260
205 646 243 659 259
206 650 241 663 257
207 653 239 666 255
208 656 237 669 253
209 659 234 672 250
210 659 234 672 250
211 662 233 675 249
212 664 230 677 246
213 668 228 681 244
214 671 226 684 242
215 675 224 688 240
216 676 224 689 240
217 677 223 690 239
218 680 221 693 237
219 683 219 696 235
220 686 217 699 233
221 688 216 701 232
222 688 215 701 231
223 690 214 703 230
224 693 212 706 228
225 696 210 709 226
226 699 208 712 224
227 702 205 715 221
228 702 206 715 222
229 703 204 716 220
230 706 202 719 218
231 709 200 722 216
232 712 198 725 214
233 714 198 727 214
234 713 198 726 214
235 715 196 728 212
236 718 194 731 210
237 720 193 733 209
238 723 191 736 207
239 726 190 739 206
240 726 190 739 206
241 728 189 741 205
242 731 187 744 203
243 734 186 747 202
244 736 184 749 200
245 738 183 751 199
246 738 183 751 199
247 739 182 752 198
248 741 180 754 196
249 744 179 757 195
250 746 178 759 194
251 748 176 761 192
252 748 176 761 192
253 750 175 763 191
254 752 173 765 189
255 754 172 767 188
256 755 172 768 188
257 758 170 771 186
258 758 170 771 186
259 760 169 773 185
260 762 168 775 184
261 763 166 776 182
262 765 165 778 181
263 767 164 780 180
264 767 163 780 179
265 768 163 781 179
266 770 162 783 178
267 771 162 784 178
268 773 161 786 177
269 774 159 787 175
270 774 158 787 174
271 776 157 789 173
272 778 157 791 173
273 780 156 793 172
274 781 155 794 171
275 783 154 796 170
276 783 154 796 170
277 784 154 797 170
278 786 153 799 169
279 787 152 800 168
280 788 151 801 167
281 789 150 802 166
282 789 150 802 166
283 791 149 804 165
284 792 149 805 165
285 794 148 807 164
286 796 147 809 163
287 797 146 810 162
288 797 146 810 162
289 798 145 811 161
290 799 144 812 160
291 800 144 813 160
292 801 142 814 158
293 803 141 816 157
294 804 141 817 157
295 804 141 817 157
296 805 140 818 156
297 806 139 819 155
298 808 139 821 155
299 809 138 822 154
300 809 138 822 154
301 809 137 822 153
302 810 136 823 152
303 811 136 824 152
304 812 135 825 151
305 813 134 826 150
306 814 134 827 150
307 814 134 827 150
308 815 134 828 150
309 816 133 829 149
310 817 132 830 148
311 817 132 830 148
312 817 132 830 148
313 818 132 831 148
314 818 131 831 147
315 819 130 832 146
316 820 130 833 146
317 820 130 833 146
318 820 130 833 146
319 821 129 834 145
320 823 129 836 145
321 823 128 836 144
322 824 128 837 144
323 824 128 837 144
324 824 128 837 144
325 824 127 837 143
326 825 126 838 142
327 826 126 839 142
328 827 126 840 142
329 827 126 840 142
330 827 125 840 141
331 828 125 841 141
332 829 125 842 141
333 829 124 842 140
334 829 123 842 139
335 830 123 843 139
336 830 124 843 140
337 830 124 843 140
338 830 123 843 139
339 830 123 843 139
340 831 123 844 139
341 831 122 844 138
342 831 122 844 138
343 831 122 844 138
344 832 122 845 138
345 832 122 845 138
346 832 122 845 138
347 833 122 846 138
348 833 122 846 138
349 834 121 847 137
350 834 121 847 137
351 834 120 847 136
352 834 120 847 136
353 834 120 847 136
354 834 121 847 137
355 834 120 847 136
356 834 120 847 136
357 834 120 847 136
358 834 121 847 137
359 834 120 847 136
360 834 120 847 136
361 834 120 847 136
362 834 120 847 136
363 834 120 847 136
364 835 120 848 136
365 835 120 848 136
366 835 119 848 135
367 834 120 847 136
368 834 120 847 136
369 834 120 847 136
370 835 120 848 136
371 835 119 848 135
372 834 119 847 135
373 834 120 847 136
374 834 120 847 136
375 834 120 847 136
376 834 120 847 136
377 834 119 847 135
378 834 120 847 136
379 834 120 847 136
380 834 120 847 136
381 834 120 847 136
382 834 120 847 136
383 834 120 847 136
384 834 120 847 136
385 834 120 847 136
386 834 120 847 136
