388 -1 -1 -1 -1
0 600 553 621 574
1 601 554 621 574
2 600 553 620 573
3 601 553 621 573
4 600 553 620 573
5 600 553 620 573
6 601 553 621 573
7 601 553 621 573
8 601 553 621 573
9 600 553 620 573
10 601 553 621 573
11 600 553 620 573
12 600 553 620 573
13 600 553 620 573
14 601 553 621 573
15 600 553 620 573
16 601 553 621 573
17 600 553 620 573
18 600 553 620 573
19 601 553 621 573
20 601 553 621 573
21 600 553 620 573
22 601 553 621 573
23 600 553 620 573
24 600 553 620 573
25 601 553 621 573
26 600 553 620 573
27 600 553 620 573
28 600 553 620 573
29 600 553 620 573
30 601 553 621 573
31 601 553 621 573
32 600 553 620 573
33 601 553 621 573
34 601 554 621 574
35 601 553 621 573
36 600 553 620 573
37 601 553 621 573
38 601 553 621 573
39 600 553 620 573
40 601 553 621 573
41 600 553 620 573
42 601 553 621 573
43 600 553 620 573
44 600 553 620 573
45 600 553 620 573
46 600 553 620 573
47 601 553 621 573
48 600 554 620 574
49 601 553 621 573
50 601 553 621 573
51 601 553 621 573
52 600 553 620 573
53 601 553 621 573
54 601 553 621 573
55 600 553 620 573
56 600 553 620 573
57 601 553 621 573
58 601 553 621 573
59 600 553 620 573
60 600 553 620 573
61 600 553 620 573
62 600 553 620 573
63 600 553 620 573
64 600 553 620 573
65 600 553 620 573
66 600 553 620 573
67 600 553 620 573
68 600 553 620 573
69 600 553 620 573
70 600 553 620 573
71 601 553 621 573
72 600 553 620 573
73 601 553 621 573
74 600 553 620 573
75 600 553 620 573
76 600 554 620 574
77 600 553 620 573
78 600 554 620 574
79 600 553 620 573
80 600 553 620 573
81 601 554 621 574
82 600 554 620 574
83 601 553 621 573
84 600 553 620 573
85 601 554 621 574
86 604 558 624 578
87 618 570 638 590
88 633 580 653 600
89 645 584 665 604
90 648 584 668 604
91 649 570 669 590
92 657 562 677 582
93 662 554 682 574
94 666 547 686 567
95 682 542 702 562
96 694 543 714 563
97 695 542 715 562
98 693 539 713 559
99 694 537 714 557
100 697 540 717 560
101 698 541 718 561
102 697 542 717 562
103 697 543 717 563
104 698 544 718 564
105 697 544 717 564
106 697 543 717 563
107 697 543 717 563
108 697 544 717 564
109 697 544 717 564
110 697 544 717 564
111 697 544 717 564
112 697 544 717 564
113 697 543 717 563
114 697 543 717 563
115 697 544 717 564
116 697 544 717 564
117 697 544 717 564
118 698 543 718 563
119 697 544 717 564
120 697 543 717 563
121 697 544 717 564
122 697 544 717 564
123 697 544 717 564
124 697 544 717 564
125 697 544 717 564
126 697 544 717 564
127 697 544 717 564
128 697 544 717 564
129 697 544 717 564
130 697 544 717 564
131 697 544 717 564
132 697 544 717 564
133 697 544 717 564
134 697 544 717 564
135 697 544 717 564
136 697 544 717 564
137 697 544 717 564
138 697 544 717 564
139 697 544 717 564
140 697 544 717 564
141 697 544 717 564
142 698 544 718 564
143 697 543 717 563
144 697 544 717 564
145 697 544 717 564
146 697 544 717 564
147 697 544 717 564
148 697 544 717 564
149 697 544 717 564
150 698 544 718 564
151 698 544 718 564
152 697 544 717 564
153 697 543 717 563
154 697 543 717 563
155 697 544 717 564
156 697 543 717 563
157 697 544 717 564
158 697 544 717 564
159 697 544 717 564
160 698 544 718 564
161 697 543 717 563
162 697 544 717 564
163 697 544 717 564
164 697 543 717 563
165 697 543 717 563
166 698 544 718 564
167 697 544 717 564
168 697 544 717 564
169 697 544 717 564
170 697 543 717 563
171 697 544 717 564
172 697 543 717 563
173 697 543 717 563
174 698 543 718 563
175 697 544 717 564
176 697 543 717 563
177 698 544 718 564
178 697 544 717 564
179 697 544 717 564
180 697 543 717 563
181 697 543 717 563
182 697 544 717 564
183 697 544 717 564
184 697 543 717 563
185 697 543 717 563
186 697 543 717 563
187 697 543 717 563
188 697 544 717 564
189 697 543 717 563
190 697 543 717 563
191 697 544 717 564
192 697 543 717 563
193 697 543 717 563
194 697 543 717 563
195 697 544 717 564
196 698 543 718 563
197 697 543 717 563
198 697 543 717 563
199 697 543 717 563
200 697 544 717 564
201 698 544 718 564
202 698 543 718 563
203 697 544 717 564
204 697 543 717 563
205 697 544 717 564
206 697 544 717 564
207 697 543 717 563
208 697 543 717 563
209 697 543 717 563
210 697 544 717 564
211 697 544 717 564
212 697 543 717 563
213 697 543 717 563
214 697 544 717 564
215 697 544 717 564
216 697 544 717 564
217 697 543 717 563
218 697 544 717 564
219 697 544 717 564
220 697 544 717 564
221 697 544 717 564
222 697 543 717 563
223 697 543 717 563
224 697 543 717 563
225 697 543 717 563
226 697 544 717 564
227 697 543 717 563
228 697 544 717 564
229 697 544 717 564
230 697 543 717 563
231 697 544 717 564
232 697 544 717 564
233 697 544 717 564
234 697 544 717 564
235 697 544 717 564
236 697 543 717 563
237 697 543 717 563
238 697 543 717 563
239 697 544 717 564
240 697 543 717 563
241 697 543 717 563
242 697 543 717 563
243 697 543 717 563
244 697 543 717 563
245 697 543 717 563
246 697 543 717 563
247 697 543 717 563
248 697 543 717 563
249 697 543 717 563
250 697 543 717 563
251 697 543 717 563
252 697 543 717 563
253 697 543 717 563
254 697 543 717 563
255 697 544 717 564
256 697 543 717 563
257 697 543 717 563
258 697 543 717 563
259 697 543 717 563
260 697 543 717 563
261 696 543 716 563
262 697 543 717 563
263 697 543 717 563
264 697 543 717 563
265 697 543 717 563
266 697 543 717 563
267 697 543 717 563
268 697 543 717 563
269 697 544 717 564
270 697 544 717 564
271 697 544 717 564
272 697 544 717 564
273 697 544 717 564
274 697 544 717 564
275 697 544 717 564
276 697 544 717 564
277 697 544 717 564
278 697 544 717 564
279 697 544 717 564
280 698 544 718 564
281 698 544 718 564
282 697 544 717 564
283 697 544 717 564
284 697 544 717 564
285 697 544 717 564
286 697 544 717 564
287 697 544 717 564
288 697 544 717 564
289 697 544 717 564
290 697 544 717 564
291 697 544 717 564
292 697 544 717 564
293 697 544 717 564
294 697 544 717 564
295 697 544 717 564
296 697 544 717 564
297 697 544 717 564
298 697 544 717 564
299 697 544 717 564
300 697 544 717 564
301 697 544 717 564
302 697 544 717 564
303 698 544 718 564
304 697 544 717 564
305 697 544 717 564
306 697 544 717 564
307 697 544 717 564
308 697 544 717 564
309 697 544 717 564
310 697 544 717 564
311 697 544 717 564
312 697 544 717 564
313 697 544 717 564
314 697 544 717 564
315 697 544 717 564
316 697 544 717 564
317 697 544 717 564
318 697 544 717 564
319 697 544 717 564
320 697 544 717 564
321 697 544 717 564
322 697 544 717 564
323 697 544 717 564
324 697 544 717 564
325 697 544 717 564
326 697 544 717 564
327 697 544 717 564
328 697 544 717 564
329 698 544 718 564
330 698 544 718 564
331 698 544 718 564
332 697 544 717 564
333 697 544 717 564
334 697 544 717 564
335 697 544 717 564
336 697 544 717 564
337 698 544 718 564
338 698 544 718 564
339 697 544 717 564
340 697 544 717 564
341 697 544 717 564
342 697 544 717 564
343 697 544 717 564
344 698 544 718 564
345 697 544 717 564
346 697 544 717 564
347 697 544 717 564
348 697 544 717 564
349 697 544 717 564
350 697 544 717 564
351 697 544 717 564
352 697 544 717 564
353 697 544 717 564
354 697 544 717 564
355 698 545 718 565
356 697 544 717 564
357 697 544 717 564
358 697 544 717 564
359 697 544 717 564
360 697 544 717 564
361 698 544 718 564
362 698 544 718 564
363 698 544 718 564
364 697 544 717 564
365 698 544 718 564
366 697 544 717 564
367 697 544 717 564
368 697 544 717 564
369 697 544 717 564
370 698 544 718 564
371 697 544 717 564
372 697 544 717 564
373 697 544 717 564
374 697 544 717 564
375 698 544 718 564
376 697 544 717 564
377 698 544 718 564
378 697 544 717 564
379 697 544 717 564
380 697 544 717 564
381 698 544 718 564
382 698 544 718 564
383 698 544 718 564
384 697 544 717 564
385 697 544 717 564
386 697 544 717 564
