195 -1 -1 -1 -1
0 367 401 386 421
1 366 402 384 421
2 366 402 384 421
3 367 402 385 421
4 366 402 384 421
5 366 402 384 421
6 366 402 384 421
7 367 402 385 421
8 367 402 385 421
9 367 402 385 421
10 367 402 385 421
11 367 402 385 421
12 367 402 385 421
13 367 402 385 421
14 366 402 384 421
15 367 402 385 421
16 367 402 385 421
17 366 402 384 421
18 366 402 384 421
19 366 402 384 421
20 367 402 385 421
21 367 402 385 421
22 367 402 385 421
23 367 402 385 421
24 367 402 385 421
25 366 402 384 421
26 366 402 384 421
27 366 402 384 421
28 366 402 384 421
29 367 402 385 421
30 367 402 385 421
31 367 402 385 421
32 367 402 385 421
33 367 402 385 421
34 367 402 385 421
35 373 404 391 423
36 381 405 399 424
37 390 406 408 425
38 391 407 409 426
39 398 408 416 427
40 407 410 425 429
41 414 411 432 430
42 421 412 439 431
43 429 414 447 433
44 429 414 447 433
45 436 416 454 435
46 444 417 462 436
47 460 420 478 439
48 462 419 480 438
49 468 421 486 440
50 475 422 493 441
51 482 424 500 443
52 492 426 510 445
53 499 428 517 447
54 499 427 517 446
55 505 428 523 447
56 513 430 531 449
57 522 432 540 451
58 530 433 548 452
59 538 435 556 454
60 538 435 556 454
61 543 436 561 455
62 551 437 569 456
63 559 439 577 458
64 566 440 584 459
65 572 441 590 460
66 573 440 591 459
67 579 442 597 461
68 587 444 605 463
69 594 445 612 464
70 602 447 620 466
71 609 448 627 467
72 616 449 634 468
73 626 451 644 470
74 633 452 651 471
75 639 453 657 472
76 639 453 657 472
77 645 454 663 473
78 652 456 670 475
79 659 457 677 476
80 667 459 685 478
81 675 459 693 478
82 676 459 694 478
83 680 461 698 480
84 681 461 699 480
85 688 462 706 481
86 696 463 714 482
87 702 464 720 483
88 708 466 726 485
89 715 467 733 486
90 724 468 742 487
91 731 469 749 488
92 738 471 756 490
93 740 471 758 490
94 744 472 762 491
95 751 473 769 492
96 758 474 776 493
97 763 475 781 494
98 771 477 789 496
99 772 477 790 496
100 777 478 795 497
101 785 479 803 498
102 791 480 809 499
103 796 482 814 501
104 802 482 820 501
105 803 483 821 502
106 808 484 826 503
107 818 485 836 504
108 819 485 837 504
109 824 486 842 505
110 830 487 848 506
111 830 488 848 507
112 836 489 854 508
113 838 490 856 509
114 841 491 859 510
115 842 492 860 511
116 844 493 862 512
117 844 494 862 513
118 846 495 864 514
119 849 496 867 515
120 851 497 869 516
121 852 499 870 518
122 852 499 870 518
123 853 499 871 518
124 855 500 873 519
125 856 502 874 521
126 858 503 876 522
127 859 504 877 523
128 859 504 877 523
129 860 505 878 524
130 862 506 880 525
131 866 506 884 525
132 867 508 885 527
133 867 509 885 528
134 868 508 886 527
135 869 509 887 528
136 871 510 889 529
137 871 511 889 530
138 873 512 891 531
139 875 512 893 531
140 875 512 893 531
141 876 513 894 532
142 878 514 896 533
143 878 515 896 534
144 879 516 897 535
145 879 516 897 535
146 881 517 899 536
147 883 518 901 537
148 883 519 901 538
149 885 519 903 538
150 885 520 903 539
151 885 521 903 540
152 887 521 905 540
153 887 522 905 541
154 890 523 908 542
155 891 523 909 542
156 890 523 908 542
157 889 523 907 542
158 891 525 909 544
159 894 525 912 544
160 895 526 913 545
161 896 527 914 546
162 897 526 915 545
163 898 527 916 546
164 898 528 916 547
165 899 528 917 547
166 898 528 916 547
167 899 529 917 548
168 901 529 919 548
169 902 529 920 548
170 901 530 919 549
171 901 530 919 549
172 903 530 921 549
173 903 531 921 550
174 903 531 921 550
175 903 532 921 551
176 902 532 920 551
177 904 532 922 551
178 904 532 922 551
179 904 532 922 551
180 906 532 924 551
181 905 533 923 552
182 905 533 923 552
183 907 533 925 552
184 907 534 925 553
185 909 534 927 553
186 909 534 927 553
187 908 534 926 553
188 908 534 926 553
189 909 534 927 553
190 910 534 928 553
191 910 534 928 553
192 910 534 928 553
193 910 534 928 553
