196 -1 -1 -1 -1
0 593 51 615 70
1 592 49 613 67
2 593 49 614 67
3 593 49 614 67
4 593 49 614 67
5 592 49 613 67
6 592 49 613 67
7 592 49 613 67
8 593 49 614 67
9 593 49 614 67
10 592 49 613 67
11 592 49 613 67
12 592 49 613 67
13 591 50 612 68
14 590 50 611 68
15 591 50 612 68
16 592 50 613 68
17 591 50 612 68
18 591 50 612 68
19 591 50 612 68
20 590 50 611 68
21 590 50 611 68
22 590 50 611 68
23 592 50 613 68
24 590 50 611 68
25 590 50 611 68
26 590 50 611 68
27 590 50 611 68
28 590 50 611 68
29 592 50 613 68
30 593 50 614 68
31 594 50 615 68
32 594 50 615 68
33 594 50 615 68
34 593 50 614 68
35 593 50 614 68
36 594 50 615 68
37 593 50 614 68
38 593 50 614 68
39 593 50 614 68
40 594 50 615 68
41 594 50 615 68
42 594 50 615 68
43 594 50 615 68
44 594 50 615 68
45 587 50 608 68
46 583 50 604 68
47 578 53 599 71
48 572 63 593 81
49 567 76 588 94
50 566 78 587 96
51 562 84 583 102
52 556 93 577 111
53 551 101 572 119
54 546 109 567 127
55 541 116 562 134
56 540 117 561 135
57 537 124 558 142
58 532 133 553 151
59 527 142 548 160
60 522 151 543 169
61 517 160 538 178
62 516 160 537 178
63 513 167 534 185
64 507 176 528 194
65 501 185 522 203
66 496 194 517 212
67 491 202 512 220
68 490 203 511 221
69 486 211 507 229
70 480 221 501 239
71 474 230 495 248
72 469 239 490 257
73 463 248 484 266
74 463 249 484 267
75 459 257 480 275
76 452 268 473 286
77 447 277 468 295
78 441 287 462 305
79 435 297 456 315
80 435 297 456 315
81 428 306 449 324
82 423 317 444 335
83 416 327 437 345
84 410 338 431 356
85 404 347 425 365
86 403 348 424 366
87 398 357 419 375
88 391 369 412 387
89 384 380 405 398
90 378 391 399 409
91 372 402 393 420
92 372 402 393 420
93 365 412 386 430
94 358 424 379 442
95 351 436 372 454
96 344 447 365 465
97 337 460 358 478
98 337 460 358 478
99 330 470 351 488
100 322 483 343 501
101 315 495 336 513
102 307 509 328 527
103 300 521 321 539
104 299 522 320 540
105 292 533 313 551
106 284 546 305 564
107 276 559 297 577
108 268 573 289 591
109 260 587 281 605
110 259 587 280 605
111 250 600 271 618
112 242 615 263 633
113 231 630 252 648
114 227 633 248 651
115 220 634 241 652
116 218 634 239 652
117 217 634 238 652
118 216 635 237 653
119 213 637 234 655
120 209 640 230 658
121 209 642 230 660
122 209 642 230 660
123 209 641 230 659
124 209 642 230 660
125 209 642 230 660
126 209 641 230 659
127 209 642 230 660
128 209 642 230 660
129 209 641 230 659
130 209 642 230 660
131 209 642 230 660
132 209 642 230 660
133 209 642 230 660
134 209 642 230 660
135 209 641 230 659
136 209 641 230 659
137 209 642 230 660
138 209 643 230 661
139 209 643 230 661
140 209 642 230 660
141 209 642 230 660
142 209 642 230 660
143 209 642 230 660
144 209 642 230 660
145 209 642 230 660
146 209 642 230 660
147 209 643 230 661
148 209 642 230 660
149 209 642 230 660
150 209 642 230 660
151 209 641 230 659
152 209 642 230 660
153 209 642 230 660
154 209 641 230 659
155 209 641 230 659
156 209 641 230 659
157 209 641 230 659
158 209 641 230 659
159 209 641 230 659
160 209 641 230 659
161 209 641 230 659
162 209 641 230 659
163 209 641 230 659
164 209 641 230 659
165 209 641 230 659
166 209 641 230 659
167 209 641 230 659
168 209 641 230 659
169 209 641 230 659
170 209 641 230 659
171 209 641 230 659
172 209 641 230 659
173 209 641 230 659
174 209 642 230 660
175 209 642 230 660
176 209 641 230 659
177 209 641 230 659
178 209 642 230 660
179 209 641 230 659
180 211 637 232 655
181 202 641 223 659
182 196 645 217 663
183 190 651 211 669
184 179 662 200 680
185 160 675 181 693
186 134 689 155 707
187 103 698 124 716
188 83 700 104 718
189 63 699 84 717
190 44 696 65 714
191 25 691 46 709
192 12 685 33 703
193 6 679 27 697
194 5 672 26 690
