196 -1 -1 -1 -1
0 859 519 890 550
1 860 519 890 549
2 861 519 891 549
3 859 519 889 549
4 859 519 889 549
5 859 519 889 549
6 859 519 889 549
7 858 519 888 549
8 860 519 890 549
9 859 519 889 549
10 859 519 889 549
11 859 520 889 550
12 859 519 889 549
13 859 520 889 550
14 859 520 889 550
15 859 520 889 550
16 858 520 888 550
17 858 521 888 551
18 859 521 889 551
19 859 521 889 551
20 859 521 889 551
21 859 521 889 551
22 859 521 889 551
23 857 525 887 555
24 859 531 889 561
25 865 541 895 571
26 872 553 902 583
27 877 561 907 591
28 878 563 908 593
29 876 562 906 592
30 875 562 905 592
31 876 562 906 592
32 876 562 906 592
33 877 562 907 592
34 877 562 907 592
35 877 562 907 592
36 877 562 907 592
37 876 562 906 592
38 877 562 907 592
39 877 562 907 592
40 877 562 907 592
41 877 562 907 592
42 877 563 907 593
43 878 563 908 593
44 878 562 908 592
45 878 562 908 592
46 877 562 907 592
47 877 562 907 592
48 877 562 907 592
49 877 562 907 592
50 877 562 907 592
51 877 563 907 593
52 877 563 907 593
53 878 562 908 592
54 878 562 908 592
55 878 562 908 592
56 877 562 907 592
57 877 562 907 592
58 878 562 908 592
59 877 564 907 594
60 876 565 906 595
61 877 567 907 597
62 878 568 908 598
63 878 568 908 598
64 878 569 908 599
65 878 570 908 600
66 880 571 910 601
67 882 572 912 602
68 881 573 911 603
69 881 572 911 602
70 882 569 912 599
71 882 565 912 595
72 881 563 911 593
73 880 562 910 592
74 880 561 910 591
75 880 561 910 591
76 879 562 909 592
77 878 563 908 593
78 877 564 907 594
79 877 564 907 594
80 877 564 907 594
81 876 564 906 594
82 874 563 904 593
83 873 562 903 592
84 872 562 902 592
85 873 563 903 593
86 874 565 904 595
87 875 567 905 597
88 876 568 906 598
89 876 567 906 597
90 874 565 904 595
91 870 563 900 593
92 865 559 895 589
93 860 554 890 584
94 851 545 881 575
95 841 534 871 564
96 833 526 863 556
97 829 522 859 552
98 827 520 857 550
99 827 520 857 550
100 828 521 858 551
101 829 522 859 552
102 830 524 860 554
103 831 524 861 554
104 832 524 862 554
105 831 523 861 553
106 829 522 859 552
107 828 521 858 551
108 828 520 858 550
109 829 520 859 550
110 830 521 860 551
111 830 523 860 553
112 830 525 860 555
113 831 525 861 555
114 834 522 864 552
115 837 519 867 549
116 839 518 869 548
117 840 517 870 547
118 841 517 871 547
119 844 519 874 549
120 847 521 877 551
121 851 518 881 548
122 854 515 884 545
123 859 516 889 546
124 871 521 901 551
125 885 528 915 558
126 897 536 927 566
127 906 546 936 576
128 912 554 942 584
129 913 557 943 587
130 911 556 941 586
131 907 552 937 582
132 901 545 931 575
133 897 538 927 568
134 893 532 923 562
135 889 522 919 552
136 886 512 916 542
137 888 511 918 541
138 889 514 919 544
139 883 513 913 543
140 875 505 905 535
141 862 495 892 525
142 843 486 873 516
143 821 483 851 513
144 796 484 826 514
145 771 488 801 518
146 757 488 787 518
147 743 485 773 515
148 724 479 754 509
149 698 472 728 502
150 669 466 699 496
151 639 458 669 488
152 616 445 646 475
153 594 429 624 459
154 569 412 599 442
155 543 397 573 427
156 519 393 549 423
157 498 398 528 428
158 488 403 518 433
159 483 410 513 440
160 477 420 507 450
161 467 432 497 462
162 454 445 484 475
163 441 454 471 484
164 435 457 465 487
165 433 455 463 485
166 424 453 454 483
167 407 448 437 478
168 392 450 422 480
169 379 450 409 480
170 376 449 406 479
171 365 438 395 468
172 344 424 374 454
173 321 424 351 454
174 298 457 328 487
175 278 490 308 520
176 260 523 290 553
177 242 572 272 602
178 226 623 256 653
179 210 663 240 693
180 194 685 224 715
181 178 688 208 718
182 161 686 191 716
183 145 681 175 711
184 130 675 160 705
185 115 668 145 698
186 100 661 130 691
187 85 654 115 684
188 71 647 101 677
189 56 641 86 671
190 42 635 72 665
191 29 630 59 660
192 22 626 52 656
193 19 622 49 652
194 17 618 47 648
