156 -1 -1 -1 -1
0 941 357 962 379
1 942 358 962 379
2 942 357 962 378
3 942 358 962 379
4 942 358 962 379
5 942 357 962 378
6 942 357 962 378
7 942 357 962 378
8 942 358 962 379
9 942 357 962 378
10 942 357 962 378
11 942 357 962 378
12 942 358 962 379
13 942 358 962 379
14 943 359 963 380
15 944 361 964 382
16 946 364 966 385
17 949 366 969 387
18 955 368 975 389
19 970 374 990 395
20 1008 391 1028 412
21 1020 396 1040 417
22 1021 396 1041 417
23 1019 396 1039 417
24 1018 396 1038 417
25 1018 396 1038 417
26 1019 396 1039 417
27 1020 396 1040 417
28 1019 396 1039 417
29 1018 396 1038 417
30 1018 396 1038 417
31 1018 396 1038 417
32 1019 395 1039 416
33 1019 394 1039 415
34 1019 395 1039 416
35 1020 395 1040 416
36 1020 395 1040 416
37 1020 395 1040 416
38 1020 395 1040 416
39 1019 395 1039 416
40 1019 396 1039 417
41 1019 395 1039 416
42 1019 395 1039 416
43 1019 394 1039 415
44 1021 391 1041 412
45 1023 388 1043 409
46 1024 387 1044 408
47 1026 387 1046 408
48 1026 388 1046 409
49 1023 391 1043 412
50 1023 396 1043 417
51 1024 399 1044 420
52 1025 399 1045 420
53 1026 398 1046 419
54 1027 397 1047 418
55 1029 397 1049 418
56 1030 396 1050 417
57 1030 396 1050 417
58 1030 396 1050 417
59 1030 396 1050 417
60 1029 395 1049 416
61 1027 394 1047 415
62 1026 391 1046 412
63 1025 383 1045 404
64 1020 357 1040 378
65 1006 316 1026 337
66 989 285 1009 306
67 967 262 987 283
68 948 246 968 267
69 939 237 959 258
70 937 234 957 255
71 939 235 959 256
72 941 239 961 260
73 944 244 964 265
74 946 248 966 269
75 947 251 967 272
76 947 252 967 273
77 947 255 967 276
78 946 256 966 277
79 945 259 965 280
80 943 262 963 283
81 941 263 961 284
82 939 262 959 283
83 942 265 962 286
84 949 274 969 295
85 966 294 986 315
86 989 321 1009 342
87 1009 343 1029 364
88 1017 353 1037 374
89 1019 356 1039 377
90 1016 355 1036 376
91 1014 353 1034 374
92 1012 352 1032 373
93 1012 354 1032 375
94 1014 357 1034 378
95 1016 362 1036 383
96 1019 369 1039 390
97 1022 377 1042 398
98 1023 382 1043 403
99 1024 386 1044 407
100 1025 388 1045 409
101 1026 390 1046 411
102 1026 392 1046 413
103 1026 392 1046 413
104 1026 392 1046 413
105 1026 389 1046 410
106 1025 387 1045 408
107 1022 383 1042 404
108 1020 379 1040 400
109 1017 372 1037 393
110 1012 365 1032 386
111 1004 358 1024 379
112 995 350 1015 371
113 985 341 1005 362
114 974 330 994 351
115 963 318 983 339
116 952 304 972 325
117 940 289 960 310
118 925 270 945 291
119 906 251 926 272
120 889 235 909 256
121 874 223 894 244
122 860 212 880 233
123 847 201 867 222
124 834 188 854 209
125 822 175 842 196
126 809 165 829 186
127 796 158 816 179
128 779 152 799 173
129 738 141 758 162
130 688 129 708 150
131 647 119 667 140
132 624 113 644 134
133 625 112 645 133
134 655 116 675 137
135 676 120 696 141
136 682 121 702 142
137 670 120 690 141
138 661 118 681 139
139 660 117 680 138
140 662 117 682 138
141 663 118 683 139
142 664 119 684 140
143 664 118 684 139
144 663 118 683 139
145 663 118 683 139
146 663 118 683 139
147 663 118 683 139
148 663 118 683 139
149 664 118 684 139
150 664 118 684 139
151 663 119 683 140
152 663 119 683 140
153 663 119 683 140
154 663 118 683 139
