156 -1 -1 -1 -1
0 515 131 538 153
1 516 132 538 153
2 515 131 537 152
3 515 132 537 153
4 515 132 537 153
5 515 132 537 153
6 515 132 537 153
7 515 132 537 153
8 515 132 537 153
9 515 132 537 153
10 515 132 537 153
11 515 132 537 153
12 515 132 537 153
13 515 132 537 153
14 515 132 537 153
15 515 132 537 153
16 515 132 537 153
17 515 132 537 153
18 515 132 537 153
19 515 132 537 153
20 515 132 537 153
21 515 132 537 153
22 515 132 537 153
23 515 132 537 153
24 514 132 536 153
25 515 132 537 153
26 515 132 537 153
27 515 132 537 153
28 515 132 537 153
29 515 132 537 153
30 513 135 535 156
31 501 130 523 151
32 474 117 496 138
33 443 105 465 126
34 422 97 444 118
35 413 93 435 114
36 401 87 423 108
37 383 78 405 99
38 358 67 380 88
39 335 57 357 78
40 325 53 347 74
41 317 49 339 70
42 322 42 344 63
43 339 37 361 58
44 359 42 381 63
45 372 45 394 66
46 373 44 395 65
47 379 50 401 71
48 392 56 414 77
49 403 61 425 82
50 414 64 436 85
51 423 69 445 90
52 425 71 447 92
53 430 73 452 94
54 438 76 460 97
55 448 80 470 101
56 457 84 479 105
57 465 88 487 109
58 467 89 489 110
59 472 91 494 112
60 480 95 502 116
61 489 97 511 118
62 498 100 520 121
63 506 104 528 125
64 508 105 530 126
65 515 108 537 129
66 523 111 545 132
67 532 114 554 135
68 542 117 564 138
69 550 121 572 142
70 552 121 574 142
71 557 123 579 144
72 567 127 589 148
73 577 132 599 153
74 586 134 608 155
75 595 138 617 159
76 596 138 618 159
77 604 140 626 161
78 613 143 635 164
79 621 146 643 167
80 627 149 649 170
81 634 153 656 174
82 636 153 658 174
83 642 156 664 177
84 651 161 673 182
85 662 164 684 185
86 671 167 693 188
87 679 171 701 192
88 680 171 702 192
89 687 173 709 194
90 696 177 718 198
91 705 180 727 201
92 712 183 734 204
93 721 187 743 208
94 722 187 744 208
95 729 189 751 210
96 738 193 760 214
97 747 196 769 217
98 754 199 776 220
99 762 202 784 223
100 764 202 786 223
101 769 205 791 226
102 777 209 799 230
103 786 212 808 233
104 794 214 816 235
105 803 217 825 238
106 805 217 827 238
107 810 221 832 242
108 820 224 842 245
109 829 227 851 248
110 837 230 859 251
111 844 234 866 255
112 845 234 867 255
113 851 236 873 257
114 859 239 881 260
115 868 242 890 263
116 877 246 899 267
117 884 248 906 269
118 886 248 908 269
119 892 251 914 272
120 901 254 923 275
121 910 257 932 278
122 917 260 939 281
123 926 263 948 284
124 927 263 949 284
125 934 266 956 287
126 942 268 964 289
127 950 271 972 292
128 958 274 980 295
129 966 277 988 298
130 967 278 989 299
131 974 280 996 301
132 982 281 1004 302
133 990 285 1012 306
134 999 283 1021 304
135 1003 282 1025 303
136 1003 282 1025 303
137 1002 281 1024 302
138 1000 279 1022 300
139 998 277 1020 298
140 997 276 1019 297
141 997 276 1019 297
142 997 276 1019 297
143 998 276 1020 297
144 999 276 1021 297
145 999 276 1021 297
146 998 276 1020 297
147 998 277 1020 298
148 998 277 1020 298
149 999 277 1021 298
150 999 277 1021 298
151 998 276 1020 297
152 997 275 1019 296
153 997 275 1019 296
154 997 276 1019 297
