156 -1 -1 -1 -1
0 629 517 649 539
1 630 517 649 538
2 630 517 649 538
3 630 517 649 538
4 630 517 649 538
5 628 517 647 538
6 630 517 649 538
7 630 517 649 538
8 629 517 648 538
9 630 517 649 538
10 630 517 649 538
11 630 517 649 538
12 629 517 648 538
13 629 517 648 538
14 629 517 648 538
15 629 517 648 538
16 629 517 648 538
17 630 517 649 538
18 630 517 649 538
19 630 517 649 538
20 630 517 649 538
21 630 517 649 538
22 630 517 649 538
23 629 517 648 538
24 630 517 649 538
25 630 517 649 538
26 630 517 649 538
27 630 517 649 538
28 629 517 648 538
29 629 517 648 538
30 629 517 648 538
31 620 521 639 542
32 594 525 613 546
33 560 527 579 548
34 533 530 552 551
35 526 531 545 552
36 513 532 532 553
37 491 535 510 556
38 466 539 485 560
39 444 543 463 564
40 423 546 442 567
41 418 547 437 568
42 403 548 422 569
43 381 549 400 570
44 357 551 376 572
45 335 553 354 574
46 313 556 332 577
47 280 561 299 582
48 271 561 290 582
49 268 562 287 583
50 269 562 288 583
51 269 562 288 583
52 270 562 289 583
53 270 562 289 583
54 269 562 288 583
55 269 562 288 583
56 269 562 288 583
57 269 562 288 583
58 269 562 288 583
59 268 562 287 583
60 269 562 288 583
61 269 561 288 582
62 269 561 288 582
63 268 562 287 583
64 269 562 288 583
65 269 562 288 583
66 269 562 288 583
67 269 562 288 583
68 268 562 287 583
69 268 562 287 583
70 269 562 288 583
71 269 562 288 583
72 268 562 287 583
73 268 562 287 583
74 268 562 287 583
75 269 562 288 583
76 269 562 288 583
77 269 562 288 583
78 269 562 288 583
79 269 562 288 583
80 268 562 287 583
81 269 562 288 583
82 269 562 288 583
83 269 562 288 583
84 269 562 288 583
85 269 562 288 583
86 268 562 287 583
87 268 562 287 583
88 268 562 287 583
89 268 562 287 583
90 268 562 287 583
91 268 562 287 583
92 268 562 287 583
93 268 562 287 583
94 268 562 287 583
95 268 562 287 583
96 268 562 287 583
97 268 562 287 583
98 269 562 288 583
99 269 562 288 583
100 268 562 287 583
101 268 562 287 583
102 269 562 288 583
103 273 562 292 583
104 293 552 312 573
105 317 546 336 567
106 314 549 333 570
107 309 553 328 574
108 296 553 315 574
109 279 552 298 573
110 272 555 291 576
111 266 559 285 580
112 264 561 283 582
113 265 561 284 582
114 270 561 289 582
115 276 560 295 581
116 279 562 298 583
117 286 568 305 589
118 308 580 327 601
119 337 594 356 615
120 362 605 381 626
121 380 614 399 635
122 392 619 411 640
123 398 615 417 636
124 398 584 417 605
125 401 516 420 537
126 396 485 415 506
127 389 496 408 517
128 380 500 399 521
129 379 500 398 521
130 380 497 399 518
131 378 494 397 515
132 376 493 395 514
133 376 492 395 513
134 377 491 396 512
135 376 492 395 513
136 373 491 392 512
137 370 489 389 510
138 371 488 390 509
139 375 488 394 509
140 377 489 396 510
141 381 488 400 509
142 386 488 405 509
143 389 489 408 510
144 393 491 412 512
145 395 495 414 516
146 394 496 413 517
147 395 494 414 515
148 392 490 411 511
149 383 486 402 507
150 373 482 392 503
151 367 475 386 496
152 361 468 380 489
153 355 461 374 482
154 348 454 367 475
