156 -1 -1 -1 -1
0 739 512 761 534
1 739 512 760 533
2 738 512 759 533
3 740 512 761 533
4 739 512 760 533
5 739 512 760 533
6 738 512 759 533
7 738 512 759 533
8 738 512 759 533
9 739 512 760 533
10 738 512 759 533
11 740 512 761 533
12 739 512 760 533
13 739 513 760 534
14 739 512 760 533
15 739 512 760 533
16 738 512 759 533
17 738 512 759 533
18 738 512 759 533
19 738 512 759 533
20 739 512 760 533
21 738 512 759 533
22 738 512 759 533
23 739 512 760 533
24 739 513 760 534
25 739 513 760 534
26 738 512 759 533
27 726 514 747 535
28 693 516 714 537
29 684 517 705 538
30 661 517 682 538
31 644 517 665 538
32 643 515 664 536
33 644 513 665 534
34 645 511 666 532
35 645 511 666 532
36 646 510 667 531
37 647 508 668 529
38 648 507 669 528
39 648 506 669 527
40 649 504 670 525
41 650 504 671 525
42 650 504 671 525
43 650 502 671 523
44 651 500 672 521
45 652 499 673 520
46 653 498 674 519
47 653 498 674 519
48 654 497 675 518
49 655 495 676 516
50 655 494 676 515
51 657 493 678 514
52 658 491 679 512
53 658 491 679 512
54 659 490 680 511
55 659 489 680 510
56 660 489 681 510
57 661 487 682 508
58 661 486 682 507
59 661 486 682 507
60 662 485 683 506
61 663 485 684 506
62 664 484 685 505
63 664 483 685 504
64 665 482 686 503
65 665 481 686 502
66 665 480 686 501
67 666 479 687 500
68 666 478 687 499
69 666 477 687 498
70 666 477 687 498
71 667 477 688 498
72 667 476 688 497
73 669 474 690 495
74 669 473 690 494
75 669 473 690 494
76 670 472 691 493
77 670 471 691 492
78 670 471 691 492
79 671 470 692 491
80 672 469 693 490
81 672 468 693 489
82 672 468 693 489
83 673 468 694 489
84 673 467 694 488
85 674 466 695 487
86 673 466 694 487
87 674 465 695 486
88 668 462 689 483
89 662 460 683 481
90 644 453 665 474
91 617 445 638 466
92 590 437 611 458
93 564 430 585 451
94 540 423 561 444
95 521 414 542 435
96 503 411 524 432
97 486 412 507 433
98 464 415 485 436
99 435 419 456 440
100 399 428 420 449
101 366 435 387 456
102 332 443 353 464
103 304 456 325 477
104 283 464 304 485
105 265 468 286 489
106 247 473 268 494
107 228 479 249 500
108 209 485 230 506
109 189 491 210 512
110 169 497 190 518
111 148 504 169 525
112 128 511 149 532
113 107 519 128 540
114 85 523 106 544
115 63 528 84 549
116 43 535 64 556
117 28 542 49 563
118 19 548 40 569
119 16 555 37 576
120 16 564 37 585
121 17 576 38 597
122 20 586 41 607
123 23 598 44 619
124 29 607 50 628
125 36 610 57 631
126 43 614 64 635
127 52 617 73 638
128 60 622 81 643
129 67 628 88 649
130 74 632 95 653
131 81 635 102 656
132 87 637 108 658
133 93 639 114 660
134 101 638 122 659
135 109 637 130 658
136 117 640 138 661
137 124 643 145 664
138 130 646 151 667
139 135 648 156 669
140 138 653 159 674
141 144 659 165 680
142 149 661 170 682
143 154 661 175 682
144 161 662 182 683
145 167 662 188 683
146 173 660 194 681
147 179 657 200 678
148 183 653 204 674
149 184 650 205 671
150 188 647 209 668
151 191 641 212 662
152 192 634 213 655
153 194 626 215 647
154 196 619 217 640
