271 -1 -1 -1 -1
0 440 506 460 525
1 441 507 460 525
2 441 507 460 525
3 440 507 459 525
4 441 507 460 525
5 440 507 459 525
6 441 507 460 525
7 441 507 460 525
8 441 507 460 525
9 441 507 460 525
10 440 507 459 525
11 441 507 460 525
12 441 507 460 525
13 441 507 460 525
14 441 507 460 525
15 441 507 460 525
16 440 507 459 525
17 440 507 459 525
18 443 508 462 526
19 456 508 475 526
20 467 509 486 527
21 474 509 493 527
22 477 508 496 526
23 475 506 494 524
24 469 503 488 521
25 461 501 480 519
26 452 499 471 517
27 441 497 460 515
28 423 497 442 515
29 395 497 414 515
30 367 496 386 514
31 348 493 367 511
32 342 489 361 507
33 344 487 363 505
34 349 488 368 506
35 356 491 375 509
36 361 494 380 512
37 364 497 383 515
38 365 498 384 516
39 364 498 383 516
40 362 496 381 514
41 360 495 379 513
42 359 495 378 513
43 359 495 378 513
44 361 496 380 514
45 362 497 381 515
46 362 497 381 515
47 361 497 380 515
48 360 496 379 514
49 359 495 378 513
50 358 495 377 513
51 358 495 377 513
52 359 495 378 513
53 360 496 379 514
54 361 497 380 515
55 362 498 381 516
56 363 498 382 516
57 363 498 382 516
58 364 498 383 516
59 362 497 381 515
60 360 496 379 514
61 359 496 378 514
62 357 495 376 513
63 356 494 375 512
64 354 492 373 510
65 353 490 372 508
66 350 488 369 506
67 347 487 366 505
68 344 486 363 504
69 340 485 359 503
70 335 482 354 500
71 329 479 348 497
72 322 475 341 493
73 317 473 336 491
74 313 471 332 489
75 311 471 330 489
76 310 471 329 489
77 310 471 329 489
78 308 471 327 489
79 305 470 324 488
80 301 468 320 486
81 297 467 316 485
82 296 465 315 483
83 297 462 316 480
84 301 455 320 473
85 306 444 325 462
86 312 431 331 449
87 318 419 337 437
88 325 406 344 424
89 331 387 350 405
90 333 367 352 385
91 330 347 349 365
92 328 327 347 345
93 330 307 349 325
94 334 290 353 308
95 338 277 357 295
96 342 266 361 284
97 345 256 364 274
98 348 245 367 263
99 350 234 369 252
100 351 224 370 242
101 353 213 372 231
102 356 203 375 221
103 359 193 378 211
104 361 188 380 206
105 361 184 380 202
106 362 183 381 201
107 363 183 382 201
108 364 182 383 200
109 366 179 385 197
110 368 177 387 195
111 371 176 390 194
112 373 177 392 195
113 377 177 396 195
114 381 178 400 196
115 386 176 405 194
116 392 174 411 192
117 401 167 420 185
118 416 154 435 172
119 429 142 448 160
120 439 135 458 153
121 449 128 468 146
122 465 122 484 140
123 481 116 500 134
124 500 112 519 130
125 521 111 540 129
126 545 112 564 130
127 572 114 591 132
128 606 115 625 133
129 640 115 659 133
130 670 114 689 132
131 698 113 717 131
132 726 113 745 131
133 751 113 770 131
134 778 114 797 132
135 805 114 824 132
136 824 114 843 132
137 836 115 855 133
138 841 116 860 134
139 840 116 859 134
140 836 115 855 133
141 829 114 848 132
142 823 114 842 132
143 816 114 835 132
144 809 114 828 132
145 804 114 823 132
146 802 114 821 132
147 803 114 822 132
148 805 113 824 131
149 806 114 825 132
150 807 114 826 132
151 805 114 824 132
152 801 114 820 132
153 797 114 816 132
154 792 114 811 132
155 785 114 804 132
156 777 114 796 132
157 769 114 788 132
158 760 114 779 132
159 755 113 774 131
160 755 113 774 131
161 760 113 779 131
162 769 114 788 132
163 781 115 800 133
164 794 115 813 133
165 807 115 826 133
166 818 115 837 133
167 826 115 845 133
168 831 115 850 133
169 835 115 854 133
170 835 115 854 133
171 831 116 850 134
172 826 116 845 134
173 819 116 838 134
174 810 115 829 133
175 802 114 821 132
176 794 114 813 132
177 786 114 805 132
178 778 114 797 132
179 768 114 787 132
180 761 114 780 132
181 757 114 776 132
182 755 114 774 132
183 754 114 773 132
184 752 114 771 132
185 750 114 769 132
186 747 114 766 132
187 745 114 764 132
188 743 114 762 132
189 744 114 763 132
190 745 114 764 132
191 748 114 767 132
192 751 114 770 132
193 753 114 772 132
194 756 114 775 132
195 759 114 778 132
196 763 115 782 133
197 767 116 786 134
198 770 116 789 134
199 773 115 792 133
200 776 114 795 132
201 780 114 799 132
202 784 115 803 133
203 787 115 806 133
204 789 115 808 133
205 791 115 810 133
206 793 115 812 133
207 794 115 813 133
208 793 115 812 133
209 792 115 811 133
210 789 115 808 133
211 789 115 808 133
212 790 115 809 133
213 791 115 810 133
214 792 115 811 133
215 793 115 812 133
216 797 115 816 133
217 800 115 819 133
218 800 115 819 133
219 797 115 816 133
220 795 115 814 133
221 792 116 811 134
222 790 116 809 134
223 788 116 807 134
224 785 115 804 133
225 781 114 800 132
226 776 114 795 132
227 773 115 792 133
228 771 115 790 133
229 768 115 787 133
230 766 115 785 133
231 765 114 784 132
232 764 114 783 132
233 764 114 783 132
234 764 114 783 132
235 763 114 782 132
236 762 114 781 132
237 763 115 782 133
238 766 115 785 133
239 770 115 789 133
240 776 115 795 133
241 781 115 800 133
242 785 115 804 133
243 788 115 807 133
244 790 115 809 133
245 792 115 811 133
246 792 115 811 133
247 791 116 810 134
248 787 115 806 133
249 782 115 801 133
250 775 115 794 133
251 769 115 788 133
252 763 115 782 133
253 759 115 778 133
254 756 115 775 133
255 756 115 775 133
256 757 115 776 133
257 758 115 777 133
258 761 115 780 133
259 767 115 786 133
260 771 115 790 133
261 776 116 795 134
262 782 116 801 134
263 787 116 806 134
264 791 116 810 134
265 793 116 812 134
266 794 116 813 134
267 793 116 812 134
268 792 115 811 133
269 791 114 810 132
