280 -1 -1 -1 -1
0 714 72 734 92
1 715 72 734 91
2 716 72 735 91
3 716 72 735 91
4 715 72 734 91
5 715 72 734 91
6 715 72 734 91
7 716 72 735 91
8 716 71 735 90
9 715 72 734 91
10 715 72 734 91
11 715 72 734 91
12 715 73 734 92
13 714 73 733 92
14 714 71 733 90
15 714 69 733 88
16 715 67 734 86
17 716 65 735 84
18 716 65 735 84
19 716 66 735 85
20 716 66 735 85
21 716 65 735 84
22 716 65 735 84
23 716 65 735 84
24 716 66 735 85
25 716 66 735 85
26 716 65 735 84
27 717 65 736 84
28 717 65 736 84
29 716 65 735 84
30 716 65 735 84
31 716 65 735 84
32 716 65 735 84
33 716 65 735 84
34 716 65 735 84
35 716 65 735 84
36 716 65 735 84
37 716 64 735 83
38 716 64 735 83
39 716 64 735 83
40 716 64 735 83
41 716 64 735 83
42 716 64 735 83
43 716 64 735 83
44 716 64 735 83
45 716 64 735 83
46 716 64 735 83
47 716 64 735 83
48 716 64 735 83
49 716 65 735 84
50 716 65 735 84
51 716 65 735 84
52 716 65 735 84
53 716 65 735 84
54 716 64 735 83
55 716 64 735 83
56 716 64 735 83
57 716 64 735 83
58 716 64 735 83
59 716 63 735 82
60 716 62 735 81
61 715 63 734 82
62 714 64 733 83
63 713 64 732 83
64 713 63 732 82
65 714 62 733 81
66 713 61 732 80
67 712 61 731 80
68 712 61 731 80
69 712 61 731 80
70 712 60 731 79
71 713 59 732 78
72 714 59 733 78
73 715 59 734 78
74 715 59 734 78
75 715 59 734 78
76 715 58 734 77
77 715 58 734 77
78 716 58 735 77
79 718 58 737 77
80 719 58 738 77
81 720 58 739 77
82 720 58 739 77
83 721 58 740 77
84 723 58 742 77
85 725 58 744 77
86 726 58 745 77
87 727 59 746 78
88 727 59 746 78
89 726 59 745 78
90 727 60 746 79
91 728 60 747 79
92 729 60 748 79
93 729 60 748 79
94 730 61 749 80
95 731 61 750 80
96 731 61 750 80
97 732 60 751 79
98 733 60 752 79
99 733 60 752 79
100 733 61 752 80
101 733 61 752 80
102 733 61 752 80
103 734 61 753 80
104 735 60 754 79
105 736 60 755 79
106 738 60 757 79
107 741 59 760 78
108 744 58 763 77
109 745 58 764 77
110 745 59 764 78
111 745 59 764 78
112 744 59 763 78
113 744 59 763 78
114 744 61 763 80
115 743 63 762 82
116 743 64 762 83
117 744 64 763 83
118 746 64 765 83
119 746 64 765 83
120 743 64 762 83
121 739 64 758 83
122 733 64 752 83
123 728 64 747 83
124 726 64 745 83
125 726 64 745 83
126 727 64 746 83
127 730 63 749 82
128 735 63 754 82
129 740 64 759 83
130 745 64 764 83
131 749 64 768 83
132 751 64 770 83
133 751 63 770 82
134 749 63 768 82
135 746 64 765 83
136 742 64 761 83
137 737 64 756 83
138 733 63 752 82
139 731 63 750 82
140 730 64 749 83
141 731 64 750 83
142 735 64 754 83
143 740 64 759 83
144 745 64 764 83
145 748 64 767 83
146 751 64 770 83
147 753 64 772 83
148 753 64 772 83
149 755 64 774 83
150 758 64 777 83
151 763 63 782 82
152 771 63 790 82
153 783 63 802 82
154 801 63 820 82
155 825 63 844 82
156 855 62 874 81
157 881 61 900 80
158 899 61 918 80
159 907 61 926 80
160 908 61 927 80
161 906 61 925 80
162 904 60 923 79
163 902 60 921 79
164 902 60 921 79
165 903 59 922 78
166 904 59 923 78
167 905 59 924 78
168 906 60 925 79
169 906 60 925 79
170 906 60 925 79
171 906 60 925 79
172 906 60 925 79
173 906 60 925 79
174 906 60 925 79
175 906 60 925 79
176 906 60 925 79
177 906 60 925 79
178 906 59 925 78
179 906 59 925 78
180 906 59 925 78
181 906 60 925 79
182 907 60 926 79
183 907 60 926 79
184 907 59 926 78
185 907 59 926 78
186 908 59 927 78
187 908 59 927 78
188 909 60 928 79
189 910 60 929 79
190 910 60 929 79
191 909 59 928 78
192 908 59 927 78
193 907 59 926 78
194 907 59 926 78
195 908 59 927 78
196 909 59 928 78
197 910 59 929 78
198 910 59 929 78
199 909 59 928 78
200 908 59 927 78
201 906 59 925 78
202 904 59 923 78
203 904 59 923 78
204 905 59 924 78
205 907 59 926 78
206 908 59 927 78
207 908 59 927 78
208 909 59 928 78
209 909 59 928 78
210 908 59 927 78
211 906 59 925 78
212 903 59 922 78
213 901 60 920 79
214 900 60 919 79
215 900 60 919 79
216 901 60 920 79
217 901 60 920 79
218 903 60 922 79
219 904 60 923 79
220 905 60 924 79
221 906 60 925 79
222 906 59 925 78
223 905 59 924 78
224 905 60 924 79
225 903 60 922 79
226 902 60 921 79
227 901 59 920 78
228 902 59 921 78
229 903 59 922 78
230 905 59 924 78
231 907 59 926 78
232 907 59 926 78
233 906 60 925 79
234 904 60 923 79
235 904 60 923 79
236 905 60 924 79
237 905 60 924 79
238 905 60 924 79
239 906 60 925 79
240 907 59 926 78
241 909 59 928 78
242 909 60 928 79
243 908 60 927 79
244 908 60 927 79
245 908 60 927 79
246 908 60 927 79
247 907 60 926 79
248 907 60 926 79
249 908 60 927 79
250 909 60 928 79
251 909 60 928 79
252 909 60 928 79
253 909 60 928 79
254 909 60 928 79
255 908 60 927 79
256 907 60 926 79
257 907 60 926 79
258 908 59 927 78
259 909 59 928 78
260 909 59 928 78
261 911 60 930 79
262 911 60 930 79
263 909 60 928 79
264 908 60 927 79
265 907 60 926 79
266 906 60 925 79
267 905 60 924 79
268 906 59 925 78
269 907 59 926 78
270 908 60 927 79
271 909 60 928 79
272 910 60 929 79
273 909 60 928 79
274 907 60 926 79
275 906 60 925 79
276 905 60 924 79
277 905 60 924 79
278 906 60 925 79
