280 -1 -1 -1 -1
0 614 434 635 455
1 614 434 634 454
2 614 434 634 454
3 614 435 634 455
4 614 434 634 454
5 614 434 634 454
6 614 434 634 454
7 615 434 635 454
8 614 434 634 454
9 614 434 634 454
10 614 434 634 454
11 615 434 635 454
12 614 434 634 454
13 614 434 634 454
14 615 434 635 454
15 615 434 635 454
16 615 434 635 454
17 615 434 635 454
18 614 434 634 454
19 614 434 634 454
20 615 434 635 454
21 614 434 634 454
22 615 434 635 454
23 615 434 635 454
24 614 434 634 454
25 615 434 635 454
26 615 434 635 454
27 615 434 635 454
28 615 434 635 454
29 615 434 635 454
30 614 434 634 454
31 615 434 635 454
32 614 434 634 454
33 614 434 634 454
34 614 435 634 455
35 614 434 634 454
36 614 434 634 454
37 614 434 634 454
38 614 434 634 454
39 615 435 635 455
40 614 435 634 455
41 614 435 634 455
42 614 434 634 454
43 615 434 635 454
44 615 434 635 454
45 615 434 635 454
46 615 435 635 455
47 606 440 626 460
48 590 447 610 467
49 574 454 594 474
50 571 455 591 475
51 561 460 581 480
52 546 467 566 487
53 533 472 553 492
54 521 477 541 497
55 509 482 529 502
56 508 483 528 503
57 497 487 517 507
58 485 493 505 513
59 473 497 493 517
60 462 503 482 523
61 451 508 471 528
62 450 507 470 527
63 442 512 462 532
64 429 517 449 537
65 417 523 437 543
66 406 528 426 548
67 395 533 415 553
68 393 533 413 553
69 384 538 404 558
70 372 544 392 564
71 358 550 378 570
72 346 555 366 575
73 336 560 356 580
74 334 560 354 580
75 325 565 345 585
76 314 571 334 591
77 302 576 322 596
78 290 581 310 601
79 275 585 295 605
80 273 585 293 605
81 265 587 285 607
82 252 592 272 612
83 239 596 259 616
84 229 597 249 617
85 226 595 246 615
86 228 592 248 612
87 234 589 254 609
88 239 587 259 607
89 241 587 261 607
90 240 587 260 607
91 238 588 258 608
92 235 590 255 610
93 235 591 255 611
94 236 591 256 611
95 237 592 257 612
96 239 592 259 612
97 240 591 260 611
98 239 590 259 610
99 239 590 259 610
100 238 591 258 611
101 238 592 258 612
102 238 591 258 611
103 239 591 259 611
104 239 591 259 611
105 238 591 258 611
106 238 591 258 611
107 238 591 258 611
108 238 592 258 612
109 237 592 257 612
110 237 591 257 611
111 237 591 257 611
112 237 591 257 611
113 237 591 257 611
114 237 591 257 611
115 238 591 258 611
116 238 591 258 611
117 238 591 258 611
118 238 591 258 611
119 238 591 258 611
120 238 591 258 611
121 238 591 258 611
122 238 590 258 610
123 238 589 258 609
124 237 589 257 609
125 237 589 257 609
126 237 590 257 610
127 237 590 257 610
128 238 589 258 609
129 238 590 258 610
130 238 590 258 610
131 238 590 258 610
132 238 590 258 610
133 238 590 258 610
134 238 589 258 609
135 238 590 258 610
136 239 591 259 611
137 240 591 260 611
138 241 590 261 610
139 241 590 261 610
140 240 590 260 610
141 239 588 259 608
142 237 587 257 607
143 237 587 257 607
144 237 587 257 607
145 237 588 257 608
146 238 590 258 610
147 239 591 259 611
148 239 591 259 611
149 239 590 259 610
150 238 589 258 609
151 237 589 257 609
152 237 589 257 609
153 236 588 256 608
154 236 588 256 608
155 236 588 256 608
156 237 589 257 609
157 238 589 258 609
158 238 588 258 608
159 238 588 258 608
160 238 589 258 609
161 237 590 257 610
162 236 591 256 611
163 236 591 256 611
164 236 590 256 610
165 236 589 256 609
166 236 588 256 608
167 237 588 257 608
168 237 588 257 608
169 237 589 257 609
170 237 589 257 609
171 237 589 257 609
172 237 589 257 609
173 237 589 257 609
174 237 589 257 609
175 238 589 258 609
176 238 590 258 610
177 237 590 257 610
178 236 589 256 609
179 236 589 256 609
180 237 590 257 610
181 238 591 258 611
182 238 591 258 611
183 237 591 257 611
184 236 590 256 610
185 235 589 255 609
186 236 589 256 609
187 237 589 257 609
188 238 590 258 610
189 238 590 258 610
190 239 591 259 611
191 239 591 259 611
192 239 591 259 611
193 239 590 259 610
194 238 589 258 609
195 238 589 258 609
196 238 589 258 609
197 238 589 258 609
198 238 589 258 609
199 238 589 258 609
200 238 590 258 610
201 237 591 257 611
202 237 590 257 610
203 237 590 257 610
204 237 589 257 609
205 237 589 257 609
206 238 589 258 609
207 238 590 258 610
208 238 591 258 611
209 237 590 257 610
210 237 589 257 609
211 237 588 257 608
212 237 588 257 608
213 237 588 257 608
214 236 588 256 608
215 236 588 256 608
216 236 588 256 608
217 236 588 256 608
218 236 588 256 608
219 236 588 256 608
220 237 588 257 608
221 237 588 257 608
222 236 588 256 608
223 236 588 256 608
224 236 588 256 608
225 237 588 257 608
226 237 588 257 608
227 237 588 257 608
228 236 588 256 608
229 235 589 255 609
230 235 589 255 609
231 236 589 256 609
232 236 589 256 609
233 236 589 256 609
234 236 588 256 608
235 236 588 256 608
236 237 588 257 608
237 237 587 257 607
238 236 587 256 607
239 236 589 256 609
240 236 590 256 610
241 236 591 256 611
242 235 590 255 610
243 235 590 255 610
244 235 589 255 609
245 236 588 256 608
246 237 588 257 608
247 237 589 257 609
248 237 589 257 609
249 236 589 256 609
250 236 590 256 610
251 236 590 256 610
252 236 590 256 610
253 236 589 256 609
254 237 588 257 608
255 237 588 257 608
256 236 588 256 608
257 236 589 256 609
258 237 588 257 608
259 237 587 257 607
260 237 587 257 607
261 237 587 257 607
262 236 588 256 608
263 235 589 255 609
264 235 590 255 610
265 235 590 255 610
266 236 590 256 610
267 236 590 256 610
268 237 590 257 610
269 237 590 257 610
270 237 588 257 608
271 237 587 257 607
272 237 587 257 607
273 238 586 258 606
274 238 585 258 605
275 238 584 258 604
276 238 585 258 605
277 237 586 257 606
278 237 587 257 607
