314 -1 -1 -1 -1
0 533 255 550 272
1 533 256 549 272
2 533 256 549 272
3 533 256 549 272
4 533 255 549 271
5 533 256 549 272
6 533 256 549 272
7 533 256 549 272
8 533 256 549 272
9 533 256 549 272
10 533 256 549 272
11 533 257 549 273
12 533 256 549 272
13 533 256 549 272
14 533 256 549 272
15 533 257 549 273
16 533 256 549 272
17 533 256 549 272
18 533 256 549 272
19 533 256 549 272
20 533 256 549 272
21 533 256 549 272
22 533 256 549 272
23 534 256 550 272
24 533 256 549 272
25 533 256 549 272
26 534 256 550 272
27 533 256 549 272
28 533 256 549 272
29 534 256 550 272
30 533 256 549 272
31 533 257 549 273
32 534 256 550 272
33 534 256 550 272
34 534 256 550 272
35 534 256 550 272
36 533 256 549 272
37 534 256 550 272
38 534 256 550 272
39 534 257 550 273
40 534 257 550 273
41 533 257 549 273
42 533 256 549 272
43 533 257 549 273
44 534 256 550 272
45 534 256 550 272
46 530 258 546 274
47 517 263 533 279
48 504 266 520 282
49 486 273 502 289
50 465 281 481 297
51 442 289 458 305
52 422 296 438 312
53 402 303 418 319
54 395 305 411 321
55 386 310 402 326
56 368 317 384 333
57 363 325 379 341
58 374 333 390 349
59 392 340 408 356
60 397 342 413 358
61 404 346 420 362
62 413 353 429 369
63 423 360 439 376
64 433 367 449 383
65 443 374 459 390
66 445 375 461 391
67 452 380 468 396
68 462 387 478 403
69 472 395 488 411
70 482 402 498 418
71 493 409 509 425
72 495 410 511 426
73 501 415 517 431
74 512 423 528 439
75 524 431 540 447
76 534 438 550 454
77 545 445 561 461
78 548 447 564 463
79 554 452 570 468
80 565 460 581 476
81 578 468 594 484
82 590 476 606 492
83 600 484 616 500
84 602 486 618 502
85 610 490 626 506
86 621 498 637 514
87 634 508 650 524
88 646 516 662 532
89 658 524 674 540
90 662 527 678 543
91 669 531 685 547
92 680 539 696 555
93 693 549 709 565
94 706 558 722 574
95 719 563 735 579
96 724 565 740 581
97 730 567 746 583
98 741 566 757 582
99 758 561 774 577
100 774 555 790 571
101 788 549 804 565
102 792 546 808 562
103 799 542 815 558
104 812 538 828 554
105 827 534 843 550
106 841 528 857 544
107 854 522 870 538
108 858 521 874 537
109 865 519 881 535
110 877 515 893 531
111 892 509 908 525
112 905 504 921 520
113 918 500 934 516
114 922 499 938 515
115 929 496 945 512
116 941 491 957 507
117 944 486 960 502
118 936 482 952 498
119 917 477 933 493
120 909 475 925 491
121 904 473 920 489
122 897 469 913 485
123 888 465 904 481
124 879 461 895 477
125 869 456 885 472
126 867 455 883 471
127 862 452 878 468
128 853 448 869 464
129 844 444 860 460
130 836 440 852 456
131 827 435 843 451
132 824 434 840 450
133 829 433 845 449
134 832 430 848 446
135 832 427 848 443
136 830 424 846 440
137 829 422 845 438
138 829 421 845 437
139 829 419 845 435
140 827 417 843 433
141 826 414 842 430
142 826 411 842 427
143 826 408 842 424
144 826 407 842 423
145 826 407 842 423
146 825 404 841 420
147 824 401 840 417
148 822 398 838 414
149 822 396 838 412
150 823 396 839 412
151 822 394 838 410
152 822 392 838 408
153 822 389 838 405
154 821 387 837 403
155 821 385 837 401
156 821 385 837 401
157 821 383 837 399
158 820 380 836 396
159 819 377 835 393
160 819 375 835 391
161 818 373 834 389
162 818 372 834 388
163 818 371 834 387
164 817 369 833 385
165 816 366 832 382
166 815 364 831 380
167 815 361 831 377
168 815 360 831 376
169 815 358 831 374
170 814 356 830 372
171 813 354 829 370
172 813 352 829 368
173 813 350 829 366
174 813 350 829 366
175 812 348 828 364
176 811 346 827 362
177 811 344 827 360
178 811 342 827 358
179 810 341 826 357
180 810 341 826 357
181 810 340 826 356
182 810 337 826 353
183 810 335 826 351
184 810 333 826 349
185 810 331 826 347
186 809 331 825 347
187 809 330 825 346
188 808 328 824 344
189 808 326 824 342
190 807 324 823 340
191 807 323 823 339
192 807 323 823 339
193 807 321 823 337
194 807 319 823 335
195 807 317 823 333
196 806 316 822 332
197 806 314 822 330
198 805 313 821 329
199 805 312 821 328
200 805 310 821 326
201 805 309 821 325
202 805 307 821 323
203 805 305 821 321
204 805 305 821 321
205 804 304 820 320
206 803 302 819 318
207 803 300 819 316
208 803 299 819 315
209 803 298 819 314
210 803 298 819 314
211 802 297 818 313
212 801 295 817 311
213 801 294 817 310
214 801 292 817 308
215 801 290 817 306
216 801 290 817 306
217 801 290 817 306
218 801 288 817 304
219 801 287 817 303
220 800 286 816 302
221 800 284 816 300
222 801 284 817 300
223 800 282 816 298
224 800 281 816 297
225 800 280 816 296
226 800 279 816 295
227 800 278 816 294
228 800 278 816 294
229 799 276 815 292
230 799 274 815 290
231 799 274 815 290
232 799 273 815 289
233 799 272 815 288
234 799 272 815 288
235 798 271 814 287
236 798 270 814 286
237 798 268 814 284
238 798 267 814 283
239 798 267 814 283
240 798 267 814 283
241 797 266 813 282
242 798 265 814 281
243 798 264 814 280
244 797 262 813 278
245 797 261 813 277
246 797 261 813 277
247 797 261 813 277
248 797 260 813 276
249 797 259 813 275
250 797 257 813 273
251 797 256 813 272
252 797 256 813 272
253 796 256 812 272
254 796 255 812 271
255 796 254 812 270
256 796 253 812 269
257 796 252 812 268
258 796 252 812 268
259 795 251 811 267
260 795 251 811 267
261 795 250 811 266
262 795 248 811 264
263 795 248 811 264
264 795 248 811 264
265 795 247 811 263
266 796 247 812 263
267 795 245 811 261
268 795 245 811 261
269 795 244 811 260
270 794 243 810 259
271 795 242 811 258
272 795 241 811 257
273 795 240 811 256
274 795 240 811 256
275 794 241 810 257
276 794 241 810 257
277 794 239 810 255
278 794 238 810 254
279 794 237 810 253
280 794 237 810 253
281 794 236 810 252
282 795 236 811 252
283 794 236 810 252
284 794 235 810 251
285 795 235 811 251
286 795 234 811 250
287 794 233 810 249
288 794 233 810 249
289 795 233 811 249
290 795 231 811 247
291 794 231 810 247
292 794 230 810 246
293 795 230 811 246
294 795 230 811 246
295 795 229 811 245
296 794 229 810 245
297 794 229 810 245
298 794 228 810 244
299 794 227 810 243
300 794 226 810 242
301 794 226 810 242
302 794 226 810 242
303 794 225 810 241
304 794 225 810 241
305 794 225 810 241
306 794 224 810 240
307 794 223 810 239
308 794 223 810 239
309 794 222 810 238
310 795 222 811 238
311 796 222 812 238
312 797 223 813 239
