260 -1 -1 -1 -1
0 352 86 369 104
1 353 86 369 103
2 353 86 369 103
3 352 87 368 104
4 353 87 369 104
5 353 87 369 104
6 353 87 369 104
7 353 87 369 104
8 353 87 369 104
9 352 86 368 103
10 352 86 368 103
11 352 86 368 103
12 353 87 369 104
13 352 87 368 104
14 353 87 369 104
15 352 86 368 103
16 352 86 368 103
17 352 86 368 103
18 352 87 368 104
19 352 86 368 103
20 352 86 368 103
21 352 86 368 103
22 352 87 368 104
23 352 87 368 104
24 352 87 368 104
25 352 87 368 104
26 352 87 368 104
27 353 87 369 104
28 353 87 369 104
29 352 86 368 103
30 352 87 368 104
31 352 87 368 104
32 352 87 368 104
33 352 86 368 103
34 352 87 368 104
35 352 87 368 104
36 352 87 368 104
37 352 87 368 104
38 352 87 368 104
39 352 87 368 104
40 352 87 368 104
41 352 87 368 104
42 352 87 368 104
43 352 87 368 104
44 352 86 368 103
45 352 87 368 104
46 352 87 368 104
47 352 87 368 104
48 354 90 370 107
49 364 102 380 119
50 368 109 384 126
51 381 127 397 144
52 396 147 412 164
53 411 166 427 183
54 425 184 441 201
55 439 203 455 220
56 442 206 458 223
57 451 219 467 236
58 466 239 482 256
59 481 259 497 276
60 495 278 511 295
61 511 295 527 312
62 517 299 533 316
63 526 315 542 332
64 540 336 556 353
65 556 356 572 373
66 572 377 588 394
67 588 399 604 416
68 594 406 610 423
69 603 419 619 436
70 614 438 630 455
71 606 449 622 466
72 585 455 601 472
73 570 463 586 480
74 570 463 586 480
75 559 472 575 489
76 548 482 564 499
77 537 491 553 508
78 526 502 542 519
79 516 513 532 530
80 515 513 531 530
81 508 523 524 540
82 498 535 514 552
83 490 548 506 565
84 482 560 498 577
85 474 572 490 589
86 474 572 490 589
87 466 583 482 600
88 456 594 472 611
89 446 601 462 618
90 442 596 458 613
91 437 585 453 602
92 436 584 452 601
93 432 577 448 594
94 426 568 442 585
95 420 559 436 576
96 414 551 430 568
97 409 544 425 561
98 408 543 424 560
99 404 538 420 555
100 398 530 414 547
101 393 523 409 540
102 387 516 403 533
103 382 509 398 526
104 381 508 397 525
105 377 503 393 520
106 372 496 388 513
107 366 489 382 506
108 360 483 376 500
109 355 476 371 493
110 355 475 371 492
111 351 470 367 487
112 348 464 364 481
113 343 458 359 475
114 337 450 353 467
115 332 444 348 461
116 331 444 347 461
117 327 438 343 455
118 322 432 338 449
119 318 426 334 443
120 313 420 329 437
121 309 414 325 431
122 308 413 324 430
123 304 408 320 425
124 301 402 317 419
125 304 397 320 414
126 308 392 324 409
127 313 388 329 405
128 313 387 329 404
129 317 383 333 400
130 320 378 336 395
131 324 373 340 390
132 328 369 344 386
133 331 365 347 382
134 331 365 347 382
135 335 360 351 377
136 339 355 355 372
137 342 351 358 368
138 344 346 360 363
139 348 342 364 359
140 348 342 364 359
141 351 338 367 355
142 354 333 370 350
143 357 329 373 346
144 361 325 377 342
145 364 321 380 338
146 364 320 380 337
147 367 317 383 334
148 370 312 386 329
149 374 308 390 325
150 377 304 393 321
151 379 300 395 317
152 380 300 396 317
153 383 296 399 313
154 386 292 402 309
155 389 288 405 305
156 392 284 408 301
157 394 280 410 297
158 394 280 410 297
159 397 276 413 293
160 400 272 416 289
161 402 269 418 286
162 406 265 422 282
163 408 261 424 278
164 408 261 424 278
165 410 258 426 275
166 413 254 429 271
167 417 251 433 268
168 419 247 435 264
169 421 244 437 261
170 422 244 438 261
171 424 241 440 258
172 426 237 442 254
173 428 233 444 250
174 431 230 447 247
175 434 226 450 243
176 434 226 450 243
177 435 223 451 240
178 438 220 454 237
179 441 217 457 234
180 443 214 459 231
181 445 209 461 226
182 446 209 462 226
183 448 206 464 223
184 450 202 466 219
185 452 200 468 217
186 455 197 471 214
187 456 194 472 211
188 456 193 472 210
189 459 191 475 208
190 461 188 477 205
191 463 185 479 202
192 465 182 481 199
193 467 179 483 196
194 468 179 484 196
195 470 177 486 194
196 471 174 487 191
197 473 171 489 188
198 475 168 491 185
199 478 165 494 182
200 478 164 494 181
201 479 162 495 179
202 481 160 497 177
203 483 157 499 174
204 485 155 501 172
205 486 151 502 168
206 487 151 503 168
207 489 149 505 166
208 491 147 507 164
209 492 144 508 161
210 494 142 510 159
211 496 138 512 155
212 496 138 512 155
213 497 136 513 153
214 499 133 515 150
215 501 131 517 148
216 502 129 518 146
217 504 125 520 142
218 504 124 520 141
219 505 123 521 140
220 508 121 524 138
221 510 118 526 135
222 511 116 527 133
223 513 114 529 131
224 513 114 529 131
225 514 111 530 128
226 516 110 532 127
227 517 107 533 124
228 519 106 535 123
229 520 103 536 120
230 520 102 536 119
231 522 100 538 117
232 523 98 539 115
233 525 96 541 113
234 526 94 542 111
235 528 91 544 108
236 528 91 544 108
237 529 89 545 106
238 530 86 546 103
239 531 84 547 101
240 533 82 549 99
241 535 81 551 98
242 535 81 551 98
243 537 79 553 96
244 537 77 553 94
245 539 75 555 92
246 541 73 557 90
247 542 71 558 88
248 542 70 558 87
249 543 69 559 86
250 545 67 561 84
251 545 66 561 83
252 546 68 562 85
253 547 70 563 87
254 547 70 563 87
255 547 70 563 87
256 547 70 563 87
257 548 72 564 89
258 550 74 566 91
