202 -1 -1 -1 -1
0 483 248 501 269
1 483 249 500 269
2 483 249 500 269
3 482 249 499 269
4 483 249 500 269
5 483 249 500 269
6 483 249 500 269
7 483 248 500 268
8 483 249 500 269
9 483 248 500 268
10 483 249 500 269
11 483 249 500 269
12 483 249 500 269
13 482 249 499 269
14 483 249 500 269
15 483 249 500 269
16 483 249 500 269
17 482 249 499 269
18 482 249 499 269
19 482 249 499 269
20 483 249 500 269
21 482 249 499 269
22 483 249 500 269
23 483 249 500 269
24 482 249 499 269
25 482 249 499 269
26 482 249 499 269
27 482 249 499 269
28 483 249 500 269
29 482 249 499 269
30 482 249 499 269
31 482 249 499 269
32 482 249 499 269
33 482 249 499 269
34 482 249 499 269
35 483 249 500 269
36 482 249 499 269
37 482 249 499 269
38 483 249 500 269
39 482 249 499 269
40 482 249 499 269
41 482 249 499 269
42 483 249 500 269
43 483 249 500 269
44 483 249 500 269
45 483 249 500 269
46 482 249 499 269
47 483 249 500 269
48 483 249 500 269
49 497 254 514 274
50 520 258 537 278
51 539 262 556 282
52 553 266 570 286
53 569 269 586 289
54 571 270 588 290
55 580 271 597 291
56 594 274 611 294
57 606 276 623 296
58 614 279 631 299
59 615 281 632 301
60 613 282 630 302
61 613 282 630 302
62 614 283 631 303
63 615 286 632 306
64 615 288 632 308
65 616 290 633 310
66 616 290 633 310
67 616 291 633 311
68 617 294 634 314
69 618 296 635 316
70 618 297 635 317
71 619 299 636 319
72 619 299 636 319
73 620 300 637 320
74 620 302 637 322
75 620 303 637 323
76 621 304 638 324
77 621 307 638 327
78 621 307 638 327
79 621 308 638 328
80 621 310 638 330
81 622 311 639 331
82 623 313 640 333
83 623 315 640 335
84 623 315 640 335
85 624 317 641 337
86 624 318 641 338
87 625 319 642 339
88 625 320 642 340
89 626 323 643 343
90 626 323 643 343
91 627 324 644 344
92 628 325 645 345
93 628 326 645 346
94 628 328 645 348
95 629 330 646 350
96 629 330 646 350
97 629 330 646 350
98 629 332 646 352
99 630 333 647 353
100 630 334 647 354
101 630 336 647 356
102 630 336 647 356
103 630 337 647 357
104 631 338 648 358
105 631 340 648 360
106 632 341 649 361
107 632 342 649 362
108 632 342 649 362
109 632 343 649 363
110 633 344 650 364
111 633 345 650 365
112 633 346 650 366
113 633 347 650 367
114 634 348 651 368
115 635 348 652 368
116 635 349 652 369
117 636 350 653 370
118 636 351 653 371
119 637 352 654 372
120 637 352 654 372
121 637 352 654 372
122 636 354 653 374
123 637 354 654 374
124 637 355 654 375
125 638 356 655 376
126 638 356 655 376
127 636 357 653 377
128 636 358 653 378
129 636 359 653 379
130 637 360 654 380
131 637 360 654 380
132 637 360 654 380
133 637 361 654 381
134 637 362 654 382
135 638 363 655 383
136 637 363 654 383
137 638 363 655 383
138 638 364 655 384
139 638 364 655 384
140 639 365 656 385
141 639 366 656 386
142 639 366 656 386
143 640 366 657 386
144 639 367 656 387
145 639 368 656 388
146 640 368 657 388
147 639 368 656 388
148 640 368 657 388
149 641 369 658 389
150 641 369 658 389
151 641 369 658 389
152 640 369 657 389
153 640 370 657 390
154 641 370 658 390
155 640 371 657 391
156 641 371 658 391
157 640 371 657 391
158 640 372 657 392
159 641 372 658 392
160 641 372 658 392
161 641 373 658 393
162 641 373 658 393
163 641 373 658 393
164 641 373 658 393
165 641 373 658 393
166 642 374 659 394
167 641 374 658 394
168 641 373 658 393
169 642 373 659 393
170 642 373 659 393
171 642 373 659 393
172 642 374 659 394
173 642 374 659 394
174 642 374 659 394
175 642 374 659 394
176 642 374 659 394
177 642 373 659 393
178 642 373 659 393
179 641 373 658 393
180 641 373 658 393
181 642 373 659 393
182 642 373 659 393
183 642 373 659 393
184 641 373 658 393
185 641 373 658 393
186 642 373 659 393
187 642 373 659 393
188 642 372 659 392
189 642 373 659 393
190 642 373 659 393
191 642 373 659 393
192 642 373 659 393
193 642 373 659 393
194 642 373 659 393
195 642 373 659 393
196 641 373 658 393
197 641 373 658 393
198 642 373 659 393
199 642 373 659 393
200 642 373 659 393
