202 -1 -1 -1 -1
0 630 276 647 296
1 630 277 646 296
2 630 276 646 295
3 631 277 647 296
4 630 276 646 295
5 631 277 647 296
6 630 276 646 295
7 630 276 646 295
8 631 277 647 296
9 630 276 646 295
10 630 276 646 295
11 631 277 647 296
12 630 277 646 296
13 631 276 647 295
14 630 276 646 295
15 630 276 646 295
16 630 276 646 295
17 630 276 646 295
18 630 276 646 295
19 631 276 647 295
20 630 276 646 295
21 630 276 646 295
22 631 277 647 296
23 631 276 647 295
24 631 276 647 295
25 630 276 646 295
26 630 277 646 296
27 630 276 646 295
28 631 277 647 296
29 630 276 646 295
30 630 277 646 296
31 630 276 646 295
32 630 276 646 295
33 631 277 647 296
34 630 276 646 295
35 630 276 646 295
36 630 276 646 295
37 630 276 646 295
38 630 276 646 295
39 630 276 646 295
40 630 276 646 295
41 630 277 646 296
42 630 277 646 296
43 630 277 646 296
44 630 276 646 295
45 630 277 646 296
46 630 276 646 295
47 630 276 646 295
48 630 277 646 296
49 630 276 646 295
50 631 277 647 296
51 630 276 646 295
52 630 277 646 296
53 630 276 646 295
54 630 276 646 295
55 630 276 646 295
56 630 276 646 295
57 631 276 647 295
58 633 277 649 296
59 642 277 658 296
60 643 277 659 296
61 649 277 665 296
62 656 277 672 296
63 661 277 677 296
64 668 277 684 296
65 674 277 690 296
66 675 277 691 296
67 680 277 696 296
68 686 277 702 296
69 692 277 708 296
70 698 277 714 296
71 704 277 720 296
72 704 277 720 296
73 710 277 726 296
74 717 277 733 296
75 723 277 739 296
76 729 277 745 296
77 735 277 751 296
78 735 277 751 296
79 740 277 756 296
80 746 277 762 296
81 751 277 767 296
82 757 277 773 296
83 762 277 778 296
84 763 277 779 296
85 768 277 784 296
86 773 277 789 296
87 778 277 794 296
88 784 277 800 296
89 789 277 805 296
90 789 277 805 296
91 793 277 809 296
92 801 277 817 296
93 805 277 821 296
94 810 277 826 296
95 815 277 831 296
96 816 277 832 296
97 820 277 836 296
98 825 277 841 296
99 830 277 846 296
100 834 277 850 296
101 840 277 856 296
102 841 277 857 296
103 844 277 860 296
104 849 277 865 296
105 854 277 870 296
106 859 277 875 296
107 863 277 879 296
108 863 276 879 295
109 869 277 885 296
110 873 277 889 296
111 878 276 894 295
112 881 277 897 296
113 886 277 902 296
114 887 277 903 296
115 890 277 906 296
116 895 277 911 296
117 899 277 915 296
118 904 277 920 296
119 907 276 923 295
120 907 276 923 295
121 911 276 927 295
122 915 276 931 295
123 919 276 935 295
124 922 276 938 295
125 925 276 941 295
126 926 276 942 295
127 930 275 946 294
128 934 276 950 295
129 938 276 954 295
130 943 275 959 294
131 948 275 964 294
132 950 275 966 294
133 950 277 966 296
134 949 278 965 297
135 948 278 964 297
136 947 276 963 295
137 946 275 962 294
138 946 274 962 293
139 946 275 962 294
140 946 276 962 295
141 947 277 963 296
142 947 277 963 296
143 947 277 963 296
144 947 277 963 296
145 947 276 963 295
146 947 276 963 295
147 946 276 962 295
148 946 276 962 295
149 947 276 963 295
150 947 276 963 295
151 947 276 963 295
152 947 277 963 296
153 946 277 962 296
154 946 277 962 296
155 947 277 963 296
156 948 277 964 296
157 947 277 963 296
158 946 276 962 295
159 946 275 962 294
160 946 275 962 294
161 946 276 962 295
162 947 277 963 296
163 948 277 964 296
164 947 277 963 296
165 946 276 962 295
166 946 275 962 294
167 946 276 962 295
168 946 277 962 296
169 946 277 962 296
170 946 277 962 296
171 947 277 963 296
172 948 277 964 296
173 948 277 964 296
174 947 277 963 296
175 946 277 962 296
176 946 277 962 296
177 946 276 962 295
178 947 276 963 295
179 947 276 963 295
180 947 276 963 295
181 947 277 963 296
182 946 277 962 296
183 946 277 962 296
184 946 277 962 296
185 946 277 962 296
186 947 277 963 296
187 947 277 963 296
188 947 277 963 296
189 947 277 963 296
190 947 276 963 295
191 947 276 963 295
192 947 276 963 295
193 947 276 963 295
194 947 277 963 296
195 947 277 963 296
196 947 278 963 297
197 947 278 963 297
198 947 278 963 297
199 947 277 963 296
200 946 276 962 295
