210 -1 -1 -1 -1
0 344 570 363 587
1 344 570 362 586
2 345 571 363 587
3 344 570 362 586
4 344 570 362 586
5 345 571 363 587
6 345 571 363 587
7 344 570 362 586
8 344 570 362 586
9 344 570 362 586
10 345 571 363 587
11 345 570 363 586
12 344 570 362 586
13 344 570 362 586
14 344 571 362 587
15 344 570 362 586
16 345 570 363 586
17 344 571 362 587
18 344 570 362 586
19 345 570 363 586
20 344 570 362 586
21 345 570 363 586
22 344 570 362 586
23 344 570 362 586
24 345 570 363 586
25 344 570 362 586
26 345 571 363 587
27 344 570 362 586
28 345 570 363 586
29 345 570 363 586
30 344 571 362 587
31 345 571 363 587
32 345 571 363 587
33 345 571 363 587
34 344 571 362 587
35 345 571 363 587
36 345 571 363 587
37 344 571 362 587
38 344 571 362 587
39 344 571 362 587
40 345 571 363 587
41 345 571 363 587
42 345 571 363 587
43 344 571 362 587
44 344 571 362 587
45 345 571 363 587
46 345 571 363 587
47 344 570 362 586
48 344 570 362 586
49 345 570 363 586
50 345 571 363 587
51 344 571 362 587
52 345 571 363 587
53 344 571 362 587
54 345 571 363 587
55 345 571 363 587
56 345 571 363 587
57 345 571 363 587
58 345 571 363 587
59 344 571 362 587
60 344 570 362 586
61 345 571 363 587
62 345 571 363 587
63 344 570 362 586
64 344 570 362 586
65 345 571 363 587
66 345 571 363 587
67 342 572 360 588
68 332 577 350 593
69 323 581 341 597
70 313 586 331 602
71 302 595 320 611
72 295 608 313 624
73 293 624 311 640
74 296 636 314 652
75 301 642 319 658
76 307 641 325 657
77 313 637 331 653
78 321 632 339 648
79 334 629 352 645
80 352 629 370 645
81 380 631 398 647
82 409 633 427 649
83 435 634 453 650
84 454 634 472 650
85 464 633 482 649
86 466 632 484 648
87 460 631 478 647
88 445 631 463 647
89 425 633 443 649
90 403 634 421 650
91 386 634 404 650
92 373 633 391 649
93 365 632 383 648
94 362 632 380 648
95 366 632 384 648
96 374 632 392 648
97 386 633 404 649
98 398 635 416 651
99 409 636 427 652
100 418 637 436 653
101 422 637 440 653
102 423 637 441 653
103 421 636 439 652
104 418 635 436 651
105 415 635 433 651
106 412 636 430 652
107 409 636 427 652
108 407 636 425 652
109 406 636 424 652
110 407 636 425 652
111 407 636 425 652
112 405 636 423 652
113 403 636 421 652
114 401 635 419 651
115 400 636 418 652
116 400 636 418 652
117 402 636 420 652
118 405 635 423 651
119 407 636 425 652
120 406 636 424 652
121 406 636 424 652
122 406 636 424 652
123 405 636 423 652
124 402 636 420 652
125 399 637 417 653
126 396 637 414 653
127 394 637 412 653
128 392 637 410 653
129 390 636 408 652
130 388 636 406 652
131 387 637 405 653
132 385 637 403 653
133 384 637 402 653
134 385 637 403 653
135 385 637 403 653
136 386 636 404 652
137 387 636 405 652
138 388 636 406 652
139 390 636 408 652
140 392 637 410 653
141 396 637 414 653
142 400 637 418 653
143 402 638 420 654
144 403 638 421 654
145 404 637 422 653
146 403 636 421 652
147 401 636 419 652
148 397 637 415 653
149 392 636 410 652
150 389 634 407 650
151 388 633 406 649
152 386 634 404 650
153 385 635 403 651
154 384 636 402 652
155 383 636 401 652
156 382 636 400 652
157 384 635 402 651
158 387 634 405 650
159 390 635 408 651
160 393 636 411 652
161 395 636 413 652
162 398 636 416 652
163 399 635 417 651
164 399 635 417 651
165 398 635 416 651
166 396 635 414 651
167 392 635 410 651
168 389 635 407 651
169 388 634 406 650
170 388 634 406 650
171 388 634 406 650
172 388 635 406 651
173 387 635 405 651
174 387 635 405 651
175 383 636 401 652
176 379 636 397 652
177 376 636 394 652
178 374 636 392 652
179 373 636 391 652
180 375 636 393 652
181 378 636 396 652
182 382 636 400 652
183 387 637 405 653
184 391 637 409 653
185 393 637 411 653
186 394 636 412 652
187 395 636 413 652
188 394 636 412 652
189 391 637 409 653
190 388 637 406 653
191 386 637 404 653
192 386 637 404 653
193 386 637 404 653
194 383 636 401 652
195 381 636 399 652
196 379 637 397 653
197 378 638 396 654
198 378 638 396 654
199 379 637 397 653
200 380 636 398 652
201 380 636 398 652
202 382 636 400 652
203 385 636 403 652
204 388 636 406 652
205 390 637 408 653
206 390 637 408 653
207 390 637 408 653
208 390 637 408 653
