210 -1 -1 -1 -1
0 736 153 752 169
1 737 151 752 166
2 738 150 753 165
3 738 151 753 166
4 738 151 753 166
5 738 151 753 166
6 737 151 752 166
7 737 151 752 166
8 737 152 752 167
9 738 151 753 166
10 738 151 753 166
11 738 151 753 166
12 738 151 753 166
13 738 151 753 166
14 738 151 753 166
15 738 151 753 166
16 737 151 752 166
17 738 151 753 166
18 738 151 753 166
19 736 152 751 167
20 733 154 748 169
21 729 158 744 173
22 725 163 740 178
23 725 163 740 178
24 730 158 745 173
25 739 148 754 163
26 749 140 764 155
27 757 137 772 152
28 762 138 777 153
29 763 139 778 154
30 761 140 776 155
31 757 140 772 155
32 753 141 768 156
33 749 142 764 157
34 745 143 760 158
35 742 143 757 158
36 740 143 755 158
37 740 143 755 158
38 742 143 757 158
39 744 143 759 158
40 746 142 761 157
41 748 142 763 157
42 749 141 764 156
43 748 142 763 157
44 745 143 760 158
45 743 143 758 158
46 741 143 756 158
47 741 144 756 159
48 741 144 756 159
49 742 144 757 159
50 743 143 758 158
51 744 143 759 158
52 746 143 761 158
53 747 142 762 157
54 747 142 762 157
55 747 141 762 156
56 746 142 761 157
57 745 143 760 158
58 743 143 758 158
59 742 143 757 158
60 743 143 758 158
61 745 142 760 157
62 745 142 760 157
63 745 142 760 157
64 746 142 761 157
65 746 142 761 157
66 745 142 760 157
67 743 142 758 157
68 742 142 757 157
69 742 142 757 157
70 743 142 758 157
71 745 142 760 157
72 747 141 762 156
73 750 140 765 155
74 751 139 766 154
75 753 139 768 154
76 756 139 771 154
77 759 138 774 153
78 763 138 778 153
79 766 138 781 153
80 770 137 785 152
81 772 137 787 152
82 774 138 789 153
83 775 139 790 154
84 774 139 789 154
85 772 139 787 154
86 770 138 785 153
87 768 138 783 153
88 768 138 783 153
89 769 138 784 153
90 770 138 785 153
91 771 138 786 153
92 770 138 785 153
93 769 138 784 153
94 767 138 782 153
95 766 138 781 153
96 768 138 783 153
97 772 139 787 154
98 776 140 791 155
99 781 140 796 155
100 787 139 802 154
101 795 138 810 153
102 805 138 820 153
103 815 139 830 154
104 826 140 841 155
105 833 141 848 156
106 837 142 852 157
107 837 142 852 157
108 832 141 847 156
109 827 140 842 155
110 824 140 839 155
111 823 140 838 155
112 824 141 839 156
113 829 142 844 157
114 836 143 851 158
115 840 143 855 158
116 842 143 857 158
117 842 143 857 158
118 840 142 855 157
119 837 142 852 157
120 835 142 850 157
121 834 141 849 156
122 834 141 849 156
123 834 141 849 156
124 835 141 850 156
125 835 141 850 156
126 835 141 850 156
127 834 141 849 156
128 835 141 850 156
129 834 142 849 157
130 831 142 846 157
131 829 142 844 157
132 827 142 842 157
133 826 142 841 157
134 827 142 842 157
135 829 142 844 157
136 831 142 846 157
137 833 142 848 157
138 835 142 850 157
139 835 141 850 156
140 834 141 849 156
141 833 141 848 156
142 833 141 848 156
143 833 141 848 156
144 833 141 848 156
145 834 141 849 156
146 834 141 849 156
147 835 141 850 156
148 835 141 850 156
149 835 140 850 155
150 836 140 851 155
151 836 141 851 156
152 837 142 852 157
153 839 143 854 158
154 841 143 856 158
155 841 143 856 158
156 840 142 855 157
157 838 142 853 157
158 836 141 851 156
159 835 141 850 156
160 834 141 849 156
161 835 142 850 157
162 838 142 853 157
163 839 142 854 157
164 839 142 854 157
165 839 142 854 157
166 839 142 854 157
167 839 141 854 156
168 840 140 855 155
169 841 140 856 155
170 841 141 856 156
171 840 141 855 156
172 839 141 854 156
173 838 141 853 156
174 836 141 851 156
175 835 141 850 156
176 835 141 850 156
177 834 141 849 156
178 833 141 848 156
179 833 141 848 156
180 833 141 848 156
181 833 141 848 156
182 832 141 847 156
183 831 141 846 156
184 831 142 846 157
185 832 142 847 157
186 833 142 848 157
187 834 142 849 157
188 834 141 849 156
189 834 141 849 156
190 835 141 850 156
191 836 141 851 156
192 837 141 852 156
193 838 141 853 156
194 838 141 853 156
195 837 141 852 156
196 835 141 850 156
197 834 141 849 156
198 833 141 848 156
199 832 141 847 156
200 831 142 846 157
201 830 142 845 157
202 830 141 845 156
203 831 141 846 156
204 832 141 847 156
205 833 141 848 156
206 834 142 849 157
207 834 142 849 157
208 833 142 848 157
