211 -1 -1 -1 -1
0 775 473 793 492
1 775 474 792 492
2 775 474 792 492
3 776 473 793 491
4 775 473 792 491
5 775 473 792 491
6 776 474 793 492
7 775 474 792 492
8 775 473 792 491
9 776 474 793 492
10 775 473 792 491
11 775 473 792 491
12 775 474 792 492
13 776 473 793 491
14 776 474 793 492
15 776 474 793 492
16 775 473 792 491
17 775 473 792 491
18 776 473 793 491
19 775 474 792 492
20 775 474 792 492
21 775 474 792 492
22 775 474 792 492
23 775 473 792 491
24 775 474 792 492
25 775 474 792 492
26 776 473 793 491
27 776 473 793 491
28 776 474 793 492
29 775 474 792 492
30 775 474 792 492
31 776 474 793 492
32 775 474 792 492
33 776 474 793 492
34 776 474 793 492
35 775 474 792 492
36 777 474 794 492
37 775 474 792 492
38 776 473 793 491
39 775 474 792 492
40 775 474 792 492
41 776 475 793 493
42 777 472 794 490
43 780 467 797 485
44 788 457 805 475
45 800 443 817 461
46 820 436 837 454
47 860 438 877 456
48 903 440 920 458
49 926 440 943 458
50 931 440 948 458
51 926 441 943 459
52 922 442 939 460
53 922 444 939 462
54 923 445 940 463
55 924 444 941 462
56 924 443 941 461
57 926 442 943 460
58 927 442 944 460
59 926 442 943 460
60 926 441 943 459
61 926 441 943 459
62 925 441 942 459
63 922 442 939 460
64 920 442 937 460
65 922 442 939 460
66 924 441 941 459
67 925 441 942 459
68 923 441 940 459
69 922 441 939 459
70 919 441 936 459
71 915 441 932 459
72 904 443 921 461
73 894 445 911 463
74 888 446 905 464
75 890 446 907 464
76 896 446 913 464
77 903 445 920 463
78 911 442 928 460
79 916 440 933 458
80 919 439 936 457
81 920 438 937 456
82 920 438 937 456
83 921 434 938 452
84 921 429 938 447
85 917 425 934 443
86 912 424 929 442
87 906 423 923 441
88 901 422 918 440
89 896 422 913 440
90 892 422 909 440
91 888 423 905 441
92 853 445 870 463
93 852 450 869 468
94 853 449 870 467
95 863 447 880 465
96 870 447 887 465
97 870 447 887 465
98 875 446 892 464
99 881 446 898 464
100 882 446 899 464
101 891 445 908 463
102 897 444 914 462
103 898 444 915 462
104 902 443 919 461
105 907 442 924 460
106 908 442 925 460
107 902 443 919 461
108 898 443 915 461
109 898 443 915 461
110 894 442 911 460
111 891 442 908 460
112 890 441 907 459
113 884 441 901 459
114 879 441 896 459
115 880 441 897 459
116 878 440 895 458
117 873 440 890 458
118 873 440 890 458
119 867 440 884 458
120 864 440 881 458
121 864 440 881 458
122 862 439 879 457
123 859 439 876 457
124 858 439 875 457
125 852 439 869 457
126 848 438 865 456
127 848 438 865 456
128 846 438 863 456
129 844 439 861 457
130 843 438 860 456
131 838 438 855 456
132 835 438 852 456
133 835 438 852 456
134 832 437 849 455
135 830 437 847 455
136 830 437 847 455
137 826 438 843 456
138 822 436 839 454
139 821 436 838 454
140 820 436 837 454
141 818 437 835 455
142 817 437 834 455
143 814 430 831 448
144 810 420 827 438
145 805 412 822 430
146 800 413 817 431
147 807 435 824 453
148 807 437 824 455
149 802 436 819 454
150 800 435 817 453
151 799 435 816 453
152 798 435 815 453
153 796 435 813 453
154 795 435 812 453
155 791 434 808 452
156 790 434 807 452
157 790 434 807 452
158 789 434 806 452
159 788 434 805 452
160 788 433 805 451
161 785 434 802 452
162 782 434 799 452
163 782 434 799 452
164 781 434 798 452
165 780 434 797 452
166 780 434 797 452
167 778 434 795 452
168 776 434 793 452
169 775 434 792 452
170 774 434 791 452
171 773 434 790 452
172 773 434 790 452
173 771 434 788 452
174 769 434 786 452
175 769 434 786 452
176 769 434 786 452
177 767 433 784 451
178 767 434 784 452
179 765 434 782 452
180 763 434 780 452
181 763 433 780 451
182 763 433 780 451
183 761 433 778 451
184 761 433 778 451
185 761 432 778 450
186 760 431 777 449
187 759 431 776 449
188 758 431 775 449
189 759 431 776 449
190 759 431 776 449
191 759 431 776 449
192 758 431 775 449
193 757 431 774 449
194 756 431 773 449
195 757 431 774 449
196 756 431 773 449
197 755 431 772 449
198 755 432 772 450
199 756 432 773 450
200 754 432 771 450
201 754 432 771 450
202 753 432 770 450
203 754 432 771 450
204 754 432 771 450
205 753 432 770 450
206 753 432 770 450
207 753 432 770 450
208 753 432 770 450
209 753 432 770 450
