211 -1 -1 -1 -1
0 640 496 658 514
1 640 496 657 513
2 640 496 657 513
3 640 496 657 513
4 640 496 657 513
5 640 496 657 513
6 640 496 657 513
7 640 496 657 513
8 640 496 657 513
9 640 496 657 513
10 640 496 657 513
11 640 496 657 513
12 640 496 657 513
13 640 496 657 513
14 640 496 657 513
15 640 496 657 513
16 640 496 657 513
17 640 496 657 513
18 640 496 657 513
19 640 496 657 513
20 640 496 657 513
21 640 496 657 513
22 640 496 657 513
23 640 496 657 513
24 640 496 657 513
25 641 496 658 513
26 640 496 657 513
27 640 496 657 513
28 641 497 658 514
29 640 496 657 513
30 641 496 658 513
31 640 496 657 513
32 640 496 657 513
33 640 496 657 513
34 640 496 657 513
35 640 496 657 513
36 640 496 657 513
37 640 496 657 513
38 640 496 657 513
39 640 496 657 513
40 640 496 657 513
41 641 496 658 513
42 643 494 660 511
43 642 488 659 505
44 638 481 655 498
45 629 477 646 494
46 621 475 638 492
47 614 475 631 492
48 613 476 630 493
49 615 476 632 493
50 618 477 635 494
51 621 478 638 495
52 625 478 642 495
53 629 477 646 494
54 634 477 651 494
55 639 476 656 493
56 642 475 659 492
57 645 473 662 490
58 647 472 664 489
59 646 470 663 487
60 643 467 660 484
61 638 466 655 483
62 631 467 648 484
63 624 470 641 487
64 618 473 635 490
65 615 474 632 491
66 613 473 630 490
67 614 473 631 490
68 617 472 634 489
69 620 472 637 489
70 622 471 639 488
71 624 470 641 487
72 626 468 643 485
73 625 467 642 484
74 624 467 641 484
75 622 469 639 486
76 620 470 637 487
77 617 471 634 488
78 614 471 631 488
79 612 471 629 488
80 611 471 628 488
81 611 472 628 489
82 612 472 629 489
83 613 473 630 490
84 613 474 630 491
85 612 474 629 491
86 612 473 629 490
87 613 472 630 489
88 614 472 631 489
89 615 472 632 489
90 615 472 632 489
91 615 472 632 489
92 614 472 631 489
93 614 472 631 489
94 615 472 632 489
95 614 472 631 489
96 613 472 630 489
97 612 473 629 490
98 611 473 628 490
99 612 473 629 490
100 614 473 631 490
101 615 472 632 489
102 615 472 632 489
103 615 472 632 489
104 615 472 632 489
105 615 472 632 489
106 614 472 631 489
107 613 472 630 489
108 613 472 630 489
109 614 472 631 489
110 616 472 633 489
111 618 472 635 489
112 618 472 635 489
113 616 472 633 489
114 614 472 631 489
115 612 472 629 489
116 612 472 629 489
117 612 472 629 489
118 614 472 631 489
119 615 472 632 489
120 615 473 632 490
121 615 473 632 490
122 613 473 630 490
123 611 473 628 490
124 611 473 628 490
125 611 473 628 490
126 611 473 628 490
127 613 472 630 489
128 613 472 630 489
129 615 472 632 489
130 616 473 633 490
131 616 473 633 490
132 616 473 633 490
133 614 473 631 490
134 613 473 630 490
135 612 472 629 489
136 611 472 628 489
137 611 472 628 489
138 613 472 630 489
139 615 472 632 489
140 616 472 633 489
141 615 472 632 489
142 614 472 631 489
143 613 472 630 489
144 612 472 629 489
145 612 473 629 490
146 613 473 630 490
147 614 473 631 490
148 614 473 631 490
149 614 472 631 489
150 614 471 631 488
151 614 471 631 488
152 613 472 630 489
153 611 473 628 490
154 610 473 627 490
155 612 473 629 490
156 616 474 633 491
157 622 477 639 494
158 631 486 648 503
159 634 510 651 527
160 639 532 656 549
161 641 555 658 572
162 642 584 659 601
163 640 611 657 628
164 637 634 654 651
165 632 649 649 666
166 626 656 643 673
167 621 654 638 671
168 615 646 632 663
169 608 631 625 648
170 596 611 613 628
171 552 575 569 592
172 496 544 513 561
173 429 507 446 524
174 371 476 388 493
175 337 458 354 475
176 336 459 353 476
177 379 490 396 507
178 410 520 427 537
179 398 525 415 542
180 359 508 376 525
181 327 496 344 513
182 313 489 330 506
183 333 488 350 505
184 339 492 356 509
185 329 503 346 520
186 318 517 335 534
187 318 527 335 544
188 320 543 337 560
189 319 558 336 575
190 320 562 337 579
191 315 577 332 594
192 314 586 331 603
193 316 587 333 604
194 311 585 328 602
195 305 583 322 600
196 303 582 320 599
197 304 581 321 598
198 305 582 322 599
199 305 582 322 599
200 305 582 322 599
201 305 582 322 599
202 305 582 322 599
203 305 582 322 599
204 305 582 322 599
205 305 582 322 599
206 305 582 322 599
207 305 582 322 599
208 305 582 322 599
209 304 582 321 599
