210 -1 -1 -1 -1
0 479 517 499 539
1 479 517 498 538
2 480 517 499 538
3 479 517 498 538
4 479 517 498 538
5 480 517 499 538
6 479 517 498 538
7 480 517 499 538
8 480 517 499 538
9 480 517 499 538
10 480 517 499 538
11 480 517 499 538
12 479 517 498 538
13 481 520 500 541
14 484 522 503 543
15 493 522 512 543
16 485 519 504 540
17 435 515 454 536
18 406 512 425 533
19 395 511 414 532
20 404 513 423 534
21 421 515 440 536
22 431 516 450 537
23 431 516 450 537
24 426 516 445 537
25 423 516 442 537
26 422 516 441 537
27 422 516 441 537
28 422 516 441 537
29 424 516 443 537
30 425 516 444 537
31 425 516 444 537
32 425 516 444 537
33 425 516 444 537
34 425 516 444 537
35 424 516 443 537
36 424 516 443 537
37 424 516 443 537
38 424 517 443 538
39 424 517 443 538
40 424 517 443 538
41 424 517 443 538
42 424 516 443 537
43 425 516 444 537
44 425 516 444 537
45 425 516 444 537
46 425 516 444 537
47 425 516 444 537
48 425 516 444 537
49 424 516 443 537
50 424 516 443 537
51 424 516 443 537
52 424 516 443 537
53 424 517 443 538
54 424 517 443 538
55 424 517 443 538
56 424 517 443 538
57 424 517 443 538
58 424 516 443 537
59 424 516 443 537
60 425 515 444 536
61 423 514 442 535
62 419 514 438 535
63 418 514 437 535
64 416 513 435 534
65 410 511 429 532
66 406 510 425 531
67 398 506 417 527
68 385 499 404 520
69 375 492 394 513
70 371 484 390 505
71 365 477 384 498
72 361 474 380 495
73 350 465 369 486
74 338 452 357 473
75 332 443 351 464
76 333 434 352 455
77 340 422 359 443
78 346 412 365 433
79 350 403 369 424
80 352 394 371 415
81 351 384 370 405
82 350 373 369 394
83 350 361 369 382
84 353 346 372 367
85 357 330 376 351
86 361 315 380 336
87 364 304 383 325
88 366 300 385 321
89 366 302 385 323
90 364 308 383 329
91 362 317 381 338
92 360 325 379 346
93 359 330 378 351
94 359 332 378 353
95 360 330 379 351
96 361 325 380 346
97 362 320 381 341
98 363 317 382 338
99 364 316 383 337
100 364 317 383 338
101 363 318 382 339
102 362 319 381 340
103 361 321 380 342
104 361 322 380 343
105 362 321 381 342
106 362 319 381 340
107 362 318 381 339
108 362 319 381 340
109 362 319 381 340
110 362 320 381 341
111 362 320 381 341
112 362 320 381 341
113 362 320 381 341
114 362 319 381 340
115 362 319 381 340
116 362 320 381 341
117 362 322 381 343
118 361 323 380 344
119 361 323 380 344
120 361 322 380 343
121 361 321 380 342
122 361 320 380 341
123 361 318 380 339
124 361 318 380 339
125 361 318 380 339
126 362 319 381 340
127 362 319 381 340
128 362 319 381 340
129 362 319 381 340
130 361 319 380 340
131 361 319 380 340
132 361 319 380 340
133 361 319 380 340
134 362 320 381 341
135 362 321 381 342
136 362 322 381 343
137 361 322 380 343
138 361 322 380 343
139 361 323 380 344
140 361 324 380 345
141 362 324 381 345
142 362 324 381 345
143 362 322 381 343
144 362 320 381 341
145 362 318 381 339
146 361 317 380 338
147 361 318 380 339
148 361 319 380 340
149 361 319 380 340
150 361 318 380 339
151 362 317 381 338
152 362 317 381 338
153 362 317 381 338
154 362 317 381 338
155 362 317 381 338
156 362 317 381 338
157 362 317 381 338
158 362 318 381 339
159 362 318 381 339
160 362 318 381 339
161 361 318 380 339
162 361 318 380 339
163 361 317 380 338
164 362 316 381 337
165 363 316 382 337
166 363 316 382 337
167 363 317 382 338
168 362 317 381 338
169 362 316 381 337
170 361 316 380 337
171 361 316 380 337
172 361 316 380 337
173 362 315 381 336
174 363 315 382 336
175 363 316 382 337
176 363 316 382 337
177 362 316 381 337
178 362 316 381 337
179 362 316 381 337
180 362 317 381 338
181 362 318 381 339
182 362 319 381 340
183 362 319 381 340
184 362 320 381 341
185 362 320 381 341
186 362 319 381 340
187 361 318 380 339
188 361 317 380 338
189 361 317 380 338
190 362 317 381 338
191 363 317 382 338
192 363 318 382 339
193 363 318 382 339
194 363 318 382 339
195 362 319 381 340
196 362 319 381 340
197 362 319 381 340
198 362 319 381 340
199 362 319 381 340
200 363 318 382 339
201 363 318 382 339
202 363 318 382 339
203 363 318 382 339
204 362 318 381 339
205 362 317 381 338
206 362 316 381 337
207 362 316 381 337
208 362 317 381 338
