210 -1 -1 -1 -1
0 632 522 648 542
1 632 522 647 541
2 632 522 647 541
3 633 522 648 541
4 632 522 647 541
5 633 522 648 541
6 632 522 647 541
7 633 522 648 541
8 632 522 647 541
9 632 522 647 541
10 632 522 647 541
11 632 522 647 541
12 632 522 647 541
13 633 522 648 541
14 632 522 647 541
15 632 522 647 541
16 632 522 647 541
17 632 522 647 541
18 632 522 647 541
19 645 528 660 547
20 670 532 685 551
21 675 532 690 551
22 687 534 702 553
23 704 537 719 556
24 707 538 722 557
25 731 542 746 561
26 754 545 769 564
27 757 545 772 564
28 768 548 783 567
29 785 550 800 569
30 787 549 802 568
31 812 552 827 571
32 833 558 848 577
33 837 560 852 579
34 849 560 864 579
35 866 562 881 581
36 869 564 884 583
37 895 568 910 587
38 915 570 930 589
39 921 571 936 590
40 932 573 947 592
41 945 576 960 595
42 950 577 965 596
43 949 577 964 596
44 947 576 962 595
45 946 576 961 595
46 942 575 957 594
47 937 573 952 592
48 936 573 951 592
49 930 573 945 592
50 929 574 944 593
51 934 575 949 594
52 939 576 954 595
53 946 577 961 596
54 954 578 969 597
55 954 579 969 598
56 951 578 966 597
57 946 578 961 597
58 931 575 946 594
59 919 573 934 592
60 911 572 926 591
61 894 569 909 588
62 888 569 903 588
63 889 568 904 587
64 886 568 901 587
65 883 568 898 587
66 883 568 898 587
67 878 567 893 586
68 875 567 890 586
69 874 567 889 586
70 872 567 887 586
71 869 567 884 586
72 869 567 884 586
73 864 567 879 586
74 861 566 876 585
75 861 566 876 585
76 859 565 874 584
77 856 565 871 584
78 856 566 871 585
79 852 564 867 583
80 850 564 865 583
81 850 564 865 583
82 847 563 862 582
83 845 562 860 581
84 845 562 860 581
85 841 562 856 581
86 838 562 853 581
87 838 562 853 581
88 837 563 852 582
89 835 563 850 582
90 834 563 849 582
91 831 562 846 581
92 829 562 844 581
93 829 562 844 581
94 827 561 842 580
95 825 560 840 579
96 825 560 840 579
97 822 560 837 579
98 820 560 835 579
99 821 561 836 580
100 819 559 834 578
101 817 559 832 578
102 817 560 832 579
103 816 559 831 578
104 814 559 829 578
105 814 559 829 578
106 813 558 828 577
107 811 557 826 576
108 810 557 825 576
109 808 557 823 576
110 807 557 822 576
111 807 557 822 576
112 807 557 822 576
113 805 557 820 576
114 805 557 820 576
115 803 557 818 576
116 801 557 816 576
117 801 556 816 575
118 801 557 816 576
119 800 557 815 576
120 800 557 815 576
121 797 556 812 575
122 797 556 812 575
123 797 556 812 575
124 797 556 812 575
125 796 556 811 575
126 795 556 810 575
127 794 555 809 574
128 794 555 809 574
129 794 556 809 575
130 794 556 809 575
131 794 555 809 574
132 794 555 809 574
133 792 555 807 574
134 792 555 807 574
135 792 555 807 574
136 792 555 807 574
137 792 554 807 573
138 792 554 807 573
139 792 555 807 574
140 792 555 807 574
141 792 555 807 574
142 792 555 807 574
143 792 556 807 575
144 792 555 807 574
145 792 555 807 574
146 792 555 807 574
147 792 555 807 574
148 792 555 807 574
149 792 555 807 574
150 792 555 807 574
151 792 555 807 574
152 792 555 807 574
153 792 555 807 574
154 792 555 807 574
155 792 555 807 574
156 792 555 807 574
157 792 555 807 574
158 792 555 807 574
159 793 555 808 574
160 792 555 807 574
161 792 555 807 574
162 792 555 807 574
163 792 555 807 574
164 792 555 807 574
165 792 555 807 574
166 792 555 807 574
167 792 555 807 574
168 792 555 807 574
169 792 555 807 574
170 792 555 807 574
171 792 555 807 574
172 792 555 807 574
173 792 555 807 574
174 792 555 807 574
175 792 555 807 574
176 792 555 807 574
177 792 555 807 574
178 792 555 807 574
179 792 555 807 574
180 792 555 807 574
181 792 555 807 574
182 792 555 807 574
183 792 555 807 574
184 792 554 807 573
185 792 554 807 573
186 792 554 807 573
187 793 555 808 574
188 792 555 807 574
189 792 555 807 574
190 792 555 807 574
191 792 555 807 574
192 792 555 807 574
193 792 555 807 574
194 792 555 807 574
195 792 555 807 574
196 792 554 807 573
197 792 555 807 574
198 793 555 808 574
199 793 555 808 574
200 792 555 807 574
201 792 555 807 574
202 792 555 807 574
203 792 555 807 574
204 792 556 807 575
205 792 556 807 575
206 792 555 807 574
207 792 556 807 575
208 792 556 807 575
