302 -1 -1 -1 -1
0 650 140 666 158
1 651 140 666 157
2 651 140 666 157
3 651 140 666 157
4 652 141 667 158
5 652 141 667 158
6 651 140 666 157
7 651 140 666 157
8 651 141 666 158
9 652 141 667 158
10 652 140 667 157
11 651 141 666 158
12 650 141 665 158
13 650 141 665 158
14 651 141 666 158
15 651 140 666 157
16 651 140 666 157
17 651 140 666 157
18 651 141 666 158
19 652 140 667 157
20 651 141 666 158
21 652 141 667 158
22 652 141 667 158
23 651 141 666 158
24 651 141 666 158
25 651 141 666 158
26 651 141 666 158
27 652 141 667 158
28 651 141 666 158
29 651 141 666 158
30 652 141 667 158
31 652 141 667 158
32 652 141 667 158
33 652 141 667 158
34 651 141 666 158
35 652 141 667 158
36 651 141 666 158
37 651 141 666 158
38 651 141 666 158
39 652 141 667 158
40 651 141 666 158
41 651 141 666 158
42 651 141 666 158
43 652 141 667 158
44 651 141 666 158
45 651 141 666 158
46 651 141 666 158
47 651 141 666 158
48 651 141 666 158
49 651 141 666 158
50 651 141 666 158
51 651 141 666 158
52 651 141 666 158
53 652 141 667 158
54 652 141 667 158
55 651 141 666 158
56 651 141 666 158
57 651 141 666 158
58 651 141 666 158
59 650 141 665 158
60 650 141 665 158
61 650 141 665 158
62 650 141 665 158
63 650 141 665 158
64 650 141 665 158
65 650 141 665 158
66 650 141 665 158
67 650 141 665 158
68 651 141 666 158
69 650 141 665 158
70 650 141 665 158
71 650 141 665 158
72 651 141 666 158
73 650 140 665 157
74 650 141 665 158
75 650 141 665 158
76 650 141 665 158
77 650 141 665 158
78 650 140 665 157
79 650 141 665 158
80 650 141 665 158
81 650 141 665 158
82 650 140 665 157
83 650 141 665 158
84 650 141 665 158
85 650 141 665 158
86 650 141 665 158
87 650 141 665 158
88 649 140 664 157
89 649 141 664 158
90 649 141 664 158
91 650 141 665 158
92 649 141 664 158
93 649 141 664 158
94 650 141 665 158
95 649 141 664 158
96 649 141 664 158
97 649 141 664 158
98 649 141 664 158
99 649 141 664 158
100 649 141 664 158
101 649 141 664 158
102 649 141 664 158
103 648 143 663 160
104 644 147 659 164
105 643 147 658 164
106 643 149 658 166
107 642 154 657 171
108 641 157 656 174
109 641 155 656 172
110 645 147 660 164
111 650 140 665 157
112 653 137 668 154
113 653 137 668 154
114 651 138 666 155
115 650 138 665 155
116 650 138 665 155
117 650 138 665 155
118 650 138 665 155
119 650 138 665 155
120 650 138 665 155
121 650 138 665 155
122 650 138 665 155
123 650 138 665 155
124 650 138 665 155
125 650 138 665 155
126 650 138 665 155
127 650 138 665 155
128 651 138 666 155
129 651 138 666 155
130 650 138 665 155
131 650 138 665 155
132 650 139 665 156
133 651 139 666 156
134 652 139 667 156
135 653 139 668 156
136 654 139 669 156
137 653 138 668 155
138 653 138 668 155
139 653 139 668 156
140 654 139 669 156
141 654 139 669 156
142 654 139 669 156
143 655 139 670 156
144 655 139 670 156
145 655 139 670 156
146 655 139 670 156
147 654 139 669 156
148 653 139 668 156
149 652 139 667 156
150 653 139 668 156
151 653 139 668 156
152 653 139 668 156
153 653 139 668 156
154 653 139 668 156
155 653 139 668 156
156 652 139 667 156
157 652 139 667 156
158 653 139 668 156
159 654 139 669 156
160 654 139 669 156
161 654 139 669 156
162 653 139 668 156
163 652 140 667 157
164 652 140 667 157
165 653 140 668 157
166 655 140 670 157
167 655 140 670 157
168 655 140 670 157
169 656 140 671 157
170 658 140 673 157
171 659 140 674 157
172 662 140 677 157
173 666 140 681 157
174 667 140 682 157
175 672 141 687 158
176 679 141 694 158
177 684 140 699 157
178 688 140 703 157
179 694 141 709 158
180 695 141 710 158
181 705 140 720 157
182 716 141 731 158
183 718 141 733 158
184 720 142 735 159
185 724 141 739 158
186 725 141 740 158
187 731 141 746 158
188 737 141 752 158
189 738 141 753 158
190 740 140 755 157
191 743 140 758 157
192 743 140 758 157
193 744 140 759 157
194 746 140 761 157
195 746 140 761 157
196 745 140 760 157
197 745 140 760 157
198 746 140 761 157
199 745 140 760 157
200 746 140 761 157
201 747 140 762 157
202 747 140 762 157
203 747 140 762 157
204 746 141 761 158
205 747 140 762 157
206 747 140 762 157
207 747 140 762 157
208 747 141 762 158
209 746 141 761 158
210 745 141 760 158
211 745 141 760 158
212 745 140 760 157
213 745 141 760 158
214 745 141 760 158
215 747 140 762 157
216 747 140 762 157
217 750 140 765 157
218 754 140 769 157
219 755 140 770 157
220 757 140 772 157
221 759 140 774 157
222 759 140 774 157
223 761 139 776 156
224 765 139 780 156
225 766 139 781 156
226 766 140 781 157
227 765 139 780 156
228 766 139 781 156
229 768 139 783 156
230 769 139 784 156
231 768 139 783 156
232 769 139 784 156
233 770 139 785 156
234 769 139 784 156
235 771 140 786 157
236 776 139 791 156
237 779 138 794 155
238 784 138 799 155
239 788 138 803 155
240 791 138 806 155
241 793 138 808 155
242 795 138 810 155
243 797 139 812 156
244 800 139 815 156
245 801 139 816 156
246 800 138 815 155
247 802 138 817 155
248 806 139 821 156
249 811 139 826 156
250 816 138 831 155
251 822 138 837 155
252 826 139 841 156
253 828 140 843 157
254 831 140 846 157
255 832 140 847 157
256 833 140 848 157
257 832 140 847 157
258 826 140 841 157
259 819 140 834 157
260 812 139 827 156
261 805 138 820 155
262 799 137 814 154
263 795 138 810 155
264 791 138 806 155
265 789 137 804 154
266 790 137 805 154
267 791 137 806 154
268 792 138 807 155
269 796 138 811 155
270 802 138 817 155
271 810 139 825 156
272 820 139 835 156
273 828 140 843 157
274 833 141 848 158
275 837 141 852 158
276 837 141 852 158
277 835 140 850 157
278 833 140 848 157
279 832 139 847 156
280 832 139 847 156
281 833 140 848 157
282 833 141 848 158
283 834 140 849 157
284 835 140 850 157
285 837 140 852 157
286 838 140 853 157
287 840 141 855 158
288 842 141 857 158
289 843 141 858 158
290 843 141 858 158
291 842 141 857 158
292 843 141 858 158
293 843 141 858 158
294 843 141 858 158
295 842 141 857 158
296 840 141 855 158
297 839 141 854 158
298 839 141 854 158
299 837 141 852 158
300 833 140 848 157
