302 -1 -1 -1 -1
0 509 406 528 427
1 509 406 527 426
2 509 407 527 427
3 509 407 527 427
4 509 407 527 427
5 510 407 528 427
6 510 407 528 427
7 510 407 528 427
8 510 407 528 427
9 510 406 528 426
10 510 407 528 427
11 510 407 528 427
12 510 407 528 427
13 510 407 528 427
14 510 406 528 426
15 510 406 528 426
16 509 406 527 426
17 510 407 528 427
18 510 407 528 427
19 510 407 528 427
20 510 407 528 427
21 510 407 528 427
22 510 407 528 427
23 510 407 528 427
24 510 407 528 427
25 509 407 527 427
26 509 407 527 427
27 509 407 527 427
28 510 407 528 427
29 510 407 528 427
30 510 407 528 427
31 510 407 528 427
32 510 407 528 427
33 510 407 528 427
34 510 407 528 427
35 510 407 528 427
36 510 407 528 427
37 510 407 528 427
38 510 406 528 426
39 510 406 528 426
40 510 407 528 427
41 510 407 528 427
42 509 406 527 426
43 509 406 527 426
44 510 406 528 426
45 510 406 528 426
46 510 406 528 426
47 510 406 528 426
48 510 406 528 426
49 510 407 528 427
50 510 407 528 427
51 510 407 528 427
52 510 407 528 427
53 509 407 527 427
54 509 407 527 427
55 509 407 527 427
56 509 407 527 427
57 510 406 528 426
58 510 406 528 426
59 510 406 528 426
60 510 406 528 426
61 509 406 527 426
62 509 407 527 427
63 509 407 527 427
64 509 407 527 427
65 509 407 527 427
66 509 407 527 427
67 509 407 527 427
68 510 407 528 427
69 510 407 528 427
70 509 407 527 427
71 509 407 527 427
72 509 407 527 427
73 509 407 527 427
74 509 407 527 427
75 510 407 528 427
76 510 407 528 427
77 509 407 527 427
78 509 407 527 427
79 509 407 527 427
80 509 407 527 427
81 509 407 527 427
82 509 407 527 427
83 509 407 527 427
84 509 407 527 427
85 509 407 527 427
86 509 407 527 427
87 509 406 527 426
88 509 406 527 426
89 509 407 527 427
90 509 407 527 427
91 509 407 527 427
92 510 407 528 427
93 510 407 528 427
94 510 407 528 427
95 509 407 527 427
96 509 407 527 427
97 509 407 527 427
98 509 407 527 427
99 509 407 527 427
100 510 407 528 427
101 509 407 527 427
102 509 407 527 427
103 509 407 527 427
104 509 407 527 427
105 509 407 527 427
106 509 407 527 427
107 509 407 527 427
108 509 407 527 427
109 509 407 527 427
110 509 407 527 427
111 509 407 527 427
112 509 407 527 427
113 510 407 528 427
114 510 407 528 427
115 509 407 527 427
116 509 407 527 427
117 509 406 527 426
118 509 407 527 427
119 509 407 527 427
120 509 407 527 427
121 509 407 527 427
122 509 407 527 427
123 510 407 528 427
124 510 407 528 427
125 510 407 528 427
126 510 407 528 427
127 510 407 528 427
128 509 407 527 427
129 509 408 527 428
130 510 408 528 428
131 510 407 528 427
132 510 407 528 427
133 510 407 528 427
134 510 407 528 427
135 509 407 527 427
136 509 407 527 427
137 509 407 527 427
138 509 407 527 427
139 510 407 528 427
140 509 407 527 427
141 509 407 527 427
142 509 407 527 427
143 510 406 528 426
144 510 406 528 426
145 510 408 528 428
146 508 413 526 433
147 506 417 524 437
148 504 421 522 441
149 501 427 519 447
150 500 432 518 452
151 497 440 515 460
152 493 451 511 471
153 491 458 509 478
154 489 462 507 482
155 488 466 506 486
156 488 468 506 488
157 485 475 503 495
158 481 483 499 503
159 479 487 497 507
160 477 492 495 512
161 475 496 493 516
162 474 498 492 518
163 471 506 489 526
164 467 515 485 535
165 466 519 484 539
166 465 522 483 542
167 462 527 480 547
168 460 531 478 551
169 457 539 475 559
170 454 548 472 568
171 452 553 470 573
172 450 557 468 577
173 449 562 467 582
174 449 565 467 585
175 447 569 465 589
176 444 572 462 592
177 441 573 459 593
178 441 570 459 590
179 441 565 459 585
180 441 562 459 582
181 441 557 459 577
182 440 551 458 571
183 440 548 458 568
184 439 547 457 567
185 439 545 457 565
186 438 543 456 563
187 438 537 456 557
188 437 531 455 551
189 436 528 454 548
190 435 527 453 547
191 434 525 452 545
192 434 523 452 543
193 434 518 452 538
194 434 512 452 532
195 434 508 452 528
196 434 505 452 525
197 434 502 452 522
198 434 500 452 520
199 434 496 452 516
200 432 492 450 512
201 431 491 449 511
202 430 491 448 511
203 429 491 447 511
204 428 492 446 512
205 424 492 442 512
206 419 492 437 512
207 416 492 434 512
208 414 492 432 512
209 411 492 429 512
210 410 492 428 512
211 407 492 425 512
212 404 492 422 512
213 401 492 419 512
214 399 492 417 512
215 396 492 414 512
216 395 492 413 512
217 393 491 411 511
218 390 491 408 511
219 388 491 406 511
220 387 491 405 511
221 385 492 403 512
222 384 492 402 512
223 381 491 399 511
224 378 491 396 511
225 376 491 394 511
226 375 491 393 511
227 374 492 392 512
228 373 492 391 512
229 371 492 389 512
230 368 492 386 512
231 367 492 385 512
232 366 492 384 512
233 364 492 382 512
234 363 492 381 512
235 361 491 379 511
236 358 491 376 511
237 357 491 375 511
238 356 491 374 511
239 355 492 373 512
240 355 492 373 512
241 354 492 372 512
242 351 492 369 512
243 349 491 367 511
244 348 491 366 511
245 347 491 365 511
246 346 491 364 511
247 345 491 363 511
248 345 491 363 511
249 345 491 363 511
250 346 491 364 511
251 347 491 365 511
252 348 491 366 511
253 349 491 367 511
254 349 490 367 510
255 349 490 367 510
256 349 490 367 510
257 349 491 367 511
258 350 491 368 511
259 351 491 369 511
260 351 491 369 511
261 351 491 369 511
262 351 491 369 511
263 351 491 369 511
264 351 491 369 511
265 352 491 370 511
266 353 491 371 511
267 353 491 371 511
268 352 491 370 511
269 352 491 370 511
270 353 491 371 511
271 354 491 372 511
272 355 491 373 511
273 355 491 373 511
274 354 491 372 511
275 353 491 371 511
276 353 491 371 511
277 354 491 372 511
278 355 491 373 511
279 355 491 373 511
280 354 491 372 511
281 354 491 372 511
282 354 491 372 511
283 354 492 372 512
284 354 492 372 512
285 354 492 372 512
286 354 491 372 511
287 354 491 372 511
288 354 491 372 511
289 354 491 372 511
290 354 491 372 511
291 354 491 372 511
292 354 491 372 511
293 354 491 372 511
294 354 491 372 511
295 354 491 372 511
296 354 491 372 511
297 354 491 372 511
298 354 491 372 511
299 354 492 372 512
300 355 492 373 512
