212 -1 -1 -1 -1
0 668 485 689 509
1 669 485 689 508
2 669 485 689 508
3 669 485 689 508
4 670 484 690 507
5 670 483 690 506
6 671 481 691 504
7 672 479 692 502
8 672 477 692 500
9 672 475 692 498
10 672 475 692 498
11 671 475 691 498
12 670 474 690 497
13 670 471 690 494
14 670 470 690 493
15 671 467 691 490
16 672 464 692 487
17 673 464 693 487
18 673 464 693 487
19 673 463 693 486
20 672 461 692 484
21 671 458 691 481
22 670 456 690 479
23 669 455 689 478
24 668 455 688 478
25 668 454 688 477
26 668 453 688 476
27 669 453 689 476
28 668 452 688 475
29 668 449 688 472
30 668 447 688 470
31 670 444 690 467
32 671 443 691 466
33 671 445 691 468
34 672 445 692 468
35 673 445 693 468
36 671 445 691 468
37 670 445 690 468
38 669 445 689 468
39 669 444 689 467
40 670 444 690 467
41 671 444 691 467
42 674 444 694 467
43 674 444 694 467
44 673 443 693 466
45 673 443 693 466
46 671 443 691 466
47 670 442 690 465
48 668 442 688 465
49 667 442 687 465
50 667 442 687 465
51 667 441 687 464
52 668 441 688 464
53 668 442 688 465
54 667 443 687 466
55 667 443 687 466
56 668 444 688 467
57 668 444 688 467
58 668 443 688 466
59 668 443 688 466
60 669 443 689 466
61 668 443 688 466
62 667 443 687 466
63 666 443 686 466
64 665 443 685 466
65 664 442 684 465
66 664 441 684 464
67 665 440 685 463
68 666 440 686 463
69 665 440 685 463
70 664 441 684 464
71 664 442 684 465
72 663 442 683 465
73 662 443 682 466
74 663 443 683 466
75 664 442 684 465
76 664 440 684 463
77 662 438 682 461
78 661 438 681 461
79 659 439 679 462
80 659 439 679 462
81 660 439 680 462
82 662 439 682 462
83 662 439 682 462
84 662 439 682 462
85 663 439 683 462
86 664 439 684 462
87 664 439 684 462
88 662 438 682 461
89 660 438 680 461
90 660 439 680 462
91 662 439 682 462
92 665 440 685 463
93 666 440 686 463
94 665 440 685 463
95 662 439 682 462
96 660 439 680 462
97 661 439 681 462
98 661 439 681 462
99 661 439 681 462
100 660 438 680 461
101 658 438 678 461
102 658 438 678 461
103 659 439 679 462
104 658 439 678 462
105 658 439 678 462
106 658 439 678 462
107 657 438 677 461
108 656 438 676 461
109 657 438 677 461
110 658 439 678 462
111 659 439 679 462
112 659 438 679 461
113 658 438 678 461
114 656 438 676 461
115 656 438 676 461
116 655 438 675 461
117 654 437 674 460
118 654 437 674 460
119 655 437 675 460
120 656 438 676 461
121 657 439 677 462
122 659 440 679 463
123 660 439 680 462
124 659 438 679 461
125 657 437 677 460
126 657 438 677 461
127 657 438 677 461
128 657 438 677 461
129 657 438 677 461
130 658 438 678 461
131 657 438 677 461
132 658 438 678 461
133 658 438 678 461
134 658 438 678 461
135 658 439 678 462
136 658 439 678 462
137 660 439 680 462
138 662 439 682 462
139 663 439 683 462
140 663 439 683 462
141 664 439 684 462
142 666 439 686 462
143 666 440 686 463
144 668 442 688 465
145 669 443 689 466
146 670 442 690 465
147 670 441 690 464
148 669 441 689 464
149 669 441 689 464
150 670 442 690 465
151 672 442 692 465
152 673 442 693 465
153 673 442 693 465
154 673 442 693 465
155 672 442 692 465
156 671 442 691 465
157 670 442 690 465
158 668 441 688 464
159 668 441 688 464
160 669 441 689 464
161 670 442 690 465
162 669 442 689 465
163 667 441 687 464
164 665 440 685 463
165 663 439 683 462
166 662 439 682 462
167 662 439 682 462
168 662 439 682 462
169 660 439 680 462
170 659 438 679 461
171 658 438 678 461
172 658 439 678 462
173 658 440 678 463
174 658 440 678 463
175 659 439 679 462
176 662 439 682 462
177 665 440 685 463
178 666 440 686 463
179 667 441 687 464
180 666 441 686 464
181 664 441 684 464
182 661 440 681 463
183 659 440 679 463
184 658 440 678 463
185 659 440 679 463
186 659 439 679 462
187 659 439 679 462
188 661 439 681 462
189 663 440 683 463
190 662 440 682 463
191 662 441 682 464
192 660 440 680 463
193 659 439 679 462
194 659 439 679 462
195 658 440 678 463
196 656 439 676 462
197 655 438 675 461
198 655 437 675 460
199 655 437 675 460
200 654 438 674 461
201 653 438 673 461
202 652 438 672 461
203 652 438 672 461
204 652 438 672 461
205 653 438 673 461
206 654 438 674 461
207 653 438 673 461
208 653 438 673 461
209 653 437 673 460
210 654 437 674 460
