212 -1 -1 -1 -1
0 760 436 780 458
1 761 437 780 458
2 764 437 783 458
3 766 436 785 457
4 767 436 786 457
5 768 436 787 457
6 768 436 787 457
7 767 435 786 456
8 766 436 785 457
9 766 436 785 457
10 766 436 785 457
11 766 436 785 457
12 766 435 785 456
13 766 435 785 456
14 767 435 786 456
15 767 436 786 457
16 766 436 785 457
17 765 436 784 457
18 765 436 784 457
19 765 436 784 457
20 765 436 784 457
21 766 436 785 457
22 767 436 786 457
23 768 435 787 456
24 768 435 787 456
25 769 435 788 456
26 769 435 788 456
27 768 435 787 456
28 767 436 786 457
29 767 436 786 457
30 769 435 788 456
31 770 435 789 456
32 772 434 791 455
33 773 432 792 453
34 774 431 793 452
35 774 432 793 453
36 774 432 793 453
37 774 432 793 453
38 775 432 794 453
39 775 432 794 453
40 774 432 793 453
41 773 432 792 453
42 772 432 791 453
43 772 433 791 454
44 771 434 790 455
45 770 435 789 456
46 768 436 787 457
47 766 436 785 457
48 767 436 786 457
49 768 435 787 456
50 768 435 787 456
51 766 436 785 457
52 766 436 785 457
53 766 436 785 457
54 766 436 785 457
55 766 436 785 457
56 766 435 785 456
57 766 435 785 456
58 767 435 786 456
59 767 435 786 456
60 767 435 786 456
61 767 435 786 456
62 766 436 785 457
63 765 438 784 459
64 765 437 784 458
65 766 436 785 457
66 767 435 786 456
67 768 435 787 456
68 767 435 786 456
69 764 436 783 457
70 762 437 781 458
71 766 435 785 456
72 774 430 793 451
73 790 420 809 441
74 806 409 825 430
75 822 398 841 419
76 840 385 859 406
77 856 372 875 393
78 867 364 886 385
79 870 361 889 382
80 867 363 886 384
81 863 367 882 388
82 858 372 877 393
83 853 376 872 397
84 848 379 867 400
85 843 381 862 402
86 839 383 858 404
87 837 385 856 406
88 837 385 856 406
89 840 384 859 405
90 843 382 862 403
91 847 380 866 401
92 851 377 870 398
93 855 374 874 395
94 858 372 877 393
95 861 370 880 391
96 863 369 882 390
97 863 369 882 390
98 863 370 882 391
99 863 371 882 392
100 860 374 879 395
101 856 377 875 398
102 852 380 871 401
103 848 382 867 403
104 840 383 859 404
105 833 384 852 405
106 831 382 850 403
107 834 380 853 401
108 840 378 859 399
109 851 377 870 398
110 866 375 885 396
111 883 373 902 394
112 896 372 915 393
113 903 373 922 394
114 906 374 925 395
115 905 374 924 395
116 903 373 922 394
117 900 369 919 390
118 899 363 918 384
119 898 356 917 377
120 897 348 916 369
121 896 338 915 359
122 894 327 913 348
123 893 317 912 338
124 892 309 911 330
125 891 304 910 325
126 890 302 909 323
127 890 304 909 325
128 891 310 910 331
129 892 317 911 338
130 893 323 912 344
131 894 327 913 348
132 894 329 913 350
133 894 329 913 350
134 894 327 913 348
135 893 324 912 345
136 892 321 911 342
137 892 318 911 339
138 892 315 911 336
139 892 312 911 333
140 891 311 910 332
141 891 312 910 333
142 891 313 910 334
143 891 315 910 336
144 892 317 911 338
145 892 317 911 338
146 892 318 911 339
147 892 318 911 339
148 892 317 911 338
149 891 315 910 336
150 891 314 910 335
151 891 313 910 334
152 891 312 910 333
153 891 312 910 333
154 891 313 910 334
155 892 314 911 335
156 892 315 911 336
157 892 316 911 337
158 892 317 911 338
159 892 318 911 339
160 893 318 912 339
161 893 318 912 339
162 893 316 912 337
163 892 315 911 336
164 891 313 910 334
165 890 312 909 333
166 890 310 909 331
167 890 309 909 330
168 891 310 910 331
169 892 312 911 333
170 892 316 911 337
171 892 320 911 341
172 892 322 911 343
173 892 321 911 342
174 892 320 911 341
175 892 318 911 339
176 892 315 911 336
177 891 312 910 333
178 891 309 910 330
179 891 309 910 330
180 891 310 910 331
181 892 313 911 334
182 892 316 911 337
183 893 319 912 340
184 893 320 912 341
185 892 321 911 342
186 892 321 911 342
187 893 321 912 342
188 893 320 912 341
189 893 319 912 340
190 893 318 912 339
191 893 318 912 339
192 893 318 912 339
193 893 318 912 339
194 893 318 912 339
195 892 319 911 340
196 892 319 911 340
197 892 318 911 339
198 893 318 912 339
199 894 319 913 340
200 894 320 913 341
201 894 320 913 341
202 893 320 912 341
203 892 320 911 341
204 891 319 910 340
205 891 319 910 340
206 891 317 910 338
207 892 317 911 338
208 893 318 912 339
209 893 318 912 339
210 893 318 912 339
