331 -1 -1 -1 -1
0 523 559 545 583
1 523 560 544 583
2 523 562 544 585
3 524 565 545 588
4 526 570 547 593
5 528 577 549 600
6 530 584 551 607
7 532 590 553 613
8 533 594 554 617
9 535 596 556 619
10 536 597 557 620
11 535 596 556 619
12 534 593 555 616
13 532 589 553 612
14 530 586 551 609
15 529 583 550 606
16 528 581 549 604
17 528 580 549 603
18 528 580 549 603
19 528 579 549 602
20 529 580 550 603
21 529 582 550 605
22 529 584 550 607
23 530 584 551 607
24 529 584 550 607
25 528 583 549 606
26 527 581 548 604
27 528 580 549 603
28 528 579 549 602
29 528 579 549 602
30 529 581 550 604
31 530 583 551 606
32 530 584 551 607
33 530 584 551 607
34 530 584 551 607
35 529 583 550 606
36 529 583 550 606
37 528 581 549 604
38 527 579 548 602
39 527 577 548 600
40 528 577 549 600
41 528 577 549 600
42 527 578 548 601
43 527 579 548 602
44 528 580 549 603
45 528 580 549 603
46 528 579 549 602
47 528 578 549 601
48 528 579 549 602
49 527 578 548 601
50 526 577 547 600
51 526 577 547 600
52 527 576 548 599
53 527 576 548 599
54 528 577 549 600
55 528 578 549 601
56 528 579 549 602
57 528 580 549 603
58 528 581 549 604
59 529 582 550 605
60 529 583 550 606
61 530 584 551 607
62 531 585 552 608
63 531 585 552 608
64 531 584 552 607
65 531 581 552 604
66 531 577 552 600
67 530 573 551 596
68 530 569 551 592
69 531 563 552 586
70 534 553 555 576
71 539 544 560 567
72 544 537 565 560
73 548 533 569 556
74 551 533 572 556
75 556 534 577 557
76 563 533 584 556
77 572 533 593 556
78 582 533 603 556
79 589 533 610 556
80 594 533 615 556
81 598 535 619 558
82 604 539 625 562
83 610 542 631 565
84 615 543 636 566
85 617 542 638 565
86 618 540 639 563
87 619 540 640 563
88 621 541 642 564
89 623 543 644 566
90 624 546 645 569
91 624 550 645 573
92 623 552 644 575
93 624 552 645 575
94 626 550 647 573
95 629 547 650 570
96 631 544 652 567
97 633 540 654 563
98 633 537 654 560
99 633 536 654 559
100 634 536 655 559
101 635 537 656 560
102 636 542 657 565
103 636 548 657 571
104 636 553 657 576
105 637 555 658 578
106 640 556 661 579
107 644 556 665 579
108 648 555 669 578
109 651 554 672 577
110 653 553 674 576
111 653 552 674 575
112 652 552 673 575
113 651 552 672 575
114 650 552 671 575
115 649 553 670 576
116 647 554 668 577
117 645 554 666 577
118 642 552 663 575
119 640 548 661 571
120 639 543 660 566
121 638 539 659 562
122 638 537 659 560
123 638 538 659 561
124 638 540 659 563
125 638 541 659 564
126 637 541 658 564
127 635 540 656 563
128 634 539 655 562
129 633 539 654 562
130 631 542 652 565
131 629 545 650 568
132 627 549 648 572
133 626 553 647 576
134 625 556 646 579
135 625 557 646 580
136 626 558 647 581
137 627 558 648 581
138 628 556 649 579
139 629 553 650 576
140 631 550 652 573
141 633 548 654 571
142 633 547 654 570
143 633 546 654 569
144 632 545 653 568
145 631 545 652 568
146 629 545 650 568
147 628 545 649 568
148 628 545 649 568
149 628 545 649 568
150 628 546 649 569
151 628 547 649 570
152 628 549 649 572
153 627 552 648 575
154 626 554 647 577
155 624 555 645 578
156 623 553 644 576
157 624 550 645 573
158 625 547 646 570
159 627 544 648 567
160 628 542 649 565
161 629 541 650 564
162 628 541 649 564
163 626 543 647 566
164 623 545 644 568
165 621 548 642 571
166 619 551 640 574
167 617 554 638 577
168 616 555 637 578
169 616 555 637 578
170 616 554 637 577
171 617 552 638 575
172 619 548 640 571
173 621 545 642 568
174 622 541 643 564
175 623 537 644 560
176 623 533 644 556
177 622 530 643 553
178 621 530 642 553
179 620 531 641 554
180 619 534 640 557
181 619 536 640 559
182 619 541 640 564
183 618 546 639 569
184 617 550 638 573
185 617 551 638 574
186 617 551 638 574
187 617 550 638 573
188 618 547 639 570
189 619 542 640 565
190 620 538 641 561
191 621 534 642 557
192 623 531 644 554
193 624 529 645 552
194 625 527 646 550
195 626 526 647 549
196 627 525 648 548
197 627 525 648 548
198 626 526 647 549
199 624 527 645 550
200 623 529 644 552
201 621 532 642 555
202 621 537 642 560
203 621 540 642 563
204 621 543 642 566
205 620 544 641 567
206 619 543 640 566
207 618 541 639 564
208 617 539 638 562
209 615 538 636 561
210 614 538 635 561
211 614 539 635 562
212 615 541 636 564
213 617 544 638 567
214 619 546 640 569
215 621 545 642 568
216 622 544 643 567
217 622 542 643 565
218 622 540 643 563
219 621 537 642 560
220 621 536 642 559
221 622 535 643 558
222 626 535 647 558
223 629 536 650 559
224 631 538 652 561
225 633 540 654 563
226 634 543 655 566
227 637 545 658 568
228 641 547 662 570
229 644 547 665 570
230 649 548 670 571
231 656 549 677 572
232 668 552 689 575
233 683 558 704 581
234 698 566 719 589
235 709 573 730 596
236 719 578 740 601
237 729 581 750 604
238 741 581 762 604
239 756 579 777 602
240 775 576 796 599
241 792 571 813 594
242 805 566 826 589
243 817 562 838 585
244 829 559 850 582
245 840 556 861 579
246 851 552 872 575
247 858 549 879 572
248 865 545 886 568
249 874 542 895 565
250 885 540 906 563
251 899 537 920 560
252 913 533 934 556
253 924 528 945 551
254 933 522 954 545
255 943 516 964 539
256 954 511 975 534
257 965 509 986 532
258 976 509 997 532
259 983 509 1004 532
260 988 510 1009 533
261 994 511 1015 534
262 999 511 1020 534
263 1004 509 1025 532
264 1008 503 1029 526
265 1008 493 1029 516
266 1007 482 1028 505
267 1004 470 1025 493
268 996 454 1017 477
269 980 434 1001 457
270 962 412 983 435
271 942 389 963 412
272 922 367 943 390
273 904 346 925 369
274 888 327 909 350
275 873 308 894 331
276 858 292 879 315
277 841 281 862 304
278 822 272 843 295
279 801 268 822 291
280 776 265 797 288
281 751 263 772 286
282 725 261 746 284
283 699 259 720 282
284 675 260 696 283
285 650 263 671 286
286 626 265 647 288
287 603 269 624 292
288 580 272 601 295
289 556 274 577 297
290 534 276 555 299
291 512 280 533 303
292 490 284 511 307
293 471 288 492 311
294 453 290 474 313
295 435 292 456 315
296 417 292 438 315
297 400 293 421 316
298 387 295 408 318
299 377 298 398 321
300 370 302 391 325
301 364 308 385 331
302 361 315 382 338
303 359 321 380 344
304 356 329 377 352
305 353 338 374 361
306 351 350 372 373
307 352 362 373 385
308 355 378 376 401
309 358 398 379 421
310 358 419 379 442
311 358 439 379 462
312 355 461 376 484
313 351 480 372 503
314 345 498 366 521
315 337 517 358 540
316 326 531 347 554
317 314 542 335 565
318 300 547 321 570
319 288 549 309 572
320 276 552 297 575
321 267 557 288 580
322 263 562 284 585
323 261 569 282 592
324 262 576 283 599
325 262 583 283 606
326 264 585 285 608
327 267 584 288 607
328 269 582 290 605
329 273 577 294 600
