331 -1 -1 -1 -1
0 506 419 526 439
1 506 419 525 438
2 507 419 526 438
3 507 419 526 438
4 507 419 526 438
5 506 419 525 438
6 503 412 522 431
7 499 405 518 424
8 492 387 511 406
9 480 353 499 372
10 465 315 484 334
11 453 282 472 301
12 443 256 462 275
13 435 238 454 257
14 432 230 451 249
15 428 218 447 237
16 421 199 440 218
17 411 174 430 193
18 401 149 420 168
19 394 132 413 151
20 392 124 411 143
21 388 114 407 133
22 382 99 401 118
23 375 80 394 99
24 373 60 392 79
25 375 44 394 63
26 386 41 405 60
27 395 43 414 62
28 401 47 420 66
29 403 52 422 71
30 395 63 414 82
31 376 83 395 102
32 360 101 379 120
33 355 116 374 135
34 366 121 385 140
35 375 126 394 145
36 377 134 396 153
37 376 136 395 155
38 375 142 394 161
39 375 151 394 170
40 375 161 394 180
41 376 170 395 189
42 376 180 395 199
43 376 182 395 201
44 376 188 395 207
45 376 197 395 216
46 377 208 396 227
47 377 218 396 237
48 378 228 397 247
49 378 230 397 249
50 378 237 397 256
51 379 248 398 267
52 379 258 398 277
53 380 268 399 287
54 379 278 398 297
55 378 280 397 299
56 379 288 398 307
57 380 299 399 318
58 380 310 399 329
59 380 321 399 340
60 380 332 399 351
61 380 333 399 352
62 379 343 398 362
63 380 355 399 374
64 381 366 400 385
65 381 378 400 397
66 382 390 401 409
67 382 391 401 410
68 382 401 401 420
69 382 414 401 433
70 382 426 401 445
71 382 441 401 460
72 385 459 404 478
73 389 469 408 488
74 390 472 409 491
75 387 474 406 493
76 380 473 399 492
77 370 471 389 490
78 361 471 380 490
79 360 471 379 490
80 357 475 376 494
81 353 479 372 498
82 348 482 367 501
83 344 486 363 505
84 340 490 359 509
85 339 491 358 510
86 337 494 356 513
87 332 498 351 517
88 327 502 346 521
89 324 506 343 525
90 321 510 340 529
91 320 511 339 530
92 316 514 335 533
93 311 518 330 537
94 305 521 324 540
95 301 525 320 544
96 297 529 316 548
97 297 530 316 549
98 295 533 314 552
99 290 537 309 556
100 286 541 305 560
101 282 545 301 564
102 277 548 296 567
103 276 548 295 567
104 273 551 292 570
105 272 555 291 574
106 273 559 292 578
107 274 562 293 581
108 275 565 294 584
109 275 566 294 585
110 276 568 295 587
111 277 571 296 590
112 278 574 297 593
113 279 577 298 596
114 280 581 299 600
115 281 581 300 600
116 281 583 300 602
117 282 587 301 606
118 284 589 303 608
119 283 591 302 610
120 284 592 303 611
121 285 593 304 612
122 284 594 303 613
123 284 593 303 612
124 286 592 305 611
125 288 591 307 610
126 290 590 309 609
127 290 590 309 609
128 289 589 308 608
129 290 588 309 607
130 292 586 311 605
131 294 585 313 604
132 294 583 313 602
133 294 583 313 602
134 294 581 313 600
135 295 580 314 599
136 297 578 316 597
137 297 576 316 595
138 298 575 317 594
139 298 575 317 594
140 298 574 317 593
141 299 572 318 591
142 301 571 320 590
143 301 569 320 588
144 302 567 321 586
145 302 568 321 587
146 303 568 322 587
147 302 565 321 584
148 304 564 323 583
149 305 563 324 582
150 305 562 324 581
151 305 562 324 581
152 305 561 324 580
153 306 559 325 578
154 307 559 326 578
155 307 557 326 576
156 308 557 327 576
157 308 556 327 575
158 308 555 327 574
159 308 554 327 573
160 309 554 328 573
161 310 553 329 572
162 311 552 330 571
163 311 552 330 571
164 311 551 330 570
165 311 550 330 569
166 311 549 330 568
167 311 548 330 567
168 311 547 330 566
169 311 547 330 566
170 312 547 331 566
171 312 546 331 565
172 312 545 331 564
173 312 545 331 564
174 313 544 332 563
175 313 544 332 563
176 313 543 332 562
177 313 543 332 562
178 313 542 332 561
179 314 542 333 561
180 314 542 333 561
181 314 541 333 560
182 314 541 333 560
183 314 540 333 559
184 314 540 333 559
185 313 539 332 558
186 314 539 333 558
187 314 539 333 558
188 314 539 333 558
189 315 538 334 557
190 315 538 334 557
191 315 539 334 558
192 316 539 335 558
193 316 538 335 557
194 316 538 335 557
195 315 537 334 556
196 315 538 334 557
197 316 538 335 557
198 316 538 335 557
199 316 538 335 557
200 316 538 335 557
201 315 538 334 557
202 315 537 334 556
203 315 538 334 557
204 316 538 335 557
205 316 537 335 556
206 315 537 334 556
207 315 538 334 557
208 315 538 334 557
209 316 537 335 556
210 316 537 335 556
211 316 538 335 557
212 316 538 335 557
213 316 537 335 556
214 316 538 335 557
215 316 538 335 557
216 316 538 335 557
217 316 538 335 557
218 316 538 335 557
219 316 538 335 557
220 316 538 335 557
221 316 538 335 557
222 316 538 335 557
223 316 537 335 556
224 316 538 335 557
225 316 538 335 557
226 316 538 335 557
227 316 538 335 557
228 316 538 335 557
229 316 537 335 556
230 316 538 335 557
231 315 538 334 557
232 315 537 334 556
233 315 537 334 556
234 315 538 334 557
235 315 538 334 557
236 315 537 334 556
237 315 537 334 556
238 315 537 334 556
239 315 537 334 556
240 315 537 334 556
241 315 538 334 557
242 315 537 334 556
243 316 537 335 556
244 316 538 335 557
245 315 538 334 557
246 315 538 334 557
247 316 537 335 556
248 315 537 334 556
249 315 537 334 556
250 315 538 334 557
251 315 537 334 556
252 315 537 334 556
253 315 537 334 556
254 315 537 334 556
255 315 538 334 557
256 315 537 334 556
257 314 537 333 556
258 314 537 333 556
259 314 537 333 556
260 314 537 333 556
261 314 537 333 556
262 314 537 333 556
263 314 537 333 556
264 314 537 333 556
265 314 537 333 556
266 314 537 333 556
267 314 537 333 556
268 314 537 333 556
269 315 538 334 557
270 315 538 334 557
271 315 537 334 556
272 315 538 334 557
273 315 538 334 557
274 315 538 334 557
275 315 538 334 557
276 315 538 334 557
277 315 538 334 557
278 315 538 334 557
279 315 538 334 557
280 315 537 334 556
281 315 538 334 557
282 315 538 334 557
283 315 538 334 557
284 315 538 334 557
285 315 537 334 556
286 315 537 334 556
287 315 537 334 556
288 315 537 334 556
289 315 537 334 556
290 316 537 335 556
291 315 538 334 557
292 315 538 334 557
293 315 538 334 557
294 315 537 334 556
295 315 537 334 556
296 316 538 335 557
297 316 538 335 557
298 315 538 334 557
299 315 538 334 557
300 315 538 334 557
301 316 538 335 557
302 315 538 334 557
303 315 538 334 557
304 316 538 335 557
305 316 538 335 557
306 316 538 335 557
307 315 538 334 557
308 315 538 334 557
309 316 537 335 556
310 316 537 335 556
311 316 537 335 556
312 315 538 334 557
313 315 537 334 556
314 316 537 335 556
315 316 537 335 556
316 316 538 335 557
317 315 538 334 557
318 315 538 334 557
319 315 537 334 556
320 316 538 335 557
321 316 538 335 557
322 316 537 335 556
323 316 538 335 557
324 316 538 335 557
325 315 538 334 557
326 315 537 334 556
327 315 537 334 556
328 315 537 334 556
329 316 538 335 557
