216 -1 -1 -1 -1
0 630 271 648 290
1 630 272 647 290
2 631 273 648 291
3 631 273 648 291
4 631 273 648 291
5 631 273 648 291
6 631 273 648 291
7 630 272 647 290
8 630 272 647 290
9 631 272 648 290
10 631 272 648 290
11 631 272 648 290
12 631 272 648 290
13 631 273 648 291
14 630 273 647 291
15 630 273 647 291
16 630 272 647 290
17 631 272 648 290
18 631 272 648 290
19 631 272 648 290
20 631 273 648 291
21 631 273 648 291
22 631 272 648 290
23 631 272 648 290
24 630 272 647 290
25 630 272 647 290
26 631 273 648 291
27 631 273 648 291
28 631 273 648 291
29 631 272 648 290
30 631 272 648 290
31 631 272 648 290
32 631 272 648 290
33 631 272 648 290
34 631 272 648 290
35 631 272 648 290
36 631 272 648 290
37 630 273 647 291
38 630 273 647 291
39 630 272 647 290
40 631 272 648 290
41 631 273 648 291
42 631 273 648 291
43 631 273 648 291
44 630 272 647 290
45 631 272 648 290
46 631 272 648 290
47 631 272 648 290
48 631 272 648 290
49 630 272 647 290
50 631 273 648 291
51 631 273 648 291
52 631 273 648 291
53 630 272 647 290
54 630 272 647 290
55 630 272 647 290
56 630 272 647 290
57 630 273 647 291
58 631 273 648 291
59 631 273 648 291
60 631 272 648 290
61 631 272 648 290
62 631 272 648 290
63 631 272 648 290
64 631 272 648 290
65 631 272 648 290
66 631 272 648 290
67 631 272 648 290
68 631 272 648 290
69 631 273 648 291
70 631 273 648 291
71 631 272 648 290
72 637 272 654 290
73 651 272 668 290
74 670 273 687 291
75 688 273 705 291
76 703 272 720 290
77 708 272 725 290
78 712 272 729 290
79 719 272 736 290
80 730 272 747 290
81 744 272 761 290
82 757 272 774 290
83 763 271 780 289
84 767 270 784 288
85 775 270 792 288
86 787 271 804 289
87 800 271 817 289
88 812 271 829 289
89 817 272 834 290
90 822 272 839 290
91 830 271 847 289
92 842 271 859 289
93 855 271 872 289
94 866 271 883 289
95 871 271 888 289
96 876 271 893 289
97 884 271 901 289
98 895 271 912 289
99 908 271 925 289
100 920 271 937 289
101 926 270 943 288
102 931 269 948 287
103 938 269 955 287
104 946 269 963 287
105 952 269 969 287
106 955 268 972 286
107 955 268 972 286
108 952 267 969 285
109 948 265 965 283
110 945 263 962 281
111 941 262 958 280
112 939 261 956 279
113 938 260 955 278
114 938 259 955 277
115 939 259 956 277
116 940 259 957 277
117 943 259 960 277
118 945 260 962 278
119 946 261 963 279
120 946 261 963 279
121 946 262 963 280
122 945 263 962 281
123 944 262 961 280
124 942 261 959 279
125 941 262 958 280
126 941 262 958 280
127 941 262 958 280
128 942 262 959 280
129 943 261 960 279
130 945 260 962 278
131 945 259 962 277
132 944 257 961 275
133 943 256 960 274
134 942 255 959 273
135 941 255 958 273
136 940 255 957 273
137 940 256 957 274
138 941 257 958 275
139 941 259 958 277
140 943 260 960 278
141 943 261 960 279
142 945 263 962 281
143 946 265 963 283
144 947 268 964 286
145 947 270 964 288
146 946 270 963 288
147 945 269 962 287
148 944 268 961 286
149 944 265 961 283
150 944 261 961 279
151 943 257 960 275
152 942 254 959 272
153 941 252 958 270
154 941 251 958 269
155 942 251 959 269
156 943 254 960 272
157 944 257 961 275
158 945 260 962 278
159 945 264 962 282
160 945 266 962 284
161 945 267 962 285
162 945 267 962 285
163 946 265 963 283
164 946 264 963 282
165 946 264 963 282
166 946 264 963 282
167 945 264 962 282
168 944 264 961 282
169 944 264 961 282
170 944 264 961 282
171 943 263 960 281
172 943 261 960 279
173 943 259 960 277
174 944 257 961 275
175 945 256 962 274
176 945 256 962 274
177 945 257 962 275
178 944 259 961 277
179 943 261 960 279
180 943 262 960 280
181 942 264 959 282
182 943 267 960 285
183 944 269 961 287
184 945 270 962 288
185 946 271 963 289
186 946 270 963 288
187 946 267 963 285
188 945 264 962 282
189 943 260 960 278
190 941 256 958 274
191 940 253 957 271
192 939 251 956 269
193 939 249 956 267
194 938 248 955 266
195 937 249 954 267
196 937 251 954 269
197 938 253 955 271
198 940 254 957 272
199 942 256 959 274
200 942 257 959 275
201 942 259 959 277
202 942 260 959 278
203 942 261 959 279
204 944 263 961 281
205 946 264 963 282
206 946 262 963 280
207 945 259 962 277
208 944 255 961 273
209 942 249 959 267
210 940 243 957 261
211 939 241 956 259
212 938 240 955 258
213 937 241 954 259
214 938 244 955 262
