216 -1 -1 -1 -1
0 474 270 493 291
1 474 271 492 291
2 474 271 492 291
3 473 271 491 291
4 474 271 492 291
5 475 271 493 291
6 474 271 492 291
7 475 271 493 291
8 474 271 492 291
9 474 271 492 291
10 475 271 493 291
11 474 271 492 291
12 474 271 492 291
13 474 271 492 291
14 474 271 492 291
15 475 271 493 291
16 474 271 492 291
17 475 271 493 291
18 474 271 492 291
19 474 271 492 291
20 474 271 492 291
21 474 271 492 291
22 474 271 492 291
23 474 271 492 291
24 474 271 492 291
25 475 271 493 291
26 474 270 492 290
27 474 271 492 291
28 474 271 492 291
29 475 271 493 291
30 474 271 492 291
31 474 271 492 291
32 474 271 492 291
33 473 271 491 291
34 475 271 493 291
35 475 271 493 291
36 476 271 494 291
37 476 271 494 291
38 476 271 494 291
39 475 271 493 291
40 475 271 493 291
41 475 271 493 291
42 476 271 494 291
43 475 271 493 291
44 476 271 494 291
45 475 271 493 291
46 475 271 493 291
47 475 271 493 291
48 476 271 494 291
49 475 271 493 291
50 476 271 494 291
51 476 271 494 291
52 475 271 493 291
53 475 271 493 291
54 475 271 493 291
55 474 271 492 291
56 475 271 493 291
57 476 271 494 291
58 475 271 493 291
59 475 271 493 291
60 474 271 492 291
61 475 271 493 291
62 475 272 493 292
63 485 272 503 292
64 507 273 525 293
65 514 273 532 293
66 529 272 547 292
67 549 272 567 292
68 569 272 587 292
69 588 272 606 292
70 605 272 623 292
71 609 272 627 292
72 613 272 631 292
73 613 273 631 293
74 615 272 633 292
75 619 272 637 292
76 623 272 641 292
77 624 272 642 292
78 627 272 645 292
79 631 272 649 292
80 635 272 653 292
81 639 272 657 292
82 643 272 661 292
83 644 272 662 292
84 646 272 664 292
85 650 272 668 292
86 654 272 672 292
87 659 272 677 292
88 663 273 681 293
89 662 272 680 292
90 665 272 683 292
91 669 272 687 292
92 673 272 691 292
93 677 272 695 292
94 680 272 698 292
95 680 272 698 292
96 683 272 701 292
97 686 272 704 292
98 690 272 708 292
99 693 272 711 292
100 697 272 715 292
101 698 272 716 292
102 699 272 717 292
103 702 273 720 293
104 706 273 724 293
105 708 272 726 292
106 712 273 730 293
107 713 273 731 293
108 714 272 732 292
109 717 272 735 292
110 721 273 739 293
111 723 272 741 292
112 726 272 744 292
113 727 272 745 292
114 729 273 747 293
115 732 272 750 292
116 734 272 752 292
117 737 272 755 292
118 741 272 759 292
119 741 272 759 292
120 743 272 761 292
121 745 272 763 292
122 748 272 766 292
123 750 272 768 292
124 754 272 772 292
125 754 272 772 292
126 755 272 773 292
127 757 272 775 292
128 760 273 778 293
129 762 272 780 292
130 765 272 783 292
131 765 272 783 292
132 766 273 784 293
133 768 272 786 292
134 770 272 788 292
135 772 272 790 292
136 775 272 793 292
137 775 272 793 292
138 776 272 794 292
139 778 272 796 292
140 780 272 798 292
141 782 272 800 292
142 783 272 801 292
143 783 272 801 292
144 785 273 803 293
145 787 273 805 293
146 788 272 806 292
147 789 272 807 292
148 791 273 809 293
149 791 272 809 292
150 792 272 810 292
151 794 272 812 292
152 796 272 814 292
153 797 272 815 292
154 797 272 815 292
155 797 272 815 292
156 799 272 817 292
157 802 272 820 292
158 802 272 820 292
159 802 272 820 292
160 802 272 820 292
161 803 273 821 293
162 805 272 823 292
163 805 272 823 292
164 806 272 824 292
165 807 272 825 292
166 807 273 825 293
167 807 273 825 293
168 808 273 826 293
169 808 272 826 292
170 810 272 828 292
171 812 272 830 292
172 812 272 830 292
173 812 272 830 292
174 814 272 832 292
175 814 272 832 292
176 814 272 832 292
177 813 272 831 292
178 813 272 831 292
179 814 272 832 292
180 814 271 832 291
181 814 271 832 291
182 815 272 833 292
183 814 272 832 292
184 815 272 833 292
185 815 272 833 292
186 815 271 833 291
187 815 272 833 292
188 815 272 833 292
189 816 272 834 292
190 816 272 834 292
191 815 272 833 292
192 815 272 833 292
193 815 272 833 292
194 816 272 834 292
195 815 272 833 292
196 816 272 834 292
197 816 272 834 292
198 815 272 833 292
199 815 272 833 292
200 815 271 833 291
201 816 271 834 291
202 815 272 833 292
203 815 271 833 291
204 815 272 833 292
205 816 271 834 291
206 816 272 834 292
207 816 272 834 292
208 816 272 834 292
209 816 272 834 292
210 816 272 834 292
211 816 272 834 292
212 815 271 833 291
213 815 271 833 291
214 815 271 833 291
