151 -1 -1 -1 -1
0 986 597 1008 619
1 987 597 1008 618
2 988 597 1009 618
3 987 597 1008 618
4 987 598 1008 619
5 987 598 1008 619
6 987 597 1008 618
7 988 597 1009 618
8 987 597 1008 618
9 987 597 1008 618
10 987 598 1008 619
11 988 598 1009 619
12 987 597 1008 618
13 987 597 1008 618
14 987 597 1008 618
15 987 598 1008 619
16 987 597 1008 618
17 987 598 1008 619
18 987 598 1008 619
19 988 597 1009 618
20 987 597 1008 618
21 987 598 1008 619
22 987 597 1008 618
23 988 597 1009 618
24 987 597 1008 618
25 987 597 1008 618
26 986 596 1007 617
27 986 596 1007 617
28 986 596 1007 617
29 987 596 1008 617
30 986 596 1007 617
31 987 596 1008 617
32 987 596 1008 617
33 987 596 1008 617
34 987 596 1008 617
35 986 596 1007 617
36 987 596 1008 617
37 987 596 1008 617
38 986 596 1007 617
39 987 596 1008 617
40 987 596 1008 617
41 986 596 1007 617
42 987 596 1008 617
43 987 596 1008 617
44 987 596 1008 617
45 987 596 1008 617
46 987 596 1008 617
47 987 596 1008 617
48 987 596 1008 617
49 987 596 1008 617
50 987 596 1008 617
51 994 601 1015 622
52 1011 607 1032 628
53 1028 609 1049 630
54 1040 608 1061 629
55 1043 604 1064 625
56 1037 598 1058 619
57 1026 591 1047 612
58 1014 585 1035 606
59 1003 580 1024 601
60 993 578 1014 599
61 979 578 1000 599
62 962 580 983 601
63 945 582 966 603
64 930 582 951 603
65 919 580 940 601
66 913 577 934 598
67 914 574 935 595
68 920 571 941 592
69 928 569 949 590
70 935 568 956 589
71 939 565 960 586
72 938 562 959 583
73 933 560 954 581
74 927 559 948 580
75 922 558 943 579
76 919 556 940 577
77 918 554 939 575
78 917 551 938 572
79 918 549 939 570
80 919 548 940 569
81 919 547 940 568
82 918 546 939 567
83 916 545 937 566
84 914 542 935 563
85 913 540 934 561
86 912 538 933 559
87 912 537 933 558
88 911 535 932 556
89 910 533 931 554
90 908 532 929 553
91 907 531 928 552
92 906 530 927 551
93 904 529 925 550
94 902 527 923 548
95 901 525 922 546
96 901 523 922 544
97 901 521 922 542
98 901 520 922 541
99 900 518 921 539
100 900 517 921 538
101 899 517 920 538
102 898 516 919 537
103 897 515 918 536
104 895 514 916 535
105 893 512 914 533
106 891 510 912 531
107 890 508 911 529
108 890 507 911 528
109 890 506 911 527
110 890 505 911 526
111 890 505 911 526
112 889 504 910 525
113 889 503 910 524
114 889 501 910 522
115 889 500 910 521
116 888 499 909 520
117 887 498 908 519
118 886 497 907 518
119 884 496 905 517
120 882 494 903 515
121 881 492 902 513
122 881 491 902 512
123 882 490 903 511
124 882 490 903 511
125 882 490 903 511
126 882 489 903 510
127 881 488 902 509
128 879 487 900 508
129 878 486 899 507
130 877 486 898 507
131 876 486 897 507
132 875 485 896 506
133 873 484 894 505
134 873 482 894 503
135 872 482 893 503
136 872 481 893 502
137 872 480 893 501
138 872 479 893 500
139 872 479 893 500
140 873 479 894 500
141 873 479 894 500
142 872 478 893 499
143 871 477 892 498
144 870 475 891 496
145 868 475 889 496
146 867 476 888 497
147 866 476 887 497
148 866 476 887 497
149 866 475 887 496
