151 -1 -1 -1 -1
0 443 264 465 287
1 442 265 463 287
2 442 266 463 288
3 443 266 464 288
4 443 266 464 288
5 443 266 464 288
6 443 266 464 288
7 443 266 464 288
8 443 266 464 288
9 443 266 464 288
10 443 266 464 288
11 443 266 464 288
12 443 266 464 288
13 443 266 464 288
14 443 266 464 288
15 446 268 467 290
16 452 272 473 294
17 460 276 481 298
18 468 280 489 302
19 485 290 506 312
20 514 309 535 331
21 549 332 570 354
22 579 351 600 373
23 603 366 624 388
24 617 375 638 397
25 622 377 643 399
26 620 375 641 397
27 624 378 645 400
28 637 387 658 409
29 658 401 679 423
30 680 415 701 437
31 695 424 716 446
32 702 428 723 450
33 711 433 732 455
34 725 441 746 463
35 743 453 764 475
36 762 466 783 488
37 774 474 795 496
38 782 479 803 501
39 794 485 815 507
40 810 494 831 516
41 829 506 850 528
42 848 518 869 540
43 859 526 880 548
44 868 532 889 554
45 880 540 901 562
46 896 550 917 572
47 915 562 936 584
48 935 575 956 597
49 950 585 971 607
50 961 592 982 614
51 970 596 991 618
52 973 600 994 622
53 973 601 994 623
54 969 599 990 621
55 960 595 981 617
56 949 591 970 613
57 939 588 960 610
58 935 585 956 607
59 935 584 956 606
60 937 581 958 603
61 938 579 959 601
62 938 578 959 600
63 936 576 957 598
64 934 574 955 596
65 932 572 953 594
66 930 570 951 592
67 929 569 950 591
68 929 567 950 589
69 928 564 949 586
70 927 562 948 584
71 925 560 946 582
72 924 558 945 580
73 923 556 944 578
74 922 555 943 577
75 921 553 942 575
76 920 551 941 573
77 918 548 939 570
78 916 545 937 567
79 915 544 936 566
80 915 544 936 566
81 915 543 936 565
82 914 541 935 563
83 912 539 933 561
84 911 536 932 558
85 910 535 931 557
86 909 534 930 556
87 908 533 929 555
88 906 531 927 553
89 905 528 926 550
90 904 526 925 548
91 904 526 925 548
92 904 526 925 548
93 904 525 925 547
94 902 522 923 544
95 900 519 921 541
96 898 517 919 539
97 897 516 918 538
98 897 516 918 538
99 897 515 918 537
100 897 514 918 536
101 896 512 917 534
102 895 510 916 532
103 894 510 915 532
104 893 509 914 531
105 891 507 912 529
106 890 506 911 528
107 889 505 910 527
108 889 503 910 525
109 888 502 909 524
110 888 501 909 523
111 887 500 908 522
112 886 499 907 521
113 884 498 905 520
114 883 497 904 519
115 884 497 905 519
116 884 497 905 519
117 883 496 904 518
118 882 494 903 516
119 881 492 902 514
120 880 490 901 512
121 879 489 900 511
122 879 488 900 510
123 878 487 899 509
124 877 487 898 509
125 876 486 897 508
126 876 484 897 506
127 876 483 897 505
128 876 483 897 505
129 875 483 896 505
130 874 482 895 504
131 873 481 894 503
132 872 480 893 502
133 872 479 893 501
134 872 479 893 501
135 872 479 893 501
136 871 478 892 500
137 870 477 891 499
138 870 476 891 498
139 870 476 891 498
140 869 475 890 497
141 868 474 889 496
142 867 473 888 495
143 867 473 888 495
144 867 472 888 494
145 866 471 887 493
146 866 471 887 493
147 866 471 887 493
148 866 471 887 493
149 866 470 887 492
