390 -1 -1 -1 -1
0 792 588 815 610
1 793 589 815 610
2 793 589 815 610
3 792 589 814 610
4 792 589 814 610
5 793 589 815 610
6 793 589 815 610
7 793 589 815 610
8 793 589 815 610
9 793 589 815 610
10 793 589 815 610
11 793 589 815 610
12 793 589 815 610
13 793 589 815 610
14 793 589 815 610
15 793 589 815 610
16 793 589 815 610
17 793 589 815 610
18 793 590 815 611
19 793 589 815 610
20 793 589 815 610
21 793 589 815 610
22 793 589 815 610
23 793 589 815 610
24 793 590 815 611
25 793 589 815 610
26 793 589 815 610
27 793 590 815 611
28 793 590 815 611
29 792 589 814 610
30 793 589 815 610
31 792 589 814 610
32 792 589 814 610
33 792 589 814 610
34 793 589 815 610
35 793 588 815 609
36 792 588 814 609
37 793 588 815 609
38 793 588 815 609
39 793 588 815 609
40 793 588 815 609
41 793 588 815 609
42 793 588 815 609
43 792 588 814 609
44 792 588 814 609
45 793 588 815 609
46 793 588 815 609
47 793 588 815 609
48 793 588 815 609
49 793 588 815 609
50 792 588 814 609
51 793 588 815 609
52 792 589 814 610
53 793 588 815 609
54 793 588 815 609
55 792 588 814 609
56 792 589 814 610
57 793 588 815 609
58 792 588 814 609
59 793 588 815 609
60 793 588 815 609
61 793 588 815 609
62 794 588 816 609
63 794 588 816 609
64 794 588 816 609
65 793 588 815 609
66 792 588 814 609
67 793 588 815 609
68 793 590 815 611
69 790 579 812 600
70 784 560 806 581
71 777 539 799 560
72 769 522 791 543
73 767 519 789 540
74 763 507 785 528
75 757 489 779 510
76 750 472 772 493
77 745 456 767 477
78 739 441 761 462
79 738 438 760 459
80 734 427 756 448
81 728 412 750 433
82 722 397 744 418
83 716 383 738 404
84 711 369 733 390
85 710 366 732 387
86 707 356 729 377
87 703 344 725 365
88 699 330 721 351
89 693 316 715 337
90 687 304 709 325
91 685 301 707 322
92 683 294 705 315
93 680 282 702 303
94 676 269 698 290
95 671 256 693 277
96 666 246 688 267
97 664 244 686 265
98 662 239 684 260
99 658 230 680 251
100 655 220 677 241
101 652 207 674 228
102 648 196 670 217
103 646 191 668 212
104 644 186 666 207
105 645 182 667 203
106 647 180 669 201
107 650 179 672 200
108 652 178 674 199
109 652 178 674 199
110 652 177 674 198
111 652 174 674 195
112 653 171 675 192
113 654 169 676 190
114 654 167 676 188
115 654 165 676 186
116 655 163 677 184
117 656 160 678 181
118 656 157 678 178
119 656 154 678 175
120 657 152 679 173
121 657 151 679 172
122 658 150 680 171
123 659 148 681 169
124 660 147 682 168
125 661 145 683 166
126 661 142 683 163
127 661 140 683 161
128 662 139 684 160
129 663 137 685 158
130 663 135 685 156
131 663 132 685 153
132 663 130 685 151
133 663 130 685 151
134 663 130 685 151
135 664 129 686 150
136 665 127 687 148
137 667 126 689 147
138 669 125 691 146
139 670 125 692 146
140 671 125 693 146
141 673 124 695 145
142 676 123 698 144
143 678 122 700 143
144 680 122 702 143
145 680 122 702 143
146 680 122 702 143
147 681 121 703 142
148 682 120 704 141
149 684 119 706 140
150 687 118 709 139
151 688 118 710 139
152 688 118 710 139
153 689 118 711 139
154 690 117 712 138
155 691 116 713 137
156 693 115 715 136
157 694 115 716 136
158 695 114 717 135
159 696 114 718 135
160 697 114 719 135
161 698 114 720 135
162 700 114 722 135
163 701 114 723 135
164 701 114 723 135
165 701 112 723 133
166 702 111 724 132
167 703 111 725 132
168 705 111 727 132
169 706 111 728 132
170 706 111 728 132
171 706 110 728 131
172 707 110 729 131
173 708 109 730 130
174 709 108 731 129
175 710 108 732 129
176 710 109 732 130
177 711 110 733 131
178 713 109 735 130
179 714 108 736 129
180 715 108 737 129
181 715 108 737 129
182 714 108 736 129
183 714 107 736 128
184 715 107 737 128
185 716 106 738 127
186 717 107 739 128
187 718 107 740 128
188 718 107 740 128
189 718 107 740 128
190 718 107 740 128
191 719 106 741 127
192 720 106 742 127
193 721 106 743 127
194 721 106 743 127
195 721 105 743 126
196 721 105 743 126
197 721 105 743 126
198 722 105 744 126
199 722 105 744 126
200 722 105 744 126
201 723 104 745 125
202 723 104 745 125
203 723 105 745 126
204 724 104 746 125
205 724 104 746 125
206 724 104 746 125
207 724 104 746 125
208 724 104 746 125
209 725 104 747 125
210 725 104 747 125
211 724 104 746 125
212 724 104 746 125
213 725 104 747 125
214 725 104 747 125
215 724 104 746 125
216 724 104 746 125
217 724 104 746 125
218 725 104 747 125
219 725 104 747 125
220 725 104 747 125
221 725 104 747 125
222 724 104 746 125
223 724 104 746 125
224 725 104 747 125
225 725 104 747 125
226 725 104 747 125
227 725 105 747 126
228 724 105 746 126
229 723 105 745 126
230 723 104 745 125
231 724 104 746 125
232 724 104 746 125
233 725 104 747 125
234 725 104 747 125
235 724 104 746 125
236 724 104 746 125
237 724 104 746 125
238 724 104 746 125
239 724 104 746 125
240 724 104 746 125
241 724 103 746 124
242 724 103 746 124
243 724 104 746 125
244 724 104 746 125
245 724 104 746 125
246 724 104 746 125
247 724 104 746 125
248 725 104 747 125
249 725 104 747 125
250 725 104 747 125
251 724 104 746 125
252 724 104 746 125
253 724 104 746 125
254 724 104 746 125
255 724 104 746 125
256 725 105 747 126
257 724 105 746 126
258 724 104 746 125
259 724 104 746 125
260 724 104 746 125
261 724 104 746 125
262 724 104 746 125
263 724 104 746 125
264 724 104 746 125
265 724 105 746 126
266 724 105 746 126
267 725 104 747 125
268 725 104 747 125
269 725 104 747 125
270 724 104 746 125
271 724 104 746 125
272 724 104 746 125
273 724 105 746 126
274 725 105 747 126
275 725 104 747 125
276 724 104 746 125
277 723 104 745 125
278 724 104 746 125
279 724 104 746 125
280 724 103 746 124
281 725 103 747 124
282 725 103 747 124
283 725 104 747 125
284 724 104 746 125
285 724 104 746 125
286 724 104 746 125
287 725 104 747 125
288 725 104 747 125
289 724 104 746 125
290 724 104 746 125
291 724 104 746 125
292 725 104 747 125
293 725 104 747 125
294 725 104 747 125
295 724 104 746 125
296 724 104 746 125
297 725 104 747 125
298 726 104 748 125
299 725 104 747 125
300 724 103 746 124
301 724 103 746 124
302 724 103 746 124
303 724 103 746 124
304 725 103 747 124
305 724 104 746 125
306 724 104 746 125
307 724 104 746 125
308 724 103 746 124
309 725 103 747 124
310 725 103 747 124
311 724 103 746 124
312 724 103 746 124
313 725 103 747 124
314 725 103 747 124
315 725 103 747 124
316 725 103 747 124
317 725 103 747 124
318 725 103 747 124
319 725 103 747 124
320 724 103 746 124
321 724 103 746 124
322 725 104 747 125
323 725 104 747 125
324 725 104 747 125
325 724 104 746 125
326 724 103 746 124
327 724 103 746 124
328 724 103 746 124
329 724 103 746 124
330 724 104 746 125
331 724 104 746 125
332 725 104 747 125
333 725 103 747 124
334 725 103 747 124
335 724 104 746 125
336 724 104 746 125
337 724 104 746 125
338 725 104 747 125
339 725 104 747 125
340 725 104 747 125
341 724 104 746 125
342 724 104 746 125
343 724 104 746 125
344 724 104 746 125
345 725 104 747 125
346 726 104 748 125
347 726 104 748 125
348 725 104 747 125
349 724 104 746 125
350 725 103 747 124
351 725 103 747 124
352 725 104 747 125
353 725 104 747 125
354 724 104 746 125
355 724 103 746 124
356 725 103 747 124
357 725 103 747 124
358 725 104 747 125
359 725 104 747 125
360 725 104 747 125
361 725 104 747 125
362 724 104 746 125
363 724 104 746 125
364 725 104 747 125
365 725 104 747 125
366 725 103 747 124
367 725 103 747 124
368 725 104 747 125
369 725 104 747 125
370 725 104 747 125
371 725 104 747 125
372 725 104 747 125
373 725 104 747 125
374 725 103 747 124
375 725 103 747 124
376 725 104 747 125
377 725 104 747 125
378 725 104 747 125
379 725 103 747 124
380 725 103 747 124
381 725 103 747 124
382 725 104 747 125
383 725 104 747 125
384 725 104 747 125
385 725 104 747 125
386 725 104 747 125
387 725 103 747 124
388 725 103 747 124
