390 -1 -1 -1 -1
0 642 177 659 196
1 642 178 658 196
2 642 179 658 197
3 642 179 658 197
4 643 179 659 197
5 643 179 659 197
6 643 179 659 197
7 643 179 659 197
8 643 180 659 198
9 643 179 659 197
10 643 179 659 197
11 643 179 659 197
12 643 179 659 197
13 643 179 659 197
14 643 179 659 197
15 643 179 659 197
16 643 179 659 197
17 643 179 659 197
18 642 179 658 197
19 642 179 658 197
20 643 179 659 197
21 644 179 660 197
22 643 179 659 197
23 643 179 659 197
24 643 179 659 197
25 643 179 659 197
26 643 179 659 197
27 643 179 659 197
28 643 179 659 197
29 642 179 658 197
30 642 179 658 197
31 642 179 658 197
32 642 179 658 197
33 643 179 659 197
34 643 179 659 197
35 643 179 659 197
36 643 179 659 197
37 642 179 658 197
38 642 179 658 197
39 643 179 659 197
40 643 179 659 197
41 643 179 659 197
42 643 179 659 197
43 643 179 659 197
44 643 179 659 197
45 643 179 659 197
46 642 179 658 197
47 642 179 658 197
48 643 179 659 197
49 643 179 659 197
50 643 179 659 197
51 643 179 659 197
52 643 179 659 197
53 643 179 659 197
54 643 179 659 197
55 643 179 659 197
56 643 179 659 197
57 643 179 659 197
58 643 180 659 198
59 643 180 659 198
60 642 180 658 198
61 642 180 658 198
62 643 180 659 198
63 643 180 659 198
64 643 179 659 197
65 643 179 659 197
66 643 179 659 197
67 643 179 659 197
68 643 179 659 197
69 643 179 659 197
70 643 179 659 197
71 643 179 659 197
72 643 179 659 197
73 643 179 659 197
74 643 179 659 197
75 643 179 659 197
76 643 179 659 197
77 643 179 659 197
78 643 179 659 197
79 643 179 659 197
80 643 179 659 197
81 643 179 659 197
82 642 179 658 197
83 642 178 658 196
84 642 179 658 197
85 643 180 659 198
86 643 180 659 198
87 642 180 658 198
88 642 179 658 197
89 642 179 658 197
90 643 179 659 197
91 643 179 659 197
92 643 180 659 198
93 643 180 659 198
94 643 180 659 198
95 643 179 659 197
96 643 179 659 197
97 643 179 659 197
98 643 179 659 197
99 643 179 659 197
100 643 179 659 197
101 643 179 659 197
102 642 178 658 196
103 641 178 657 196
104 640 177 656 195
105 638 173 654 191
106 635 166 651 184
107 630 155 646 173
108 625 143 641 161
109 622 137 638 155
110 620 134 636 152
111 617 133 633 151
112 613 130 629 148
113 606 125 622 143
114 599 118 615 136
115 594 114 610 132
116 590 111 606 129
117 586 107 602 125
118 581 103 597 121
119 576 98 592 116
120 571 93 587 111
121 569 89 585 107
122 567 86 583 104
123 563 83 579 101
124 557 79 573 97
125 551 74 567 92
126 546 68 562 86
127 544 65 560 83
128 542 63 558 81
129 539 62 555 80
130 536 59 552 77
131 531 55 547 73
132 525 52 541 70
133 521 51 537 69
134 519 53 535 71
135 518 57 534 75
136 515 62 531 80
137 512 66 528 84
138 508 68 524 86
139 505 69 521 87
140 502 69 518 87
141 500 70 516 88
142 496 73 512 91
143 492 76 508 94
144 488 79 504 97
145 486 81 502 99
146 485 83 501 101
147 482 85 498 103
148 478 87 494 105
149 474 90 490 108
150 470 93 486 111
151 469 95 485 113
152 468 97 484 115
153 465 99 481 117
154 460 102 476 120
155 455 104 471 122
156 452 106 468 124
157 451 107 467 125
158 450 108 466 126
159 447 111 463 129
160 443 114 459 132
161 439 118 455 136
162 435 121 451 139
163 433 122 449 140
164 431 122 447 140
165 428 124 444 142
166 425 128 441 146
167 421 131 437 149
168 417 133 433 151
169 415 135 431 153
170 413 136 429 154
171 410 139 426 157
172 407 142 423 160
173 403 144 419 162
174 400 146 416 164
175 399 148 415 166
176 397 150 413 168
177 394 152 410 170
178 390 154 406 172
179 386 157 402 175
180 382 160 398 178
181 380 161 396 179
182 378 162 394 180
183 376 164 392 182
184 372 167 388 185
185 368 170 384 188
186 364 173 380 191
187 363 175 379 193
188 362 176 378 194
189 360 177 376 195
190 357 179 373 197
191 353 182 369 200
192 351 185 367 203
193 351 186 367 204
194 353 187 369 205
195 355 188 371 206
196 356 190 372 208
197 357 193 373 211
198 359 196 375 214
199 359 197 375 215
200 359 197 375 215
201 360 199 376 217
202 362 201 378 219
203 363 204 379 222
204 364 206 380 224
205 365 207 381 225
206 366 209 382 227
207 367 211 383 229
208 367 213 383 231
209 368 215 384 233
210 369 218 385 236
211 370 219 386 237
212 371 220 387 238
213 371 221 387 239
214 372 223 388 241
215 374 225 390 243
216 375 228 391 246
217 375 229 391 247
218 375 230 391 248
219 376 231 392 249
220 377 233 393 251
221 378 235 394 253
222 379 237 395 255
223 379 238 395 256
224 380 238 396 256
225 381 240 397 258
226 382 242 398 260
227 383 245 399 263
228 383 247 399 265
229 383 247 399 265
230 384 247 400 265
231 384 248 400 266
232 385 250 401 268
233 387 253 403 271
234 388 255 404 273
235 388 256 404 274
236 389 257 405 275
237 390 258 406 276
238 391 260 407 278
239 392 262 408 280
240 393 263 409 281
241 393 264 409 282
242 394 265 410 283
243 395 266 411 284
244 396 268 412 286
245 396 270 412 288
246 396 272 412 290
247 397 274 413 292
248 398 275 414 293
249 398 276 414 294
250 399 276 415 294
251 401 278 417 296
252 402 279 418 297
253 402 280 418 298
254 401 281 417 299
255 401 282 417 300
256 403 284 419 302
257 405 287 421 305
258 406 289 422 307
259 406 289 422 307
260 406 289 422 307
261 407 289 423 307
262 407 291 423 309
263 408 293 424 311
264 409 295 425 313
265 410 296 426 314
266 411 297 427 315
267 411 298 427 316
268 411 299 427 317
269 413 301 429 319
270 414 303 430 321
271 414 303 430 321
272 413 304 429 322
273 414 305 430 323
274 415 307 431 325
275 416 308 432 326
276 417 309 433 327
277 418 310 434 328
278 418 310 434 328
279 418 311 434 329
280 419 313 435 331
281 420 314 436 332
282 421 315 437 333
283 421 315 437 333
284 421 316 437 334
285 421 317 437 335
286 421 318 437 336
287 423 319 439 337
288 423 320 439 338
289 424 321 440 339
290 425 322 441 340
291 425 323 441 341
292 426 325 442 343
293 427 326 443 344
294 428 327 444 345
295 428 327 444 345
296 428 327 444 345
297 428 327 444 345
298 428 328 444 346
299 428 330 444 348
300 429 331 445 349
301 430 332 446 350
302 431 332 447 350
303 432 332 448 350
304 432 332 448 350
305 431 333 447 351
306 432 334 448 352
307 433 335 449 353
308 434 337 450 355
309 436 338 452 356
310 437 338 453 356
311 437 338 453 356
312 436 338 452 356
313 436 339 452 357
314 437 340 453 358
315 438 340 454 358
316 440 341 456 359
317 442 342 458 360
318 443 343 459 361
319 442 343 458 361
320 441 343 457 361
321 441 343 457 361
322 442 343 458 361
323 443 344 459 362
324 445 345 461 363
325 446 345 462 363
326 448 345 464 363
327 449 345 465 363
328 449 346 465 364
329 447 346 463 364
330 446 346 462 364
331 445 346 461 364
332 446 346 462 364
333 447 346 463 364
334 448 347 464 365
335 450 347 466 365
336 450 347 466 365
337 449 347 465 365
338 448 347 464 365
339 447 348 463 366
340 448 348 464 366
341 448 348 464 366
342 449 348 465 366
343 450 348 466 366
344 450 348 466 366
345 449 348 465 366
346 449 348 465 366
347 449 348 465 366
348 448 348 464 366
349 448 348 464 366
350 449 348 465 366
351 451 348 467 366
352 453 349 469 367
353 453 349 469 367
354 452 350 468 368
355 451 350 467 368
356 451 349 467 367
357 452 349 468 367
358 454 349 470 367
359 454 348 470 366
360 454 348 470 366
361 453 348 469 366
362 452 348 468 366
363 451 348 467 366
364 451 348 467 366
365 451 349 467 367
366 451 349 467 367
367 451 349 467 367
368 451 349 467 367
369 451 349 467 367
370 452 349 468 367
371 453 349 469 367
372 452 349 468 367
373 451 349 467 367
374 450 349 466 367
375 450 348 466 366
376 451 348 467 366
377 452 348 468 366
378 453 349 469 367
379 453 349 469 367
380 452 348 468 366
381 451 348 467 366
382 452 348 468 366
383 453 348 469 366
384 453 348 469 366
385 453 348 469 366
386 453 348 469 366
387 453 348 469 366
388 452 349 468 367
