256 -1 -1 -1 -1
0 806 161 829 183
1 806 162 828 183
2 806 162 828 183
3 806 162 828 183
4 806 162 828 183
5 806 162 828 183
6 806 162 828 183
7 806 162 828 183
8 807 162 829 183
9 807 162 829 183
10 806 162 828 183
11 806 162 828 183
12 805 162 827 183
13 805 162 827 183
14 806 162 828 183
15 807 162 829 183
16 807 162 829 183
17 807 162 829 183
18 806 162 828 183
19 805 162 827 183
20 805 162 827 183
21 806 163 828 184
22 807 163 829 184
23 807 163 829 184
24 807 163 829 184
25 806 162 828 183
26 805 162 827 183
27 805 162 827 183
28 805 162 827 183
29 806 162 828 183
30 807 162 829 183
31 808 162 830 183
32 807 162 829 183
33 806 162 828 183
34 806 162 828 183
35 806 161 828 182
36 807 162 829 183
37 807 163 829 184
38 806 163 828 184
39 806 162 828 183
40 806 162 828 183
41 806 161 828 182
42 806 162 828 183
43 806 163 828 184
44 806 163 828 184
45 806 163 828 184
46 806 163 828 184
47 806 162 828 183
48 806 162 828 183
49 808 161 830 182
50 810 156 832 177
51 811 151 833 172
52 815 144 837 165
53 822 136 844 157
54 831 125 853 146
55 840 112 862 133
56 848 100 870 121
57 854 91 876 112
58 856 85 878 106
59 857 80 879 101
60 859 74 881 95
61 863 67 885 88
62 867 61 889 82
63 869 57 891 78
64 870 54 892 75
65 871 51 893 72
66 872 49 894 70
67 873 48 895 69
68 872 49 894 70
69 868 53 890 74
70 863 57 885 78
71 857 61 879 82
72 850 65 872 86
73 843 67 865 88
74 835 67 857 88
75 826 69 848 90
76 816 73 838 94
77 803 80 825 101
78 788 91 810 112
79 768 107 790 128
80 748 122 770 143
81 732 133 754 154
82 721 137 743 158
83 716 137 738 158
84 719 130 741 151
85 728 121 750 142
86 735 114 757 135
87 737 109 759 130
88 736 105 758 126
89 730 103 752 124
90 719 103 741 124
91 705 106 727 127
92 691 109 713 130
93 682 111 704 132
94 678 111 700 132
95 678 109 700 130
96 678 106 700 127
97 675 102 697 123
98 669 99 691 120
99 665 97 687 118
100 660 97 682 118
101 655 97 677 118
102 650 97 672 118
103 645 96 667 117
104 639 94 661 115
105 635 92 657 113
106 633 90 655 111
107 630 88 652 109
108 626 86 648 107
109 621 84 643 105
110 615 82 637 103
111 611 81 633 102
112 608 80 630 101
113 605 80 627 101
114 600 79 622 100
115 595 77 617 98
116 590 75 612 96
117 586 75 608 96
118 583 75 605 96
119 580 74 602 95
120 577 73 599 94
121 572 72 594 93
122 567 71 589 92
123 565 70 587 91
124 563 70 585 91
125 560 71 582 92
126 556 72 578 93
127 550 72 572 93
128 544 72 566 93
129 539 72 561 93
130 535 73 557 94
131 530 73 552 94
132 526 72 548 93
133 523 72 545 93
134 521 70 543 91
135 519 69 541 90
136 517 68 539 89
137 514 66 536 87
138 508 66 530 87
139 502 67 524 88
140 495 67 517 88
141 490 67 512 88
142 486 66 508 87
143 483 64 505 85
144 480 62 502 83
145 478 60 500 81
146 477 58 499 79
147 476 58 498 79
148 475 58 497 79
149 473 59 495 80
150 472 60 494 81
151 470 62 492 83
152 467 64 489 85
153 465 67 487 88
154 463 68 485 89
155 461 68 483 89
156 460 68 482 89
157 460 68 482 89
158 460 67 482 88
159 459 67 481 88
160 457 67 479 88
161 455 68 477 89
162 451 68 473 89
163 448 67 470 88
164 444 67 466 88
165 441 67 463 88
166 439 66 461 87
167 439 66 461 87
168 439 66 461 87
169 439 66 461 87
170 439 68 461 89
171 439 70 461 91
172 438 71 460 92
173 436 71 458 92
174 435 73 457 94
175 434 75 456 96
176 433 78 455 99
177 433 82 455 103
178 432 86 454 107
179 432 92 454 113
180 434 98 456 119
181 435 104 457 125
182 435 109 457 130
183 433 113 455 134
184 432 116 454 137
185 432 119 454 140
186 433 121 455 142
187 435 123 457 144
188 440 126 462 147
189 443 129 465 150
190 446 132 468 153
191 451 135 473 156
192 457 138 479 159
193 466 139 488 160
194 476 140 498 161
195 492 138 514 159
196 512 135 534 156
197 537 131 559 152
198 568 126 590 147
199 599 120 621 141
200 631 115 653 136
201 664 111 686 132
202 696 108 718 129
203 727 104 749 125
204 757 102 779 123
205 783 99 805 120
206 807 97 829 118
207 826 97 848 118
208 837 98 859 119
209 843 98 865 119
210 846 100 868 121
211 847 102 869 123
212 847 103 869 124
213 847 103 869 124
214 847 103 869 124
215 850 104 872 125
216 852 103 874 124
217 857 103 879 124
218 861 102 883 123
219 866 104 888 125
220 867 106 889 127
221 864 109 886 130
222 855 114 877 135
223 848 117 870 138
224 840 120 862 141
225 831 120 853 141
226 819 120 841 141
227 802 118 824 139
228 780 111 802 132
229 758 105 780 126
230 738 103 760 124
231 714 103 736 124
232 696 104 718 125
233 672 103 694 124
234 652 99 674 120
235 637 99 659 120
236 628 102 650 123
237 620 106 642 127
238 619 110 641 131
239 620 116 642 137
240 623 120 645 141
241 627 122 649 143
242 632 123 654 144
243 634 124 656 145
244 633 124 655 145
245 632 125 654 146
246 631 125 653 146
247 628 125 650 146
248 625 125 647 146
249 622 124 644 145
250 619 124 641 145
251 618 124 640 145
252 620 125 642 146
253 624 127 646 148
254 629 129 651 150
