256 -1 -1 -1 -1
0 373 266 394 292
1 373 266 393 291
2 373 267 393 292
3 372 266 392 291
4 372 266 392 291
5 373 267 393 292
6 372 266 392 291
7 373 266 393 291
8 372 266 392 291
9 372 266 392 291
10 372 266 392 291
11 374 268 394 293
12 374 268 394 293
13 374 268 394 293
14 374 269 394 294
15 374 269 394 294
16 374 268 394 293
17 374 268 394 293
18 373 268 393 293
19 373 268 393 293
20 374 269 394 294
21 373 268 393 293
22 374 268 394 293
23 374 268 394 293
24 373 268 393 293
25 373 268 393 293
26 373 268 393 293
27 373 268 393 293
28 373 268 393 293
29 373 268 393 293
30 372 267 392 292
31 373 267 393 292
32 373 267 393 292
33 373 267 393 292
34 373 267 393 292
35 373 267 393 292
36 373 268 393 293
37 373 267 393 292
38 377 264 397 289
39 383 260 403 285
40 388 259 408 284
41 386 260 406 285
42 379 261 399 286
43 366 263 386 288
44 340 267 360 292
45 318 271 338 296
46 311 273 331 298
47 313 272 333 297
48 316 271 336 296
49 318 270 338 295
50 318 270 338 295
51 317 270 337 295
52 317 271 337 296
53 317 271 337 296
54 317 271 337 296
55 317 270 337 295
56 317 270 337 295
57 317 270 337 295
58 317 270 337 295
59 318 271 338 296
60 318 271 338 296
61 318 271 338 296
62 318 270 338 295
63 318 270 338 295
64 318 270 338 295
65 318 270 338 295
66 318 271 338 296
67 318 271 338 296
68 318 270 338 295
69 318 270 338 295
70 319 270 339 295
71 320 269 340 294
72 319 269 339 294
73 319 269 339 294
74 319 269 339 294
75 319 270 339 295
76 319 270 339 295
77 319 270 339 295
78 319 270 339 295
79 318 271 338 296
80 317 272 337 297
81 316 272 336 297
82 315 272 335 297
83 315 272 335 297
84 316 272 336 297
85 317 272 337 297
86 318 272 338 297
87 318 272 338 297
88 318 271 338 296
89 317 272 337 297
90 317 272 337 297
91 317 272 337 297
92 317 272 337 297
93 316 272 336 297
94 316 273 336 298
95 316 273 336 298
96 316 273 336 298
97 316 273 336 298
98 316 273 336 298
99 316 273 336 298
100 316 273 336 298
101 316 273 336 298
102 315 274 335 299
103 314 274 334 299
104 314 273 334 298
105 314 273 334 298
106 315 272 335 297
107 316 272 336 297
108 315 273 335 298
109 314 274 334 299
110 313 275 333 300
111 312 275 332 300
112 313 274 333 299
113 315 273 335 298
114 316 273 336 298
115 316 273 336 298
116 315 273 335 298
117 315 274 335 299
118 315 273 335 298
119 316 272 336 297
120 317 272 337 297
121 317 272 337 297
122 318 272 338 297
123 318 272 338 297
124 318 271 338 296
125 317 272 337 297
126 316 273 336 298
127 316 273 336 298
128 316 273 336 298
129 317 272 337 297
130 317 272 337 297
131 317 272 337 297
132 316 272 336 297
133 316 273 336 298
134 316 273 336 298
135 316 273 336 298
136 316 272 336 297
137 317 271 337 296
138 318 271 338 296
139 318 272 338 297
140 317 272 337 297
141 317 271 337 296
142 317 271 337 296
143 317 271 337 296
144 317 271 337 296
145 317 271 337 296
146 317 271 337 296
147 317 271 337 296
148 317 271 337 296
149 316 272 336 297
150 315 272 335 297
151 316 272 336 297
152 316 272 336 297
153 316 272 336 297
154 315 273 335 298
155 315 273 335 298
156 315 273 335 298
157 315 274 335 299
158 316 273 336 298
159 318 269 338 294
160 320 266 340 291
161 323 262 343 287
162 321 257 341 282
163 319 254 339 279
164 317 258 337 283
165 315 263 335 288
166 314 267 334 292
167 314 268 334 293
168 315 266 335 291
169 316 264 336 289
170 316 263 336 288
171 316 262 336 287
172 316 262 336 287
173 315 262 335 287
174 315 262 335 287
175 315 263 335 288
176 316 263 336 288
177 316 264 336 289
178 315 264 335 289
179 315 264 335 289
180 315 263 335 288
181 315 263 335 288
182 315 263 335 288
183 315 264 335 289
184 315 264 335 289
185 315 264 335 289
186 314 264 334 289
187 314 264 334 289
188 315 263 335 288
189 315 262 335 287
190 314 262 334 287
191 314 263 334 288
192 314 263 334 288
193 314 263 334 288
194 314 263 334 288
195 314 263 334 288
196 314 264 334 289
197 314 264 334 289
198 314 263 334 288
199 314 263 334 288
200 314 262 334 287
201 314 262 334 287
202 314 263 334 288
203 314 263 334 288
204 314 263 334 288
205 314 263 334 288
206 314 264 334 289
207 314 264 334 289
208 314 263 334 288
209 314 263 334 288
210 314 263 334 288
211 313 264 333 289
212 313 265 333 290
213 313 264 333 289
214 314 264 334 289
215 314 264 334 289
216 314 264 334 289
217 314 264 334 289
218 313 264 333 289
219 313 265 333 290
220 313 265 333 290
221 314 264 334 289
222 314 264 334 289
223 314 264 334 289
224 313 264 333 289
225 313 264 333 289
226 314 264 334 289
227 314 264 334 289
228 314 264 334 289
229 314 264 334 289
230 314 264 334 289
231 314 264 334 289
232 314 264 334 289
233 313 264 333 289
234 313 264 333 289
235 313 265 333 290
236 313 265 333 290
237 313 264 333 289
238 314 263 334 288
239 314 263 334 288
240 314 264 334 289
241 314 264 334 289
242 314 264 334 289
243 314 264 334 289
244 314 264 334 289
245 314 264 334 289
246 314 264 334 289
247 314 264 334 289
248 314 264 334 289
249 313 264 333 289
250 313 263 333 288
251 314 262 334 287
252 314 263 334 288
253 314 264 334 289
254 313 265 333 290
