236 -1 -1 -1 -1
0 737 473 759 495
1 737 474 758 495
2 738 475 759 496
3 738 476 759 497
4 738 476 759 497
5 737 475 758 496
6 737 475 758 496
7 738 475 759 496
8 738 475 759 496
9 738 475 759 496
10 737 475 758 496
11 737 475 758 496
12 737 475 758 496
13 738 475 759 496
14 738 475 759 496
15 738 475 759 496
16 738 475 759 496
17 738 475 759 496
18 738 475 759 496
19 738 475 759 496
20 737 475 758 496
21 737 475 758 496
22 737 475 758 496
23 738 475 759 496
24 738 475 759 496
25 738 475 759 496
26 738 475 759 496
27 738 475 759 496
28 738 475 759 496
29 738 475 759 496
30 738 475 759 496
31 738 475 759 496
32 738 475 759 496
33 738 475 759 496
34 738 475 759 496
35 738 475 759 496
36 738 475 759 496
37 738 475 759 496
38 738 475 759 496
39 738 475 759 496
40 738 475 759 496
41 738 475 759 496
42 738 475 759 496
43 737 475 758 496
44 737 475 758 496
45 738 476 759 497
46 747 475 768 496
47 758 472 779 493
48 774 468 795 489
49 794 464 815 485
50 813 461 834 482
51 831 458 852 479
52 846 455 867 476
53 853 454 874 475
54 859 453 880 474
55 869 451 890 472
56 882 449 903 470
57 897 446 918 467
58 912 443 933 464
59 919 442 940 463
60 925 441 946 462
61 934 439 955 460
62 946 436 967 457
63 961 433 982 454
64 975 430 996 451
65 983 428 1004 449
66 982 427 1003 448
67 969 426 990 447
68 950 425 971 446
69 935 424 956 445
70 925 422 946 443
71 924 421 945 442
72 924 420 945 441
73 920 418 941 439
74 912 416 933 437
75 903 414 924 435
76 894 412 915 433
77 891 411 912 432
78 888 410 909 431
79 883 408 904 429
80 876 407 897 428
81 869 405 890 426
82 861 403 882 424
83 854 402 875 423
84 851 401 872 422
85 849 400 870 421
86 844 398 865 419
87 837 396 858 417
88 829 395 850 416
89 822 394 843 415
90 820 393 841 414
91 818 392 839 413
92 813 390 834 411
93 806 388 827 409
94 799 386 820 407
95 792 385 813 406
96 789 385 810 406
97 787 384 808 405
98 782 383 803 404
99 775 380 796 401
100 769 379 790 400
101 763 378 784 399
102 760 377 781 398
103 757 376 778 397
104 752 374 773 395
105 746 373 767 394
106 740 372 761 393
107 734 371 755 392
108 732 370 753 391
109 729 369 750 390
110 725 367 746 388
111 720 365 741 386
112 714 364 735 385
113 708 363 729 384
114 706 363 727 384
115 703 362 724 383
116 699 361 720 382
117 693 359 714 380
118 688 357 709 378
119 683 356 704 377
120 680 355 701 376
121 678 355 699 376
122 674 354 695 375
123 669 353 690 374
124 664 351 685 372
125 659 349 680 370
126 657 348 678 369
127 655 348 676 369
128 651 348 672 369
129 646 347 667 368
130 641 346 662 367
131 636 344 657 365
132 634 343 655 364
133 632 342 653 363
134 628 341 649 362
135 623 340 644 361
136 619 339 640 360
137 615 338 636 359
138 613 338 634 359
139 611 338 632 359
140 608 337 629 358
141 603 335 624 356
142 598 334 619 355
143 593 333 614 354
144 591 332 612 353
145 588 331 609 352
146 584 330 605 351
147 579 329 600 350
148 572 327 593 348
149 565 325 586 346
150 561 324 582 345
151 559 323 580 344
152 558 323 579 344
153 557 323 578 344
154 556 323 577 344
155 554 322 575 343
156 553 321 574 342
157 552 321 573 342
158 551 321 572 342
159 550 321 571 342
160 548 320 569 341
161 547 320 568 341
162 546 319 567 340
163 546 320 567 341
164 544 320 565 341
165 540 319 561 340
166 536 318 557 339
167 533 317 554 338
168 532 317 553 338
169 531 317 552 338
170 531 317 552 338
171 528 316 549 337
172 527 315 548 336
173 526 315 547 336
174 527 316 548 337
175 526 315 547 336
176 526 315 547 336
177 522 314 543 335
178 519 314 540 335
179 515 313 536 334
180 516 313 537 334
181 517 313 538 334
182 516 313 537 334
183 514 313 535 334
184 512 313 533 334
185 511 312 532 333
186 511 312 532 333
187 510 312 531 333
188 510 312 531 333
189 510 312 531 333
190 510 312 531 333
191 511 312 532 333
192 513 312 534 333
193 512 312 533 333
194 512 312 533 333
195 510 312 531 333
196 509 312 530 333
197 507 311 528 332
198 507 310 528 331
199 509 310 530 331
200 511 311 532 332
201 509 312 530 333
202 508 312 529 333
203 508 312 529 333
204 509 312 530 333
205 506 311 527 332
206 502 310 523 331
207 501 310 522 331
208 504 311 525 332
209 504 311 525 332
210 502 310 523 331
211 498 309 519 330
212 496 309 517 330
213 496 309 517 330
214 499 309 520 330
215 500 309 521 330
216 500 310 521 331
217 500 310 521 331
218 502 310 523 331
219 504 311 525 332
220 507 312 528 333
221 509 312 530 333
222 510 312 531 333
223 510 312 531 333
224 508 311 529 332
225 506 310 527 331
226 506 311 527 332
227 509 312 530 333
228 513 313 534 334
229 517 314 538 335
230 520 315 541 336
231 523 315 544 336
232 526 315 547 336
233 528 316 549 337
234 530 316 551 337
