236 -1 -1 -1 -1
0 491 589 514 612
1 491 589 513 611
2 491 589 513 611
3 491 589 513 611
4 491 589 513 611
5 491 589 513 611
6 491 589 513 611
7 491 589 513 611
8 491 589 513 611
9 491 589 513 611
10 492 589 514 611
11 492 589 514 611
12 491 589 513 611
13 491 589 513 611
14 491 589 513 611
15 491 589 513 611
16 491 589 513 611
17 491 589 513 611
18 491 589 513 611
19 491 589 513 611
20 491 589 513 611
21 491 589 513 611
22 491 589 513 611
23 491 590 513 612
24 491 590 513 612
25 491 589 513 611
26 491 589 513 611
27 491 589 513 611
28 491 589 513 611
29 491 589 513 611
30 490 589 512 611
31 495 587 517 609
32 506 582 528 604
33 522 574 544 596
34 547 562 569 584
35 569 552 591 574
36 586 543 608 565
37 600 536 622 558
38 613 528 635 550
39 628 519 650 541
40 646 510 668 532
41 658 504 680 526
42 668 500 690 522
43 682 495 704 517
44 700 487 722 509
45 718 478 740 500
46 730 470 752 492
47 735 465 757 487
48 729 464 751 486
49 715 464 737 486
50 704 461 726 483
51 701 455 723 477
52 706 448 728 470
53 712 444 734 466
54 716 441 738 463
55 718 438 740 460
56 718 433 740 455
57 718 428 740 450
58 718 422 740 444
59 718 420 740 442
60 719 418 741 440
61 720 413 742 435
62 722 408 744 430
63 723 402 745 424
64 724 397 746 419
65 724 395 746 417
66 725 393 747 415
67 727 390 749 412
68 728 385 750 407
69 729 379 751 401
70 730 374 752 396
71 730 371 752 393
72 731 369 753 391
73 731 366 753 388
74 731 362 753 384
75 733 357 755 379
76 735 352 757 374
77 735 350 757 372
78 735 347 757 369
79 736 343 758 365
80 738 339 760 361
81 739 335 761 357
82 740 331 762 353
83 740 327 762 349
84 741 325 763 347
85 742 323 764 345
86 743 320 765 342
87 743 316 765 338
88 744 311 766 333
89 745 307 767 329
90 746 305 768 327
91 746 303 768 325
92 746 300 768 322
93 747 296 769 318
94 748 292 770 314
95 749 288 771 310
96 751 286 773 308
97 751 284 773 306
98 751 281 773 303
99 752 277 774 299
100 753 272 775 294
101 753 268 775 290
102 754 267 776 289
103 755 265 777 287
104 756 262 778 284
105 756 259 778 281
106 757 255 779 277
107 758 251 780 273
108 759 249 781 271
109 758 247 780 269
110 759 245 781 267
111 759 242 781 264
112 760 238 782 260
113 761 234 783 256
114 762 232 784 254
115 763 230 785 252
116 763 227 785 249
117 764 225 786 247
118 765 222 787 244
119 766 219 788 241
120 766 218 788 240
121 767 217 789 239
122 768 214 790 236
123 769 211 791 233
124 770 208 792 230
125 770 205 792 227
126 770 204 792 226
127 771 202 793 224
128 772 200 794 222
129 772 198 794 220
130 772 194 794 216
131 773 191 795 213
132 773 189 795 211
133 774 189 796 211
134 775 188 797 210
135 775 185 797 207
136 775 180 797 202
137 775 175 797 197
138 776 173 798 195
139 777 171 799 193
140 778 170 800 192
141 780 168 802 190
142 781 165 803 187
143 781 162 803 184
144 781 160 803 182
145 781 158 803 180
146 781 157 803 179
147 781 155 803 177
148 782 151 804 173
149 783 148 805 170
150 784 147 806 169
151 785 146 807 168
152 786 144 808 166
153 786 143 808 165
154 786 141 808 163
155 787 138 809 160
156 787 136 809 158
157 788 135 810 157
158 789 133 811 155
159 789 130 811 152
160 789 127 811 149
161 790 124 812 146
162 791 123 813 145
163 792 122 814 144
164 792 121 814 143
165 792 119 814 141
166 793 117 815 139
167 794 114 816 136
168 794 112 816 134
169 794 110 816 132
170 794 109 816 131
171 794 107 816 129
172 795 104 817 126
173 796 102 818 124
174 796 101 818 123
175 796 101 818 123
176 796 100 818 122
177 796 97 818 119
178 797 94 819 116
179 798 92 820 114
180 799 91 821 113
181 800 90 822 112
182 800 88 822 110
183 800 86 822 108
184 800 84 822 106
185 800 82 822 104
186 801 81 823 103
187 801 80 823 102
188 802 78 824 100
189 802 76 824 98
190 802 74 824 96
191 802 72 824 94
192 802 71 824 93
193 803 70 825 92
194 804 69 826 91
195 805 68 827 90
196 805 66 827 88
197 804 64 826 86
198 803 63 825 85
199 802 62 824 84
200 803 61 825 83
201 805 60 827 82
202 806 59 828 81
203 807 58 829 80
204 808 58 830 80
205 808 58 830 80
206 807 59 829 81
207 806 60 828 82
208 806 61 828 83
209 806 61 828 83
210 807 61 829 83
211 808 61 830 83
212 809 62 831 84
213 809 63 831 85
214 809 64 831 86
215 809 65 831 87
216 809 66 831 88
217 809 67 831 89
218 810 67 832 89
219 810 67 832 89
220 811 68 833 90
221 811 68 833 90
222 811 68 833 90
223 811 69 833 91
224 810 70 832 92
225 810 71 832 93
226 810 72 832 94
227 811 73 833 95
228 811 74 833 96
229 811 75 833 97
230 811 76 833 98
231 812 76 834 98
232 813 75 835 97
233 812 75 834 97
234 811 75 833 97
