214 -1 -1 -1 -1
0 487 304 506 326
1 486 304 504 325
2 486 304 504 325
3 486 304 504 325
4 486 304 504 325
5 486 304 504 325
6 486 304 504 325
7 486 304 504 325
8 486 304 504 325
9 486 304 504 325
10 486 304 504 325
11 486 304 504 325
12 486 304 504 325
13 486 304 504 325
14 487 304 505 325
15 487 304 505 325
16 487 304 505 325
17 487 304 505 325
18 486 304 504 325
19 486 304 504 325
20 487 304 505 325
21 486 304 504 325
22 486 304 504 325
23 486 304 504 325
24 486 304 504 325
25 487 304 505 325
26 486 304 504 325
27 488 304 506 325
28 486 304 504 325
29 487 305 505 326
30 487 304 505 325
31 486 304 504 325
32 487 304 505 325
33 487 305 505 326
34 487 305 505 326
35 486 304 504 325
36 487 304 505 325
37 487 305 505 326
38 487 305 505 326
39 487 305 505 326
40 487 305 505 326
41 487 305 505 326
42 487 305 505 326
43 487 304 505 325
44 488 305 506 326
45 487 304 505 325
46 487 304 505 325
47 487 305 505 326
48 487 305 505 326
49 487 305 505 326
50 487 305 505 326
51 487 305 505 326
52 487 305 505 326
53 487 305 505 326
54 487 304 505 325
55 487 304 505 325
56 487 304 505 325
57 487 305 505 326
58 487 305 505 326
59 487 305 505 326
60 487 304 505 325
61 487 304 505 325
62 487 304 505 325
63 487 304 505 325
64 488 304 506 325
65 487 305 505 326
66 487 304 505 325
67 487 304 505 325
68 486 305 504 326
69 487 305 505 326
70 482 313 500 334
71 471 329 489 350
72 457 347 475 368
73 444 363 462 384
74 432 379 450 400
75 429 382 447 403
76 422 402 440 423
77 418 423 436 444
78 417 436 435 457
79 422 440 440 461
80 426 440 444 461
81 427 439 445 460
82 428 438 446 459
83 427 439 445 460
84 428 438 446 459
85 431 437 449 458
86 433 436 451 457
87 436 435 454 456
88 441 433 459 454
89 450 429 468 450
90 453 428 471 449
91 456 426 474 447
92 457 426 475 447
93 458 426 476 447
94 458 426 476 447
95 457 426 475 447
96 457 426 475 447
97 457 426 475 447
98 457 426 475 447
99 457 426 475 447
100 457 426 475 447
101 457 426 475 447
102 457 426 475 447
103 457 426 475 447
104 457 426 475 447
105 457 426 475 447
106 457 426 475 447
107 457 425 475 446
108 457 426 475 447
109 457 426 475 447
110 457 426 475 447
111 457 426 475 447
112 457 426 475 447
113 457 426 475 447
114 458 426 476 447
115 458 426 476 447
116 458 426 476 447
117 457 426 475 447
118 457 426 475 447
119 457 426 475 447
120 457 426 475 447
121 457 426 475 447
122 457 426 475 447
123 457 426 475 447
124 457 426 475 447
125 457 425 475 446
126 457 426 475 447
127 457 426 475 447
128 457 426 475 447
129 457 426 475 447
130 457 426 475 447
131 457 426 475 447
132 457 426 475 447
133 457 426 475 447
134 457 426 475 447
135 457 426 475 447
136 457 426 475 447
137 458 426 476 447
138 458 426 476 447
139 457 426 475 447
140 457 426 475 447
141 457 426 475 447
142 458 426 476 447
143 457 426 475 447
144 458 426 476 447
145 458 426 476 447
146 458 426 476 447
147 457 426 475 447
148 457 426 475 447
149 457 426 475 447
150 456 426 474 447
151 456 426 474 447
152 456 426 474 447
153 456 426 474 447
154 456 426 474 447
155 457 426 475 447
156 457 426 475 447
157 456 426 474 447
158 456 426 474 447
159 456 426 474 447
160 457 426 475 447
161 456 426 474 447
162 456 426 474 447
163 456 426 474 447
164 456 426 474 447
165 456 426 474 447
166 456 426 474 447
167 456 426 474 447
168 457 426 475 447
169 457 426 475 447
170 457 426 475 447
171 456 426 474 447
172 457 426 475 447
173 457 426 475 447
174 457 426 475 447
175 456 426 474 447
176 456 426 474 447
177 457 426 475 447
178 457 426 475 447
179 457 426 475 447
180 457 426 475 447
181 457 426 475 447
182 457 426 475 447
183 456 426 474 447
184 457 426 475 447
185 457 426 475 447
186 456 426 474 447
187 456 426 474 447
188 457 426 475 447
189 457 426 475 447
190 456 426 474 447
191 457 426 475 447
192 457 426 475 447
193 457 426 475 447
194 457 426 475 447
195 457 426 475 447
196 457 426 475 447
197 457 426 475 447
198 456 426 474 447
199 457 426 475 447
200 456 426 474 447
201 456 426 474 447
202 456 426 474 447
203 457 426 475 447
204 456 426 474 447
205 456 426 474 447
206 457 426 475 447
207 456 426 474 447
208 456 426 474 447
209 456 426 474 447
210 456 426 474 447
211 457 426 475 447
212 457 426 475 447
