214 -1 -1 -1 -1
0 728 146 746 168
1 729 146 746 167
2 731 146 748 167
3 733 146 750 167
4 734 145 751 166
5 734 145 751 166
6 733 145 750 166
7 733 145 750 166
8 733 146 750 167
9 733 146 750 167
10 732 146 749 167
11 732 145 749 166
12 733 145 750 166
13 733 145 750 166
14 732 145 749 166
15 732 146 749 167
16 732 146 749 167
17 732 146 749 167
18 732 146 749 167
19 733 146 750 167
20 733 146 750 167
21 733 146 750 167
22 733 146 750 167
23 732 145 749 166
24 732 145 749 166
25 732 145 749 166
26 732 145 749 166
27 731 146 748 167
28 731 146 748 167
29 731 146 748 167
30 731 147 748 168
31 730 147 747 168
32 730 147 747 168
33 730 147 747 168
34 729 147 746 168
35 729 147 746 168
36 729 147 746 168
37 730 147 747 168
38 730 147 747 168
39 730 147 747 168
40 729 148 746 169
41 729 148 746 169
42 729 147 746 168
43 730 147 747 168
44 730 147 747 168
45 730 147 747 168
46 730 147 747 168
47 730 147 747 168
48 730 147 747 168
49 730 147 747 168
50 730 148 747 169
51 729 148 746 169
52 729 147 746 168
53 729 147 746 168
54 730 147 747 168
55 730 147 747 168
56 730 147 747 168
57 729 148 746 169
58 730 148 747 169
59 728 149 745 170
60 727 149 744 170
61 729 147 746 168
62 732 144 749 165
63 736 141 753 162
64 741 137 758 158
65 746 133 763 154
66 752 129 769 150
67 756 126 773 147
68 759 124 776 145
69 760 123 777 144
70 760 123 777 144
71 758 124 775 145
72 754 126 771 147
73 750 128 767 149
74 747 131 764 152
75 745 134 762 155
76 745 135 762 156
77 747 134 764 155
78 749 131 766 152
79 750 129 767 150
80 752 127 769 148
81 752 127 769 148
82 752 128 769 149
83 751 129 768 150
84 750 129 767 150
85 750 129 767 150
86 751 129 768 150
87 752 128 769 149
88 753 128 770 149
89 752 128 769 149
90 751 127 768 148
91 750 127 767 148
92 749 129 766 150
93 749 130 766 151
94 749 131 766 152
95 752 131 769 152
96 756 129 773 150
97 760 126 777 147
98 764 122 781 143
99 768 118 785 139
100 770 111 787 132
101 771 102 788 123
102 771 89 788 110
103 768 74 785 95
104 763 62 780 83
105 758 56 775 77
106 755 57 772 78
107 753 61 770 82
108 750 66 767 87
109 748 69 765 90
110 745 70 762 91
111 739 69 756 90
112 733 67 750 88
113 729 66 746 87
114 725 65 742 86
115 720 65 737 86
116 713 65 730 86
117 707 65 724 86
118 703 66 720 87
119 700 67 717 88
120 697 67 714 88
121 693 68 710 89
122 688 68 705 89
123 682 67 699 88
124 676 65 693 86
125 671 64 688 85
126 667 63 684 84
127 661 63 678 84
128 655 63 672 84
129 649 64 666 85
130 641 66 658 87
131 634 66 651 87
132 630 66 647 87
133 627 67 644 88
134 623 68 640 89
135 620 68 637 89
136 619 68 636 89
137 617 68 634 89
138 616 68 633 89
139 615 68 632 89
140 615 68 632 89
141 614 67 631 88
142 611 66 628 87
143 609 65 626 86
144 607 65 624 86
145 604 65 621 86
146 603 65 620 86
147 603 66 620 87
148 603 67 620 88
149 605 69 622 90
150 606 70 623 91
151 609 71 626 92
152 612 72 629 93
153 613 72 630 93
154 618 72 635 93
155 626 71 643 92
156 635 70 652 91
157 649 69 666 90
158 663 69 680 90
159 678 69 695 90
160 692 69 709 90
161 702 69 719 90
162 710 69 727 90
163 716 68 733 89
164 722 68 739 89
165 723 68 740 89
166 724 68 741 89
167 722 67 739 88
168 715 67 732 88
169 707 67 724 88
170 703 67 720 88
171 696 67 713 88
172 692 68 709 89
173 686 68 703 89
174 675 68 692 89
175 667 68 684 89
176 659 68 676 89
177 648 68 665 89
178 636 69 653 90
179 623 70 640 91
180 608 69 625 90
181 591 67 608 88
182 575 66 592 87
183 559 66 576 87
184 544 66 561 87
185 529 66 546 87
186 513 65 530 86
187 491 65 508 86
188 469 64 486 85
189 448 64 465 85
190 431 64 448 85
191 418 64 435 85
192 410 65 427 86
193 402 66 419 87
194 396 67 413 88
195 395 67 412 88
196 393 67 410 88
197 391 68 408 89
198 389 68 406 89
199 391 68 408 89
200 397 68 414 89
201 405 67 422 88
202 413 66 430 87
203 417 66 434 87
204 417 65 434 86
205 417 65 434 86
206 413 65 430 86
207 413 65 430 86
208 412 65 429 86
209 410 65 427 86
210 404 65 421 86
211 394 66 411 87
212 386 67 403 88
