344 -1 -1 -1 -1
0 554 81 572 100
1 553 82 570 100
2 554 82 571 100
3 553 82 570 100
4 553 82 570 100
5 554 82 571 100
6 553 82 570 100
7 554 82 571 100
8 553 82 570 100
9 554 82 571 100
10 553 82 570 100
11 553 82 570 100
12 554 82 571 100
13 554 82 571 100
14 553 82 570 100
15 554 82 571 100
16 553 82 570 100
17 553 82 570 100
18 553 82 570 100
19 554 82 571 100
20 556 85 573 103
21 561 95 578 113
22 567 105 584 123
23 568 106 585 124
24 573 115 590 133
25 580 124 597 142
26 585 133 602 151
27 591 142 608 160
28 596 152 613 170
29 597 152 614 170
30 602 161 619 179
31 609 171 626 189
32 614 180 631 198
33 620 190 637 208
34 626 199 643 217
35 627 200 644 218
36 632 209 649 227
37 639 219 656 237
38 644 229 661 247
39 650 239 667 257
40 657 249 674 267
41 657 249 674 267
42 663 258 680 276
43 669 269 686 287
44 675 279 692 297
45 682 290 699 308
46 688 300 705 318
47 688 300 705 318
48 694 310 711 328
49 701 321 718 339
50 708 331 725 349
51 715 342 732 360
52 721 353 738 371
53 722 353 739 371
54 728 363 745 381
55 734 374 751 392
56 741 385 758 403
57 748 396 765 414
58 755 407 772 425
59 756 408 773 426
60 762 417 779 435
61 769 429 786 447
62 777 441 794 459
63 784 452 801 470
64 791 463 808 481
65 791 464 808 482
66 798 475 815 493
67 806 487 823 505
68 813 499 830 517
69 820 511 837 529
70 828 522 845 540
71 829 523 846 541
72 835 530 852 548
73 850 543 867 561
74 864 554 881 572
75 878 563 895 581
76 892 573 909 591
77 896 577 913 595
78 905 584 922 602
79 919 592 936 610
80 933 600 950 618
81 945 602 962 620
82 952 595 969 613
83 953 590 970 608
84 958 583 975 601
85 967 576 984 594
86 976 569 993 587
87 984 563 1001 581
88 991 558 1008 576
89 995 551 1012 569
90 996 550 1013 568
91 988 546 1005 564
92 980 541 997 559
93 974 536 991 554
94 967 531 984 549
95 961 526 978 544
96 960 526 977 544
97 956 521 973 539
98 948 516 965 534
99 942 511 959 529
100 936 506 953 524
101 930 501 947 519
102 930 501 947 519
103 925 497 942 515
104 919 492 936 510
105 913 487 930 505
106 908 482 925 500
107 902 477 919 495
108 901 477 918 495
109 897 473 914 491
110 891 469 908 487
111 885 464 902 482
112 880 459 897 477
113 874 455 891 473
114 874 455 891 473
115 870 451 887 469
116 864 446 881 464
117 859 442 876 460
118 853 438 870 456
119 848 433 865 451
120 848 433 865 451
121 843 430 860 448
122 837 425 854 443
123 833 421 850 439
124 828 417 845 435
125 823 412 840 430
126 823 412 840 430
127 819 408 836 426
128 813 404 830 422
129 809 401 826 419
130 804 396 821 414
131 799 393 816 411
132 799 393 816 411
133 795 389 812 407
134 790 384 807 402
135 785 381 802 399
136 781 378 798 396
137 777 373 794 391
138 776 374 793 392
139 772 370 789 388
140 768 366 785 384
141 763 363 780 381
142 759 359 776 377
143 755 355 772 373
144 755 355 772 373
145 751 352 768 370
146 746 348 763 366
147 742 345 759 363
148 738 342 755 360
149 734 338 751 356
150 734 338 751 356
151 730 335 747 353
152 726 331 743 349
153 722 328 739 346
154 718 325 735 343
155 714 321 731 339
156 714 321 731 339
157 711 318 728 336
158 707 315 724 333
159 703 312 720 330
160 699 308 716 326
161 695 305 712 323
162 695 305 712 323
163 691 303 708 321
164 688 299 705 317
165 685 296 702 314
166 681 293 698 311
167 677 290 694 308
168 677 290 694 308
169 675 287 692 305
170 671 284 688 302
171 667 281 684 299
172 664 278 681 296
173 661 275 678 293
174 660 275 677 293
175 657 272 674 290
176 654 270 671 288
177 651 267 668 285
178 647 264 664 282
179 644 261 661 279
180 644 261 661 279
181 641 258 658 276
182 638 256 655 274
183 635 253 652 271
184 632 251 649 269
185 629 248 646 266
186 629 248 646 266
187 626 246 643 264
188 623 243 640 261
189 620 240 637 258
190 617 238 634 256
191 614 236 631 254
192 615 235 632 253
193 611 233 628 251
194 608 230 625 248
195 605 228 622 246
196 603 226 620 244
197 600 223 617 241
198 600 223 617 241
199 597 221 614 239
200 595 219 612 237
201 592 216 609 234
202 589 214 606 232
203 587 212 604 230
204 587 212 604 230
205 585 209 602 227
206 582 207 599 225
207 579 205 596 223
208 577 203 594 221
209 574 201 591 219
210 574 200 591 218
211 572 198 589 216
212 569 196 586 214
213 567 194 584 212
214 565 192 582 210
215 562 190 579 208
216 562 190 579 208
217 560 188 577 206
218 558 186 575 204
219 555 184 572 202
220 553 182 570 200
221 551 180 568 198
222 550 180 567 198
223 549 178 566 196
224 546 176 563 194
225 544 174 561 192
226 542 173 559 191
227 540 171 557 189
228 540 170 557 188
229 537 168 554 186
230 535 166 552 184
231 533 165 550 183
232 531 163 548 181
233 529 162 546 180
234 529 162 546 180
235 527 161 544 179
236 525 159 542 177
237 523 159 540 177
238 521 157 538 175
239 519 157 536 175
240 519 157 536 175
241 517 156 534 174
242 513 156 530 174
243 511 155 528 173
244 509 154 526 172
245 509 154 526 172
246 509 154 526 172
247 506 154 523 172
248 504 153 521 171
249 501 152 518 170
250 500 152 517 170
251 498 152 515 170
252 497 152 514 170
253 496 152 513 170
254 494 151 511 169
255 492 151 509 169
256 490 150 507 168
257 488 150 505 168
258 488 150 505 168
259 486 150 503 168
260 485 149 502 167
261 483 149 500 167
262 481 149 498 167
263 480 148 497 166
264 480 148 497 166
265 478 147 495 165
266 477 147 494 165
267 476 147 493 165
268 474 147 491 165
269 473 147 490 165
270 473 147 490 165
271 472 146 489 164
272 471 147 488 165
273 469 146 486 164
274 468 146 485 164
275 466 146 483 164
276 466 145 483 163
277 465 145 482 163
278 464 145 481 163
279 464 145 481 163
280 462 144 479 162
281 461 144 478 162
282 462 144 479 162
283 460 144 477 162
284 460 144 477 162
285 459 144 476 162
286 458 144 475 162
287 457 143 474 161
288 457 143 474 161
289 456 143 473 161
290 455 143 472 161
291 455 143 472 161
292 454 142 471 160
293 454 142 471 160
294 454 142 471 160
295 453 143 470 161
296 453 143 470 161
297 452 142 469 160
298 452 142 469 160
299 451 142 468 160
300 451 142 468 160
301 450 142 467 160
302 450 142 467 160
303 450 142 467 160
304 450 142 467 160
305 450 142 467 160
306 449 142 466 160
307 449 142 466 160
308 449 141 466 159
309 449 141 466 159
310 449 142 466 160
311 449 141 466 159
312 449 141 466 159
313 449 141 466 159
314 449 142 466 160
315 448 141 465 159
316 449 142 466 160
317 448 141 465 159
318 448 141 465 159
319 448 141 465 159
320 448 141 465 159
321 448 142 465 160
322 448 141 465 159
323 449 142 466 160
324 449 141 466 159
325 449 141 466 159
326 448 141 465 159
327 448 141 465 159
328 448 141 465 159
329 449 142 466 160
330 449 141 466 159
331 448 141 465 159
332 449 142 466 160
333 448 141 465 159
334 448 141 465 159
335 449 141 466 159
336 449 141 466 159
337 449 142 466 160
338 449 141 466 159
339 448 141 465 159
340 448 142 465 160
341 448 141 465 159
342 448 142 465 160
