344 -1 -1 -1 -1
0 818 540 839 562
1 818 541 838 562
2 819 542 839 563
3 818 543 838 564
4 818 543 838 564
5 818 542 838 563
6 818 542 838 563
7 818 542 838 563
8 818 542 838 563
9 818 542 838 563
10 818 541 838 562
11 818 541 838 562
12 818 542 838 563
13 818 542 838 563
14 819 542 839 563
15 819 542 839 563
16 819 542 839 563
17 819 542 839 563
18 818 542 838 563
19 818 542 838 563
20 818 542 838 563
21 818 542 838 563
22 818 542 838 563
23 819 542 839 563
24 819 542 839 563
25 819 542 839 563
26 819 542 839 563
27 818 542 838 563
28 818 541 838 562
29 818 541 838 562
30 818 542 838 563
31 819 542 839 563
32 819 542 839 563
33 819 542 839 563
34 818 542 838 563
35 818 542 838 563
36 818 542 838 563
37 818 542 838 563
38 819 542 839 563
39 819 542 839 563
40 818 542 838 563
41 818 542 838 563
42 819 542 839 563
43 819 542 839 563
44 819 541 839 562
45 819 541 839 562
46 819 542 839 563
47 818 542 838 563
48 818 542 838 563
49 819 542 839 563
50 819 542 839 563
51 819 542 839 563
52 819 542 839 563
53 818 542 838 563
54 818 542 838 563
55 818 542 838 563
56 818 542 838 563
57 819 542 839 563
58 819 542 839 563
59 819 542 839 563
60 818 542 838 563
61 818 542 838 563
62 818 542 838 563
63 819 542 839 563
64 819 542 839 563
65 819 542 839 563
66 818 542 838 563
67 818 542 838 563
68 819 542 839 563
69 819 541 839 562
70 819 541 839 562
71 819 541 839 562
72 819 542 839 563
73 815 544 835 565
74 807 547 827 568
75 799 550 819 571
76 794 552 814 573
77 792 553 812 574
78 790 554 810 575
79 785 556 805 577
80 780 558 800 579
81 774 560 794 581
82 768 562 788 583
83 765 563 785 584
84 763 565 783 586
85 758 567 778 588
86 752 569 772 590
87 747 571 767 592
88 742 573 762 594
89 738 575 758 596
90 736 576 756 597
91 733 577 753 598
92 729 579 749 600
93 723 581 743 602
94 717 583 737 604
95 713 584 733 605
96 712 585 732 606
97 713 586 733 607
98 714 587 734 608
99 714 589 734 610
100 713 590 733 611
101 713 591 733 612
102 712 591 732 612
103 712 592 732 613
104 711 592 731 613
105 711 593 731 614
106 711 594 731 615
107 710 595 730 616
108 709 595 729 616
109 708 595 728 616
110 707 595 727 616
111 706 596 726 617
112 705 596 725 617
113 704 596 724 617
114 702 596 722 617
115 699 595 719 616
116 692 594 712 615
117 685 593 705 614
118 678 592 698 613
119 670 591 690 612
120 666 590 686 611
121 666 589 686 610
122 668 585 688 606
123 669 582 689 603
124 671 577 691 598
125 671 571 691 592
126 672 567 692 588
127 674 562 694 583
128 676 558 696 579
129 677 553 697 574
130 677 549 697 570
131 678 549 698 570
132 677 549 697 570
133 676 547 696 568
134 675 544 695 565
135 675 543 695 564
136 676 544 696 565
137 675 543 695 564
138 674 541 694 562
139 674 540 694 561
140 675 542 695 563
141 675 542 695 563
142 675 541 695 562
143 674 540 694 561
144 674 540 694 561
145 674 540 694 561
146 674 540 694 561
147 674 540 694 561
148 674 540 694 561
149 674 541 694 562
150 674 541 694 562
151 674 541 694 562
152 673 539 693 560
153 672 538 692 559
154 672 537 692 558
155 671 536 691 557
156 671 535 691 556
157 671 534 691 555
158 670 532 690 553
159 670 532 690 553
160 668 530 688 551
161 667 527 687 548
162 666 524 686 545
163 665 522 685 543
164 663 519 683 540
165 664 521 684 542
166 665 522 685 543
167 664 521 684 542
168 662 517 682 538
169 660 513 680 534
170 660 511 680 532
171 660 511 680 532
172 661 514 681 535
173 661 513 681 534
174 659 508 679 529
175 656 502 676 523
176 653 496 673 517
177 650 490 670 511
178 648 486 668 507
179 649 486 669 507
180 650 488 670 509
181 650 487 670 508
182 648 485 668 506
183 647 485 667 506
184 647 484 667 505
185 648 484 668 505
186 648 486 668 507
187 648 486 668 507
188 648 485 668 506
189 647 483 667 504
190 647 483 667 504
191 646 481 666 502
192 645 478 665 499
193 644 475 664 496
194 643 475 663 496
195 643 475 663 496
196 645 478 665 499
197 646 480 666 501
198 646 480 666 501
199 644 478 664 499
200 643 476 663 497
201 643 475 663 496
202 643 474 663 495
203 643 474 663 495
204 643 474 663 495
205 643 473 663 494
206 642 472 662 493
207 642 473 662 494
208 642 473 662 494
209 642 472 662 493
210 642 472 662 493
211 642 472 662 493
212 643 472 663 493
213 644 473 664 494
214 644 474 664 495
215 643 474 663 495
216 643 473 663 494
217 642 471 662 492
218 642 470 662 491
219 642 470 662 491
220 642 471 662 492
221 642 470 662 491
222 642 470 662 491
223 642 470 662 491
224 643 471 663 492
225 643 471 663 492
226 642 471 662 492
227 642 470 662 491
228 642 469 662 490
229 643 470 663 491
230 643 470 663 491
231 642 470 662 491
232 641 470 661 491
233 642 470 662 491
234 642 470 662 491
235 642 469 662 490
236 642 469 662 490
237 641 469 661 490
238 641 468 661 489
239 641 468 661 489
240 641 469 661 490
241 641 469 661 490
242 641 469 661 490
243 641 469 661 490
244 641 469 661 490
245 641 469 661 490
246 641 469 661 490
247 641 469 661 490
248 641 469 661 490
249 641 469 661 490
250 641 469 661 490
251 641 469 661 490
252 641 469 661 490
253 641 469 661 490
254 641 469 661 490
255 641 469 661 490
256 641 469 661 490
257 641 469 661 490
258 641 469 661 490
259 641 469 661 490
260 641 469 661 490
261 641 470 661 491
262 641 470 661 491
263 641 470 661 491
264 641 469 661 490
265 641 469 661 490
266 641 469 661 490
267 641 469 661 490
268 641 469 661 490
269 641 469 661 490
270 641 470 661 491
271 641 470 661 491
272 641 469 661 490
273 641 469 661 490
274 641 469 661 490
275 641 469 661 490
276 641 469 661 490
277 641 469 661 490
278 641 470 661 491
279 641 470 661 491
280 641 469 661 490
281 641 469 661 490
282 641 469 661 490
283 641 469 661 490
284 641 469 661 490
285 641 469 661 490
286 641 469 661 490
287 641 469 661 490
288 641 469 661 490
289 641 469 661 490
290 641 470 661 491
291 641 470 661 491
292 641 470 661 491
293 641 470 661 491
294 641 470 661 491
295 641 469 661 490
296 641 469 661 490
297 641 469 661 490
298 641 469 661 490
299 640 469 660 490
300 640 469 660 490
301 641 470 661 491
302 641 470 661 491
303 641 470 661 491
304 641 470 661 491
305 641 470 661 491
306 641 470 661 491
307 641 469 661 490
308 641 469 661 490
309 641 469 661 490
310 641 469 661 490
311 641 469 661 490
312 641 469 661 490
313 641 470 661 491
314 641 469 661 490
315 641 469 661 490
316 641 469 661 490
317 641 470 661 491
318 640 469 660 490
319 640 469 660 490
320 641 469 661 490
321 641 469 661 490
322 641 469 661 490
323 640 469 660 490
324 640 469 660 490
325 641 469 661 490
326 641 469 661 490
327 641 469 661 490
328 641 470 661 491
329 641 470 661 491
330 641 469 661 490
331 640 469 660 490
332 640 469 660 490
333 641 469 661 490
334 641 469 661 490
335 641 469 661 490
336 640 470 660 491
337 640 470 660 491
338 640 470 660 491
339 641 470 661 491
340 641 469 661 490
341 641 469 661 490
342 641 470 661 491
