229 -1 -1 -1 -1
0 936 338 954 359
1 937 339 954 359
2 937 339 954 359
3 937 339 954 359
4 937 339 954 359
5 937 339 954 359
6 937 339 954 359
7 937 339 954 359
8 937 338 954 358
9 936 339 953 359
10 937 339 954 359
11 937 339 954 359
12 937 339 954 359
13 937 338 954 358
14 936 339 953 359
15 936 339 953 359
16 937 339 954 359
17 937 339 954 359
18 937 339 954 359
19 937 338 954 358
20 937 339 954 359
21 937 339 954 359
22 937 338 954 358
23 937 339 954 359
24 937 339 954 359
25 937 339 954 359
26 937 339 954 359
27 937 339 954 359
28 937 339 954 359
29 937 339 954 359
30 937 338 954 358
31 937 339 954 359
32 937 339 954 359
33 937 339 954 359
34 937 338 954 358
35 936 339 953 359
36 937 339 954 359
37 936 339 953 359
38 937 339 954 359
39 937 339 954 359
40 937 339 954 359
41 937 339 954 359
42 937 339 954 359
43 937 339 954 359
44 937 339 954 359
45 936 339 953 359
46 937 339 954 359
47 937 339 954 359
48 937 339 954 359
49 937 339 954 359
50 937 339 954 359
51 937 339 954 359
52 937 339 954 359
53 937 339 954 359
54 937 339 954 359
55 937 339 954 359
56 936 339 953 359
57 937 339 954 359
58 937 339 954 359
59 937 339 954 359
60 937 339 954 359
61 937 339 954 359
62 936 338 953 358
63 936 339 953 359
64 936 339 953 359
65 937 339 954 359
66 937 339 954 359
67 936 339 953 359
68 937 339 954 359
69 936 339 953 359
70 936 339 953 359
71 936 339 953 359
72 936 339 953 359
73 936 339 953 359
74 936 339 953 359
75 936 339 953 359
76 936 339 953 359
77 936 339 953 359
78 936 339 953 359
79 936 339 953 359
80 937 339 954 359
81 936 339 953 359
82 936 339 953 359
83 936 339 953 359
84 936 339 953 359
85 936 339 953 359
86 936 339 953 359
87 936 339 953 359
88 936 339 953 359
89 936 339 953 359
90 936 339 953 359
91 936 339 953 359
92 936 339 953 359
93 936 339 953 359
94 936 339 953 359
95 936 339 953 359
96 936 339 953 359
97 936 339 953 359
98 936 339 953 359
99 936 339 953 359
100 936 339 953 359
101 936 338 953 358
102 936 338 953 358
103 936 338 953 358
104 936 339 953 359
105 936 339 953 359
106 936 339 953 359
107 936 339 953 359
108 936 339 953 359
109 936 338 953 358
110 936 338 953 358
111 936 338 953 358
112 936 339 953 359
113 936 339 953 359
114 936 338 953 358
115 936 338 953 358
116 936 339 953 359
117 936 339 953 359
118 936 338 953 358
119 936 338 953 358
120 936 338 953 358
121 936 338 953 358
122 936 338 953 358
123 936 338 953 358
124 936 338 953 358
125 936 339 953 359
126 937 338 954 358
127 936 338 953 358
128 936 339 953 359
129 937 338 954 358
130 937 338 954 358
131 936 339 953 359
132 936 339 953 359
133 936 338 953 358
134 937 338 954 358
135 936 338 953 358
136 936 338 953 358
137 936 338 953 358
138 936 338 953 358
139 936 338 953 358
140 936 338 953 358
141 936 338 953 358
142 936 338 953 358
143 936 338 953 358
144 937 338 954 358
145 937 338 954 358
146 936 338 953 358
147 936 338 953 358
148 936 338 953 358
149 937 338 954 358
150 937 338 954 358
151 937 338 954 358
152 936 338 953 358
153 937 338 954 358
154 937 338 954 358
155 937 338 954 358
156 936 338 953 358
157 939 341 956 361
158 933 350 950 370
159 927 356 944 376
160 912 362 929 382
161 888 370 905 390
162 852 383 869 403
163 817 396 834 416
164 790 407 807 427
165 770 416 787 436
166 766 418 783 438
167 753 423 770 443
168 730 431 747 451
169 701 441 718 461
170 675 451 692 471
171 660 456 677 476
172 653 459 670 479
173 636 466 653 486
174 610 475 627 495
175 585 485 602 505
176 561 494 578 514
177 551 497 568 517
178 538 502 555 522
179 517 510 534 530
180 491 520 508 540
181 465 529 482 549
182 439 538 456 558
183 428 541 445 561
184 417 547 434 567
185 394 556 411 576
186 365 567 382 587
187 338 576 355 596
188 312 586 329 606
189 299 590 316 610
190 286 593 303 613
191 265 599 282 619
192 235 608 252 628
193 204 611 221 631
194 178 612 195 632
195 158 612 175 632
196 142 612 159 632
197 129 612 146 632
198 123 612 140 632
199 126 615 143 635
200 140 618 157 638
201 162 617 179 637
202 191 612 208 632
203 215 609 232 629
204 229 609 246 629
205 234 612 251 632
206 231 613 248 633
207 224 609 241 629
208 217 602 234 622
209 212 596 229 616
210 209 592 226 612
211 209 590 226 610
212 212 589 229 609
213 215 587 232 607
214 217 585 234 605
215 216 583 233 603
216 215 582 232 602
217 215 580 232 600
218 215 576 232 596
219 215 573 232 593
220 215 573 232 593
221 216 570 233 590
222 217 567 234 587
223 218 563 235 583
224 219 562 236 582
225 219 564 236 584
226 218 567 235 587
227 217 570 234 590
