229 -1 -1 -1 -1
0 577 127 594 146
1 577 128 593 146
2 577 128 593 146
3 576 128 592 146
4 576 128 592 146
5 577 128 593 146
6 577 128 593 146
7 577 128 593 146
8 577 128 593 146
9 576 127 592 145
10 576 127 592 145
11 576 128 592 146
12 576 128 592 146
13 576 128 592 146
14 577 128 593 146
15 577 128 593 146
16 577 128 593 146
17 577 128 593 146
18 576 128 592 146
19 575 128 591 146
20 575 128 591 146
21 575 127 591 145
22 575 127 591 145
23 575 126 591 144
24 575 127 591 145
25 575 127 591 145
26 575 127 591 145
27 575 127 591 145
28 575 127 591 145
29 575 127 591 145
30 575 127 591 145
31 576 127 592 145
32 577 128 593 146
33 577 128 593 146
34 576 128 592 146
35 575 128 591 146
36 575 128 591 146
37 576 128 592 146
38 576 128 592 146
39 576 128 592 146
40 576 128 592 146
41 577 128 593 146
42 577 128 593 146
43 576 128 592 146
44 576 128 592 146
45 576 128 592 146
46 576 128 592 146
47 576 128 592 146
48 577 128 593 146
49 577 128 593 146
50 577 128 593 146
51 576 128 592 146
52 576 128 592 146
53 576 128 592 146
54 576 128 592 146
55 576 128 592 146
56 576 128 592 146
57 576 128 592 146
58 576 128 592 146
59 576 128 592 146
60 576 128 592 146
61 576 127 592 145
62 575 127 591 145
63 575 127 591 145
64 575 127 591 145
65 575 127 591 145
66 576 127 592 145
67 576 127 592 145
68 576 128 592 146
69 575 128 591 146
70 575 127 591 145
71 575 126 591 144
72 575 127 591 145
73 576 128 592 146
74 576 128 592 146
75 576 128 592 146
76 576 127 592 145
77 575 127 591 145
78 576 128 592 146
79 576 128 592 146
80 576 128 592 146
81 576 128 592 146
82 575 127 591 145
83 574 127 590 145
84 574 127 590 145
85 575 127 591 145
86 576 127 592 145
87 576 127 592 145
88 575 127 591 145
89 575 127 591 145
90 575 127 591 145
91 574 127 590 145
92 574 127 590 145
93 574 127 590 145
94 574 127 590 145
95 574 127 590 145
96 574 127 590 145
97 575 127 591 145
98 575 127 591 145
99 575 127 591 145
100 575 127 591 145
101 574 127 590 145
102 573 127 589 145
103 574 127 590 145
104 575 126 591 144
105 576 126 592 144
106 576 127 592 145
107 576 128 592 146
108 576 128 592 146
109 576 127 592 145
110 576 127 592 145
111 576 127 592 145
112 576 127 592 145
113 576 127 592 145
114 576 128 592 146
115 576 128 592 146
116 576 127 592 145
117 575 127 591 145
118 575 127 591 145
119 576 127 592 145
120 576 128 592 146
121 576 128 592 146
122 576 128 592 146
123 576 128 592 146
124 576 128 592 146
125 576 128 592 146
126 576 128 592 146
127 576 127 592 145
128 576 127 592 145
129 576 128 592 146
130 576 128 592 146
131 575 127 591 145
132 575 127 591 145
133 576 128 592 146
134 577 128 593 146
135 577 128 593 146
136 576 128 592 146
137 576 128 592 146
138 576 128 592 146
139 576 128 592 146
140 576 128 592 146
141 577 128 593 146
142 577 128 593 146
143 576 128 592 146
144 575 127 591 145
145 572 125 588 143
146 566 120 582 138
147 558 112 574 130
148 551 103 567 121
149 546 97 562 115
150 543 95 559 113
151 542 97 558 115
152 544 100 560 118
153 548 104 564 122
154 553 107 569 125
155 557 109 573 127
156 559 110 575 128
157 558 109 574 127
158 556 107 572 125
159 553 106 569 124
160 551 105 567 123
161 551 104 567 122
162 551 103 567 121
163 550 102 566 120
164 550 102 566 120
165 551 102 567 120
166 551 103 567 121
167 552 104 568 122
168 552 105 568 123
169 553 105 569 123
170 553 105 569 123
171 553 105 569 123
172 552 105 568 123
173 552 104 568 122
174 551 103 567 121
175 550 103 566 121
176 551 103 567 121
177 551 104 567 122
178 550 104 566 122
179 551 105 567 123
180 552 106 568 124
181 553 107 569 125
182 553 106 569 124
183 553 105 569 123
184 553 105 569 123
185 553 106 569 124
186 554 106 570 124
187 554 106 570 124
188 554 106 570 124
189 554 106 570 124
190 553 106 569 124
191 553 107 569 125
192 553 107 569 125
193 552 105 568 123
194 552 103 568 121
195 551 102 567 120
196 551 102 567 120
197 552 102 568 120
198 553 103 569 121
199 554 103 570 121
200 555 103 571 121
201 555 102 571 120
202 554 100 570 118
203 553 98 569 116
204 552 96 568 114
205 552 94 568 112
206 553 93 569 111
207 554 92 570 110
208 554 91 570 109
209 553 91 569 109
210 552 90 568 108
211 552 88 568 106
212 551 85 567 103
213 549 83 565 101
214 548 81 564 99
215 546 79 562 97
216 544 77 560 95
217 541 74 557 92
218 538 71 554 89
219 536 69 552 87
220 534 67 550 85
221 531 64 547 82
222 528 61 544 79
223 526 57 542 75
224 523 53 539 71
225 519 51 535 69
226 515 52 531 70
227 509 55 525 73
