272 -1 -1 -1 -1
0 559 534 579 556
1 559 534 578 555
2 559 534 578 555
3 559 534 578 555
4 559 535 578 556
5 559 534 578 555
6 559 534 578 555
7 559 534 578 555
8 559 534 578 555
9 559 534 578 555
10 559 534 578 555
11 559 535 578 556
12 560 535 579 556
13 559 535 578 556
14 559 536 578 557
15 559 536 578 557
16 559 535 578 556
17 559 535 578 556
18 559 535 578 556
19 559 535 578 556
20 559 535 578 556
21 561 536 580 557
22 561 536 580 557
23 572 543 591 564
24 590 552 609 573
25 610 559 629 580
26 627 566 646 587
27 642 572 661 593
28 645 572 664 593
29 654 574 673 595
30 668 577 687 598
31 693 544 712 565
32 700 543 719 564
33 697 542 716 563
34 696 542 715 563
35 696 542 715 563
36 696 542 715 563
37 697 542 716 563
38 697 542 716 563
39 697 542 716 563
40 697 543 716 564
41 697 543 716 564
42 697 542 716 563
43 697 542 716 563
44 697 542 716 563
45 697 542 716 563
46 697 542 716 563
47 697 542 716 563
48 696 542 715 563
49 696 542 715 563
50 697 542 716 563
51 696 542 715 563
52 696 542 715 563
53 696 542 715 563
54 696 542 715 563
55 697 542 716 563
56 697 542 716 563
57 696 542 715 563
58 696 542 715 563
59 697 543 716 564
60 697 543 716 564
61 697 543 716 564
62 697 543 716 564
63 697 543 716 564
64 697 543 716 564
65 697 543 716 564
66 697 543 716 564
67 698 543 717 564
68 697 543 716 564
69 697 543 716 564
70 697 543 716 564
71 697 543 716 564
72 697 543 716 564
73 697 543 716 564
74 697 543 716 564
75 697 543 716 564
76 696 543 715 564
77 697 543 716 564
78 697 543 716 564
79 697 543 716 564
80 697 543 716 564
81 697 543 716 564
82 697 543 716 564
83 697 543 716 564
84 697 543 716 564
85 697 543 716 564
86 697 543 716 564
87 697 543 716 564
88 697 543 716 564
89 697 543 716 564
90 697 543 716 564
91 697 543 716 564
92 697 542 716 563
93 697 542 716 563
94 697 542 716 563
95 697 542 716 563
96 697 543 716 564
97 697 543 716 564
98 697 543 716 564
99 697 543 716 564
100 697 543 716 564
101 697 543 716 564
102 697 543 716 564
103 697 543 716 564
104 697 543 716 564
105 697 543 716 564
106 697 543 716 564
107 696 543 715 564
108 697 543 716 564
109 697 543 716 564
110 696 543 715 564
111 696 543 715 564
112 697 543 716 564
113 697 543 716 564
114 697 543 716 564
115 697 543 716 564
116 697 543 716 564
117 697 543 716 564
118 697 543 716 564
119 697 543 716 564
120 697 543 716 564
121 697 543 716 564
122 697 543 716 564
123 697 542 716 563
124 697 543 716 564
125 697 542 716 563
126 697 542 716 563
127 697 543 716 564
128 697 543 716 564
129 697 543 716 564
130 697 543 716 564
131 697 543 716 564
132 697 543 716 564
133 697 543 716 564
134 697 543 716 564
135 697 543 716 564
136 697 543 716 564
137 697 543 716 564
138 697 543 716 564
139 697 543 716 564
140 697 543 716 564
141 697 543 716 564
142 697 543 716 564
143 696 543 715 564
144 697 543 716 564
145 697 543 716 564
146 697 543 716 564
147 697 543 716 564
148 697 543 716 564
149 696 543 715 564
150 696 543 715 564
151 696 543 715 564
152 696 543 715 564
153 696 543 715 564
154 696 543 715 564
155 696 543 715 564
156 696 543 715 564
157 696 543 715 564
158 696 543 715 564
159 696 543 715 564
160 696 543 715 564
161 696 543 715 564
162 696 543 715 564
163 696 543 715 564
164 697 543 716 564
165 697 543 716 564
166 697 543 716 564
167 697 543 716 564
168 697 543 716 564
169 697 543 716 564
170 696 543 715 564
171 697 543 716 564
172 697 543 716 564
173 697 543 716 564
174 696 543 715 564
175 697 543 716 564
176 697 543 716 564
177 697 543 716 564
178 696 543 715 564
179 696 543 715 564
180 696 543 715 564
181 696 543 715 564
182 696 543 715 564
183 695 543 714 564
184 696 543 715 564
185 696 543 715 564
186 696 543 715 564
187 696 543 715 564
188 696 543 715 564
189 696 543 715 564
190 696 543 715 564
191 696 543 715 564
192 696 543 715 564
193 696 543 715 564
194 696 543 715 564
195 696 543 715 564
196 696 543 715 564
197 696 543 715 564
198 696 543 715 564
199 696 543 715 564
200 696 543 715 564
201 696 543 715 564
202 696 543 715 564
203 696 543 715 564
204 696 543 715 564
205 695 543 714 564
206 696 543 715 564
207 696 543 715 564
208 696 543 715 564
209 697 543 716 564
210 697 543 716 564
211 696 543 715 564
212 697 543 716 564
213 697 543 716 564
214 696 543 715 564
215 697 543 716 564
216 697 543 716 564
217 697 543 716 564
218 697 543 716 564
219 696 543 715 564
220 697 543 716 564
221 697 543 716 564
222 697 543 716 564
223 697 543 716 564
224 697 543 716 564
225 697 543 716 564
226 697 543 716 564
227 697 543 716 564
228 697 543 716 564
229 697 543 716 564
230 696 543 715 564
231 697 543 716 564
232 696 543 715 564
233 697 543 716 564
234 697 543 716 564
235 697 543 716 564
236 697 543 716 564
237 697 543 716 564
238 697 543 716 564
239 697 543 716 564
240 696 543 715 564
241 697 543 716 564
242 697 543 716 564
243 696 543 715 564
244 697 543 716 564
245 697 543 716 564
246 697 543 716 564
247 697 543 716 564
248 697 543 716 564
249 696 543 715 564
250 697 543 716 564
251 696 543 715 564
252 697 543 716 564
253 696 543 715 564
254 696 543 715 564
255 696 543 715 564
256 696 543 715 564
257 697 543 716 564
258 697 543 716 564
259 696 543 715 564
260 697 543 716 564
261 696 543 715 564
262 697 543 716 564
263 697 543 716 564
264 697 543 716 564
265 697 543 716 564
266 696 543 715 564
267 697 543 716 564
268 697 543 716 564
269 697 543 716 564
270 697 543 716 564
