272 -1 -1 -1 -1
0 484 395 504 417
1 484 396 503 417
2 484 396 503 417
3 484 396 503 417
4 485 396 504 417
5 484 396 503 417
6 484 396 503 417
7 485 396 504 417
8 485 396 504 417
9 485 396 504 417
10 484 396 503 417
11 483 395 502 416
12 483 395 502 416
13 484 396 503 417
14 484 395 503 416
15 483 391 502 412
16 480 385 499 406
17 476 378 495 399
18 473 372 492 393
19 471 365 490 386
20 469 357 488 378
21 465 347 484 368
22 458 331 477 352
23 450 313 469 334
24 443 299 462 320
25 440 291 459 312
26 440 290 459 311
27 441 294 460 315
28 443 302 462 323
29 447 309 466 330
30 449 313 468 334
31 449 313 468 334
32 448 310 467 331
33 447 307 466 328
34 446 304 465 325
35 445 303 464 324
36 444 302 463 323
37 444 303 463 324
38 445 303 464 324
39 446 304 465 325
40 447 306 466 327
41 447 307 466 328
42 447 307 466 328
43 446 307 465 328
44 446 307 465 328
45 446 307 465 328
46 446 307 465 328
47 446 307 465 328
48 446 305 465 326
49 446 304 465 325
50 446 304 465 325
51 446 304 465 325
52 446 304 465 325
53 446 304 465 325
54 446 304 465 325
55 446 305 465 326
56 446 305 465 326
57 446 306 465 327
58 445 306 464 327
59 445 305 464 326
60 445 304 464 325
61 444 302 463 323
62 442 301 461 322
63 441 299 460 320
64 440 299 459 320
65 440 299 459 320
66 439 298 458 319
67 437 295 456 316
68 434 290 453 311
69 431 283 450 304
70 429 277 448 298
71 427 271 446 292
72 426 263 445 284
73 424 255 443 276
74 422 246 441 267
75 418 237 437 258
76 414 231 433 252
77 410 226 429 247
78 408 220 427 241
79 406 213 425 234
80 404 205 423 226
81 401 196 420 217
82 396 191 415 212
83 390 186 409 207
84 382 180 401 201
85 374 173 393 194
86 366 165 385 186
87 359 158 378 179
88 355 155 374 176
89 352 154 371 175
90 351 151 370 172
91 350 145 369 166
92 351 137 370 158
93 355 127 374 148
94 364 116 383 137
95 377 103 396 124
96 390 85 409 106
97 403 64 422 85
98 414 50 433 71
99 424 44 443 65
100 433 47 452 68
101 440 55 459 76
102 447 62 466 83
103 456 65 475 86
104 467 64 486 85
105 476 62 495 83
106 485 60 504 81
107 494 59 513 80
108 503 59 522 80
109 512 60 531 81
110 522 61 541 82
111 536 61 555 82
112 553 61 572 82
113 567 61 586 82
114 580 61 599 82
115 591 62 610 83
116 600 62 619 83
117 607 62 626 83
118 614 62 633 83
119 618 61 637 82
120 620 61 639 82
121 618 61 637 82
122 611 61 630 82
123 603 60 622 81
124 592 60 611 81
125 579 61 598 82
126 561 61 580 82
127 541 61 560 82
128 520 61 539 82
129 501 61 520 82
130 483 60 502 81
131 466 59 485 80
132 449 59 468 80
133 436 60 455 81
134 426 60 445 81
135 420 60 439 81
136 416 60 435 81
137 416 60 435 81
138 419 60 438 81
139 422 60 441 81
140 425 60 444 81
141 430 60 449 81
142 435 60 454 81
143 439 60 458 81
144 440 60 459 81
145 440 61 459 82
146 440 61 459 82
147 440 61 459 82
148 439 61 458 82
149 440 60 459 81
150 438 59 457 80
151 436 59 455 80
152 432 60 451 81
153 430 61 449 82
154 430 64 449 85
155 433 69 452 90
156 443 80 462 101
157 456 93 475 114
158 471 106 490 127
159 487 113 506 134
160 501 112 520 133
161 512 102 531 123
162 519 92 538 113
163 523 92 542 113
164 520 105 539 126
165 512 130 531 151
166 504 150 523 171
167 497 167 516 188
168 497 174 516 195
169 502 167 521 188
170 509 151 528 172
171 514 140 533 161
172 515 138 534 159
173 513 141 532 162
174 512 145 531 166
175 513 145 532 166
176 515 143 534 164
177 517 140 536 161
178 518 138 537 159
179 519 137 538 158
180 519 136 538 157
181 520 136 539 157
182 522 135 541 156
183 524 133 543 154
184 524 132 543 153
185 524 131 543 152
186 525 130 544 151
187 526 129 545 150
188 527 128 546 149
189 528 127 547 148
190 529 126 548 147
191 529 126 548 147
192 529 125 548 146
193 529 123 548 144
194 530 122 549 143
195 531 121 550 142
196 532 120 551 141
197 533 119 552 140
198 533 118 552 139
199 534 118 553 139
200 536 117 555 138
201 537 116 556 137
202 537 115 556 136
203 538 114 557 135
204 538 113 557 134
205 539 112 558 133
206 539 110 558 131
207 540 109 559 130
208 540 108 559 129
209 541 108 560 129
210 542 108 561 129
211 543 107 562 128
212 543 106 562 127
213 543 105 562 126
214 544 104 563 125
215 545 103 564 124
216 546 101 565 122
217 547 100 566 121
218 547 99 566 120
219 547 98 566 119
220 548 98 567 119
221 548 98 567 119
222 548 97 567 118
223 550 96 569 117
224 551 95 570 116
225 551 94 570 115
226 550 93 569 114
227 550 93 569 114
228 551 93 570 114
229 552 92 571 113
230 553 91 572 112
231 554 90 573 111
232 554 90 573 111
233 554 90 573 111
234 555 89 574 110
235 556 87 575 108
236 557 85 576 106
237 557 84 576 105
238 557 84 576 105
239 557 84 576 105
240 558 84 577 105
241 558 84 577 105
242 559 83 578 104
243 560 82 579 103
244 560 81 579 102
245 560 81 579 102
246 560 81 579 102
247 561 80 580 101
248 562 80 581 101
249 562 80 581 101
250 561 80 580 101
251 561 79 580 100
252 562 79 581 100
253 563 78 582 99
254 563 78 582 99
255 563 77 582 98
256 562 76 581 97
257 561 77 580 98
258 561 77 580 98
259 561 77 580 98
260 561 77 580 98
261 561 77 580 98
262 562 77 581 98
263 562 77 581 98
264 561 76 580 97
265 561 76 580 97
266 561 77 580 98
267 560 77 579 98
268 560 77 579 98
269 560 75 579 96
270 560 74 579 95
