388 -1 -1 -1 -1
0 600 553 621 574
1 600 553 620 573
2 600 553 620 573
3 600 553 620 573
4 601 553 621 573
5 601 553 621 573
6 601 553 621 573
7 600 553 620 573
8 601 553 621 573
9 600 553 620 573
10 601 553 621 573
11 600 553 620 573
12 600 553 620 573
13 600 553 620 573
14 601 554 621 574
15 600 553 620 573
16 601 553 621 573
17 600 553 620 573
18 601 553 621 573
19 601 553 621 573
20 600 553 620 573
21 601 553 621 573
22 600 553 620 573
23 600 553 620 573
24 601 553 621 573
25 600 553 620 573
26 600 553 620 573
27 601 553 621 573
28 600 553 620 573
29 600 553 620 573
30 600 553 620 573
31 600 553 620 573
32 601 553 621 573
33 600 553 620 573
34 601 553 621 573
35 601 553 621 573
36 600 553 620 573
37 600 553 620 573
38 601 553 621 573
39 601 553 621 573
40 600 553 620 573
41 600 553 620 573
42 600 553 620 573
43 601 553 621 573
44 601 553 621 573
45 601 553 621 573
46 601 553 621 573
47 601 553 621 573
48 600 553 620 573
49 600 553 620 573
50 600 553 620 573
51 600 553 620 573
52 600 553 620 573
53 601 553 621 573
54 601 553 621 573
55 601 553 621 573
56 601 553 621 573
57 600 553 620 573
58 600 553 620 573
59 600 553 620 573
60 600 553 620 573
61 600 553 620 573
62 600 553 620 573
63 600 553 620 573
64 600 553 620 573
65 600 553 620 573
66 600 553 620 573
67 600 553 620 573
68 600 553 620 573
69 600 553 620 573
70 600 553 620 573
71 601 553 621 573
72 601 553 621 573
73 600 554 620 574
74 601 553 621 573
75 600 554 620 574
76 600 554 620 574
77 601 553 621 573
78 600 553 620 573
79 600 553 620 573
80 600 553 620 573
81 600 553 620 573
82 600 553 620 573
83 601 553 621 573
84 600 553 620 573
85 601 554 621 574
86 604 558 624 578
87 618 571 638 591
88 632 581 652 601
89 644 585 664 605
90 648 582 668 602
91 649 571 669 591
92 656 562 676 582
93 662 554 682 574
94 670 547 690 567
95 684 542 704 562
96 694 543 714 563
97 693 542 713 562
98 692 538 712 558
99 694 537 714 557
100 697 540 717 560
101 697 542 717 562
102 698 542 718 562
103 697 543 717 563
104 697 544 717 564
105 698 544 718 564
106 698 542 718 562
107 698 543 718 563
108 697 543 717 563
109 697 544 717 564
110 697 544 717 564
111 697 543 717 563
112 697 543 717 563
113 697 543 717 563
114 698 544 718 564
115 697 543 717 563
116 697 544 717 564
117 697 543 717 563
118 698 544 718 564
119 697 544 717 564
120 697 544 717 564
121 697 544 717 564
122 697 544 717 564
123 697 543 717 563
124 697 544 717 564
125 697 544 717 564
126 697 544 717 564
127 697 544 717 564
128 697 544 717 564
129 697 544 717 564
130 697 544 717 564
131 697 544 717 564
132 697 544 717 564
133 698 544 718 564
134 697 544 717 564
135 697 544 717 564
136 697 544 717 564
137 697 544 717 564
138 697 544 717 564
139 697 544 717 564
140 697 544 717 564
141 697 544 717 564
142 697 544 717 564
143 697 544 717 564
144 697 544 717 564
145 697 544 717 564
146 697 544 717 564
147 697 544 717 564
148 697 544 717 564
149 697 544 717 564
150 697 543 717 563
151 698 544 718 564
152 698 544 718 564
153 698 544 718 564
154 697 543 717 563
155 697 544 717 564
156 697 544 717 564
157 697 544 717 564
158 698 544 718 564
159 697 543 717 563
160 697 543 717 563
161 697 544 717 564
162 697 544 717 564
163 698 544 718 564
164 697 544 717 564
165 697 544 717 564
166 697 543 717 563
167 698 544 718 564
168 698 544 718 564
169 697 543 717 563
170 697 544 717 564
171 697 544 717 564
172 698 543 718 563
173 697 544 717 564
174 697 543 717 563
175 697 543 717 563
176 698 544 718 564
177 697 544 717 564
178 698 544 718 564
179 697 543 717 563
180 697 544 717 564
181 697 543 717 563
182 697 543 717 563
183 697 544 717 564
184 697 543 717 563
185 697 543 717 563
186 697 544 717 564
187 698 543 718 563
188 697 543 717 563
189 697 544 717 564
190 697 543 717 563
191 697 543 717 563
192 697 544 717 564
193 697 544 717 564
194 697 543 717 563
195 697 543 717 563
196 697 544 717 564
197 697 544 717 564
198 697 544 717 564
199 697 543 717 563
200 697 543 717 563
201 697 543 717 563
202 697 543 717 563
203 697 543 717 563
204 697 543 717 563
205 697 543 717 563
206 697 544 717 564
207 697 544 717 564
208 697 543 717 563
209 697 544 717 564
210 697 544 717 564
211 697 543 717 563
212 697 543 717 563
213 697 543 717 563
214 697 543 717 563
215 697 544 717 564
216 697 544 717 564
217 697 544 717 564
218 697 543 717 563
219 697 544 717 564
220 697 544 717 564
221 697 544 717 564
222 697 543 717 563
223 697 544 717 564
224 697 544 717 564
225 697 544 717 564
226 697 544 717 564
227 697 544 717 564
228 697 544 717 564
229 697 543 717 563
230 697 543 717 563
231 697 544 717 564
232 697 543 717 563
233 697 543 717 563
234 697 543 717 563
235 697 544 717 564
236 697 544 717 564
237 697 544 717 564
238 697 544 717 564
239 697 544 717 564
240 697 544 717 564
241 697 544 717 564
242 697 543 717 563
243 697 543 717 563
244 697 543 717 563
245 697 543 717 563
246 697 543 717 563
247 697 543 717 563
248 697 543 717 563
249 697 543 717 563
250 697 543 717 563
251 696 543 716 563
252 697 543 717 563
253 697 543 717 563
254 697 543 717 563
255 697 543 717 563
256 697 543 717 563
257 697 543 717 563
258 697 543 717 563
259 697 543 717 563
260 697 543 717 563
261 697 543 717 563
262 697 543 717 563
263 697 543 717 563
264 697 543 717 563
265 697 543 717 563
266 697 543 717 563
267 696 543 716 563
268 697 543 717 563
269 697 544 717 564
270 697 544 717 564
271 697 544 717 564
272 697 544 717 564
273 697 544 717 564
274 697 544 717 564
275 697 544 717 564
276 697 544 717 564
277 697 544 717 564
278 698 544 718 564
279 697 544 717 564
280 697 544 717 564
281 697 544 717 564
282 697 544 717 564
283 697 544 717 564
284 697 544 717 564
285 697 544 717 564
286 697 544 717 564
287 697 544 717 564
288 697 544 717 564
289 697 544 717 564
290 697 544 717 564
291 697 544 717 564
292 697 544 717 564
293 697 544 717 564
294 697 544 717 564
295 697 544 717 564
296 697 544 717 564
297 697 544 717 564
298 697 544 717 564
299 697 544 717 564
300 697 544 717 564
301 697 544 717 564
302 697 544 717 564
303 697 544 717 564
304 697 544 717 564
305 698 544 718 564
306 697 544 717 564
307 697 544 717 564
308 697 544 717 564
309 697 544 717 564
310 697 544 717 564
311 697 544 717 564
312 697 544 717 564
313 697 544 717 564
314 697 544 717 564
315 697 544 717 564
316 697 544 717 564
317 697 544 717 564
318 697 544 717 564
319 697 544 717 564
320 697 544 717 564
321 697 544 717 564
322 697 544 717 564
323 697 544 717 564
324 697 544 717 564
325 697 544 717 564
326 697 544 717 564
327 697 544 717 564
328 697 544 717 564
329 697 544 717 564
330 697 544 717 564
331 697 544 717 564
332 697 544 717 564
333 698 544 718 564
334 698 544 718 564
335 697 544 717 564
336 697 544 717 564
337 697 544 717 564
338 697 544 717 564
339 697 544 717 564
340 697 544 717 564
341 697 544 717 564
342 697 544 717 564
343 697 544 717 564
344 697 544 717 564
345 697 544 717 564
346 697 544 717 564
347 697 544 717 564
348 697 544 717 564
349 697 544 717 564
350 697 544 717 564
351 697 544 717 564
352 697 544 717 564
353 698 544 718 564
354 697 544 717 564
355 697 544 717 564
356 697 544 717 564
357 698 544 718 564
358 698 544 718 564
359 698 544 718 564
360 697 544 717 564
361 698 544 718 564
362 697 544 717 564
363 698 544 718 564
364 697 544 717 564
365 697 544 717 564
366 698 544 718 564
367 697 544 717 564
368 697 544 717 564
369 698 544 718 564
370 697 544 717 564
371 697 544 717 564
372 698 544 718 564
373 697 544 717 564
374 697 544 717 564
375 697 544 717 564
376 697 544 717 564
377 697 544 717 564
378 697 544 717 564
379 698 544 718 564
380 697 544 717 564
381 698 544 718 564
382 697 544 717 564
383 698 544 718 564
384 698 544 718 564
385 697 544 717 564
386 697 544 717 564
