388 -1 -1 -1 -1
0 595 90 609 107
1 594 90 607 106
2 595 90 608 106
3 595 90 608 106
4 595 90 608 106
5 595 90 608 106
6 594 90 607 106
7 594 90 607 106
8 595 90 608 106
9 595 90 608 106
10 595 90 608 106
11 595 90 608 106
12 595 90 608 106
13 595 90 608 106
14 595 91 608 107
15 595 91 608 107
16 595 91 608 107
17 595 91 608 107
18 595 91 608 107
19 595 91 608 107
20 596 91 609 107
21 596 91 609 107
22 595 91 608 107
23 595 91 608 107
24 595 91 608 107
25 595 91 608 107
26 595 91 608 107
27 595 91 608 107
28 595 91 608 107
29 596 91 609 107
30 595 91 608 107
31 595 90 608 106
32 595 91 608 107
33 595 90 608 106
34 595 91 608 107
35 595 91 608 107
36 595 90 608 106
37 596 91 609 107
38 595 91 608 107
39 595 90 608 106
40 595 91 608 107
41 595 90 608 106
42 596 91 609 107
43 595 90 608 106
44 595 91 608 107
45 596 90 609 106
46 595 91 608 107
47 596 91 609 107
48 595 90 608 106
49 595 90 608 106
50 595 93 608 109
51 596 107 609 123
52 595 124 608 140
53 596 140 609 156
54 596 141 609 157
55 596 154 609 170
56 595 171 608 187
57 595 185 608 201
58 596 200 609 216
59 596 213 609 229
60 596 215 609 231
61 596 226 609 242
62 597 240 610 256
63 596 256 609 272
64 596 270 609 286
65 596 284 609 300
66 596 287 609 303
67 595 297 608 313
68 595 311 608 327
69 595 326 608 342
70 595 340 608 356
71 595 356 608 372
72 594 359 607 375
73 595 368 608 384
74 595 384 608 400
75 594 400 607 416
76 593 415 606 431
77 594 431 607 447
78 594 436 607 452
79 594 443 607 459
80 594 457 607 473
81 595 475 608 491
82 594 494 607 510
83 593 513 606 529
84 593 522 606 538
85 592 530 605 546
86 587 544 600 560
87 576 555 589 571
88 561 562 574 578
89 546 568 559 584
90 541 570 554 586
91 533 573 546 589
92 521 578 534 594
93 509 576 522 592
94 499 570 512 586
95 489 563 502 579
96 485 561 498 577
97 480 557 493 573
98 471 551 484 567
99 460 545 473 561
100 448 538 461 554
101 439 533 452 549
102 437 531 450 547
103 432 528 445 544
104 422 523 435 539
105 411 518 424 534
106 401 512 414 528
107 391 507 404 523
108 388 505 401 521
109 383 501 396 517
110 375 497 388 513
111 365 492 378 508
112 356 487 369 503
113 348 483 361 499
114 345 482 358 498
115 340 479 353 495
116 331 474 344 490
117 321 469 334 485
118 312 464 325 480
119 303 457 316 473
120 301 455 314 471
121 303 452 316 468
122 310 450 323 466
123 318 446 331 462
124 326 442 339 458
125 333 437 346 453
126 334 436 347 452
127 338 434 351 450
128 345 430 358 446
129 353 426 366 442
130 360 421 373 437
131 367 417 380 433
132 369 417 382 433
133 372 414 385 430
134 378 410 391 426
135 386 406 399 422
136 393 403 406 419
137 399 399 412 415
138 400 398 413 414
139 403 395 416 411
140 409 391 422 407
141 415 388 428 404
142 421 385 434 401
143 427 381 440 397
144 428 380 441 396
145 432 377 445 393
146 438 373 451 389
147 444 370 457 386
148 449 367 462 383
149 455 363 468 379
150 456 362 469 378
151 459 360 472 376
152 465 357 478 373
153 471 354 484 370
154 476 350 489 366
155 481 347 494 363
156 482 346 495 362
157 485 344 498 360
158 490 341 503 357
159 495 338 508 354
160 500 334 513 350
161 505 331 518 347
162 506 331 519 347
163 510 329 523 345
164 515 326 528 342
165 519 323 532 339
166 525 320 538 336
167 529 318 542 334
168 529 318 542 334
169 533 315 546 331
170 537 312 550 328
171 543 309 556 325
172 547 306 560 322
173 551 303 564 319
174 552 303 565 319
175 555 301 568 317
176 559 297 572 313
177 564 296 577 312
178 569 293 582 309
179 571 290 584 306
180 571 289 584 305
181 574 288 587 304
182 578 285 591 301
183 582 282 595 298
184 587 280 600 296
185 591 278 604 294
186 591 277 604 293
187 594 275 607 291
188 598 273 611 289
189 602 270 615 286
190 606 268 619 284
191 609 265 622 281
192 610 264 623 280
193 612 263 625 279
194 616 261 629 277
195 619 259 632 275
196 623 257 636 273
197 627 255 640 271
198 627 255 640 271
199 630 253 643 269
200 633 251 646 267
201 637 249 650 265
202 640 246 653 262
203 644 244 657 260
204 644 244 657 260
205 646 242 659 258
206 650 241 663 257
207 653 239 666 255
208 656 237 669 253
209 659 234 672 250
210 660 234 673 250
211 661 233 674 249
212 664 230 677 246
213 668 228 681 244
214 671 226 684 242
215 675 224 688 240
216 675 224 688 240
217 677 223 690 239
218 680 221 693 237
219 683 219 696 235
220 685 217 698 233
221 688 216 701 232
222 688 215 701 231
223 690 214 703 230
224 693 212 706 228
225 696 210 709 226
226 699 208 712 224
227 702 206 715 222
228 702 205 715 221
229 703 204 716 220
230 706 202 719 218
231 709 200 722 216
232 711 199 724 215
233 713 198 726 214
234 714 197 727 213
235 716 196 729 212
236 718 194 731 210
237 720 193 733 209
238 723 192 736 208
239 726 190 739 206
240 726 190 739 206
241 728 189 741 205
242 732 187 745 203
243 734 186 747 202
244 736 184 749 200
245 738 183 751 199
246 738 183 751 199
247 739 182 752 198
248 742 181 755 197
249 744 179 757 195
250 746 178 759 194
251 748 176 761 192
252 748 176 761 192
253 750 175 763 191
254 752 173 765 189
255 754 172 767 188
256 756 172 769 188
257 758 170 771 186
258 758 170 771 186
259 759 169 772 185
260 762 168 775 184
261 763 166 776 182
262 765 165 778 181
263 767 164 780 180
264 767 164 780 180
265 768 163 781 179
266 770 162 783 178
267 771 162 784 178
268 773 161 786 177
269 774 159 787 175
270 774 158 787 174
271 776 158 789 174
272 778 157 791 173
273 780 156 793 172
274 781 155 794 171
275 782 154 795 170
276 783 154 796 170
277 784 153 797 169
278 785 153 798 169
279 787 152 800 168
280 789 151 802 167
281 789 150 802 166
282 789 150 802 166
283 791 149 804 165
284 793 148 806 164
285 794 148 807 164
286 796 147 809 163
287 797 146 810 162
288 797 146 810 162
289 798 145 811 161
290 799 145 812 161
291 800 144 813 160
292 802 143 815 159
293 803 141 816 157
294 804 141 817 157
295 804 141 817 157
296 805 140 818 156
297 806 139 819 155
298 808 138 821 154
299 808 138 821 154
300 809 138 822 154
301 809 137 822 153
302 810 136 823 152
303 811 136 824 152
304 812 135 825 151
305 814 134 827 150
306 814 134 827 150
307 814 134 827 150
308 815 133 828 149
309 816 133 829 149
310 817 132 830 148
311 817 131 830 147
312 817 132 830 148
313 818 132 831 148
314 818 130 831 146
315 819 130 832 146
316 820 130 833 146
317 820 130 833 146
318 820 130 833 146
319 821 129 834 145
320 822 129 835 145
321 823 128 836 144
322 824 128 837 144
323 824 128 837 144
324 824 128 837 144
325 824 127 837 143
326 825 127 838 143
327 826 126 839 142
328 827 126 840 142
329 827 125 840 141
330 827 125 840 141
331 828 125 841 141
332 829 124 842 140
333 829 124 842 140
334 829 124 842 140
335 829 123 842 139
336 830 123 843 139
337 830 124 843 140
338 830 123 843 139
339 830 123 843 139
340 831 123 844 139
341 832 122 845 138
342 831 122 844 138
343 832 122 845 138
344 832 122 845 138
345 832 122 845 138
346 832 121 845 137
347 834 122 847 138
348 834 122 847 138
349 834 121 847 137
350 834 121 847 137
351 834 121 847 137
352 834 120 847 136
353 834 120 847 136
354 834 121 847 137
355 834 120 847 136
356 834 120 847 136
357 834 120 847 136
358 834 120 847 136
359 834 120 847 136
360 834 121 847 137
361 835 120 848 136
362 835 120 848 136
363 834 121 847 137
364 834 120 847 136
365 834 120 847 136
366 834 119 847 135
367 834 119 847 135
368 834 120 847 136
369 834 120 847 136
370 834 119 847 135
371 834 120 847 136
372 834 120 847 136
373 834 120 847 136
374 834 120 847 136
375 834 120 847 136
376 834 120 847 136
377 834 120 847 136
378 834 120 847 136
379 834 119 847 135
380 834 120 847 136
381 834 120 847 136
382 834 120 847 136
383 834 120 847 136
384 834 120 847 136
385 834 120 847 136
386 834 120 847 136
