195 -1 -1 -1 -1
0 854 486 874 507
1 855 487 874 507
2 855 487 874 507
3 854 486 873 506
4 855 486 874 506
5 854 487 873 507
6 854 487 873 507
7 854 486 873 506
8 855 486 874 506
9 855 487 874 507
10 854 487 873 507
11 855 487 874 507
12 855 486 874 506
13 855 487 874 507
14 854 486 873 506
15 855 487 874 507
16 855 487 874 507
17 854 486 873 506
18 854 486 873 506
19 855 486 874 506
20 854 486 873 506
21 855 487 874 507
22 854 486 873 506
23 854 486 873 506
24 854 486 873 506
25 854 486 873 506
26 854 486 873 506
27 854 487 873 507
28 855 487 874 507
29 855 487 874 507
30 855 487 874 507
31 855 487 874 507
32 855 487 874 507
33 855 487 874 507
34 855 487 874 507
35 855 487 874 507
36 855 487 874 507
37 855 487 874 507
38 855 487 874 507
39 855 487 874 507
40 855 487 874 507
41 855 487 874 507
42 855 487 874 507
43 855 487 874 507
44 855 487 874 507
45 855 487 874 507
46 855 487 874 507
47 855 487 874 507
48 855 487 874 507
49 855 487 874 507
50 855 487 874 507
51 855 487 874 507
52 855 487 874 507
53 855 487 874 507
54 855 487 874 507
55 855 487 874 507
56 855 487 874 507
57 855 487 874 507
58 855 487 874 507
59 855 487 874 507
60 855 487 874 507
61 855 487 874 507
62 855 487 874 507
63 855 487 874 507
64 855 487 874 507
65 855 487 874 507
66 855 487 874 507
67 855 487 874 507
68 855 487 874 507
69 855 487 874 507
70 855 487 874 507
71 855 487 874 507
72 855 487 874 507
73 855 487 874 507
74 855 487 874 507
75 855 487 874 507
76 855 487 874 507
77 855 487 874 507
78 855 487 874 507
79 855 487 874 507
80 855 487 874 507
81 855 487 874 507
82 855 487 874 507
83 855 487 874 507
84 855 487 874 507
85 855 487 874 507
86 854 487 873 507
87 854 487 873 507
88 855 487 874 507
89 855 487 874 507
90 855 487 874 507
91 855 487 874 507
92 855 487 874 507
93 855 487 874 507
94 855 487 874 507
95 855 487 874 507
96 855 487 874 507
97 855 487 874 507
98 855 487 874 507
99 855 487 874 507
100 855 487 874 507
101 855 487 874 507
102 855 487 874 507
103 855 487 874 507
104 855 487 874 507
105 855 487 874 507
106 855 487 874 507
107 855 487 874 507
108 855 487 874 507
109 855 487 874 507
110 854 487 873 507
111 854 487 873 507
112 855 487 874 507
113 857 487 876 507
114 863 487 882 507
115 866 488 885 508
116 869 487 888 507
117 869 487 888 507
118 873 487 892 507
119 877 487 896 507
120 880 487 899 507
121 884 487 903 507
122 884 487 903 507
123 887 487 906 507
124 890 487 909 507
125 894 487 913 507
126 897 487 916 507
127 899 487 918 507
128 900 487 919 507
129 903 487 922 507
130 906 487 925 507
131 909 486 928 506
132 911 486 930 506
133 914 486 933 506
134 914 486 933 506
135 916 486 935 506
136 918 486 937 506
137 918 486 937 506
138 916 485 935 505
139 915 486 934 506
140 915 486 934 506
141 913 485 932 505
142 913 485 932 505
143 912 485 931 505
144 910 485 929 505
145 910 485 929 505
146 909 485 928 505
147 907 485 926 505
148 906 486 925 506
149 905 486 924 506
150 904 485 923 505
151 903 485 922 505
152 903 485 922 505
153 901 486 920 506
154 900 486 919 506
155 898 486 917 506
156 897 486 916 506
157 897 485 916 505
158 896 486 915 506
159 895 486 914 506
160 893 486 912 506
161 893 485 912 505
162 892 485 911 505
163 891 485 910 505
164 891 485 910 505
165 890 485 909 505
166 890 485 909 505
167 890 485 909 505
168 889 485 908 505
169 888 485 907 505
170 888 485 907 505
171 888 485 907 505
172 888 485 907 505
173 888 485 907 505
174 887 485 906 505
175 886 484 905 504
176 885 485 904 505
177 885 485 904 505
178 885 485 904 505
179 885 485 904 505
180 886 485 905 505
181 885 485 904 505
182 885 485 904 505
183 884 485 903 505
184 884 485 903 505
185 884 485 903 505
186 884 485 903 505
187 884 485 903 505
188 884 485 903 505
189 884 485 903 505
190 884 485 903 505
191 884 485 903 505
192 884 485 903 505
193 884 485 903 505
