195 -1 -1 -1 -1
0 367 401 386 421
1 367 402 385 421
2 366 402 384 421
3 366 402 384 421
4 366 402 384 421
5 366 402 384 421
6 366 402 384 421
7 366 402 384 421
8 367 402 385 421
9 367 402 385 421
10 367 402 385 421
11 366 402 384 421
12 366 402 384 421
13 367 403 385 422
14 367 402 385 421
15 367 401 385 420
16 367 402 385 421
17 367 402 385 421
18 366 402 384 421
19 366 402 384 421
20 367 402 385 421
21 367 402 385 421
22 367 401 385 420
23 367 402 385 421
24 366 402 384 421
25 366 402 384 421
26 367 402 385 421
27 367 403 385 422
28 367 403 385 422
29 366 403 384 422
30 366 402 384 421
31 366 401 384 420
32 367 401 385 420
33 366 402 384 421
34 365 402 383 421
35 368 402 386 421
36 376 404 394 423
37 387 406 405 425
38 393 407 411 426
39 398 408 416 427
40 405 410 423 429
41 414 412 432 431
42 422 413 440 432
43 429 414 447 433
44 432 414 450 433
45 436 415 454 434
46 444 417 462 436
47 458 419 476 438
48 465 421 483 440
49 469 421 487 440
50 475 422 493 441
51 483 424 501 443
52 491 425 509 444
53 499 427 517 446
54 502 428 520 447
55 506 429 524 448
56 513 430 531 449
57 521 431 539 450
58 529 433 547 452
59 538 434 556 453
60 541 435 559 454
61 544 436 562 455
62 550 437 568 456
63 558 438 576 457
64 566 439 584 458
65 573 440 591 459
66 575 441 593 460
67 579 442 597 461
68 587 443 605 462
69 595 445 613 464
70 603 446 621 465
71 610 447 628 466
72 617 449 635 468
73 625 451 643 470
74 633 452 651 471
75 640 452 658 471
76 642 452 660 471
77 645 453 663 472
78 651 455 669 474
79 659 457 677 476
80 667 458 685 477
81 675 459 693 478
82 677 459 695 478
83 680 460 698 479
84 682 461 700 480
85 687 462 705 481
86 694 463 712 482
87 702 464 720 483
88 710 465 728 484
89 717 466 735 485
90 723 467 741 486
91 730 469 748 488
92 737 470 755 489
93 740 470 758 489
94 743 471 761 490
95 749 472 767 491
96 757 473 775 492
97 764 474 782 493
98 771 476 789 495
99 773 477 791 496
100 776 477 794 496
101 782 478 800 497
102 790 479 808 498
103 797 481 815 500
104 803 483 821 502
105 806 483 824 502
106 810 483 828 502
107 816 484 834 503
108 820 485 838 504
109 824 486 842 505
110 830 487 848 506
111 833 487 851 506
112 836 488 854 507
113 840 489 858 508
114 843 490 861 509
115 845 491 863 510
116 846 492 864 511
117 846 492 864 511
118 846 493 864 512
119 848 494 866 513
120 851 495 869 514
121 853 496 871 515
122 853 497 871 516
123 853 498 871 517
124 854 499 872 518
125 856 500 874 519
126 858 502 876 521
127 859 503 877 522
128 860 503 878 522
129 861 504 879 523
130 862 504 880 523
131 864 505 882 524
132 866 506 884 525
133 868 507 886 526
134 868 508 886 527
135 868 508 886 527
136 869 509 887 528
137 871 510 889 529
138 873 511 891 530
139 874 512 892 531
140 874 512 892 531
141 875 513 893 532
142 877 514 895 533
143 878 515 896 534
144 879 515 897 534
145 880 515 898 534
146 881 515 899 534
147 883 516 901 535
148 884 517 902 536
149 884 518 902 537
150 885 519 903 538
151 885 519 903 538
152 886 519 904 538
153 887 520 905 539
154 889 521 907 540
155 890 522 908 541
156 891 522 909 541
157 891 522 909 541
158 892 523 910 542
159 893 523 911 542
160 894 524 912 543
161 895 525 913 544
162 896 526 914 545
163 897 526 915 545
164 898 527 916 546
165 898 527 916 546
166 898 527 916 546
167 898 527 916 546
168 900 528 918 547
169 901 529 919 548
170 902 530 920 549
171 902 530 920 549
172 902 530 920 549
173 902 530 920 549
174 903 530 921 549
175 904 531 922 550
176 904 532 922 551
177 905 532 923 551
178 905 532 923 551
179 905 532 923 551
180 906 532 924 551
181 907 532 925 551
182 907 532 925 551
183 907 533 925 552
184 906 533 924 552
185 906 534 924 553
186 907 534 925 553
187 908 534 926 553
188 909 534 927 553
189 909 533 927 552
190 909 533 927 552
191 909 533 927 552
192 908 533 926 552
193 909 533 927 552
