196 -1 -1 -1 -1
0 593 51 615 70
1 592 49 613 67
2 592 49 613 67
3 592 49 613 67
4 592 49 613 67
5 592 49 613 67
6 593 49 614 67
7 591 49 612 67
8 592 49 613 67
9 592 49 613 67
10 592 49 613 67
11 592 49 613 67
12 592 49 613 67
13 591 50 612 68
14 591 50 612 68
15 591 50 612 68
16 591 50 612 68
17 590 50 611 68
18 592 50 613 68
19 592 50 613 68
20 590 50 611 68
21 590 50 611 68
22 591 50 612 68
23 591 50 612 68
24 590 50 611 68
25 590 50 611 68
26 591 50 612 68
27 591 50 612 68
28 590 50 611 68
29 593 50 614 68
30 594 50 615 68
31 594 50 615 68
32 594 50 615 68
33 593 50 614 68
34 593 50 614 68
35 594 50 615 68
36 594 50 615 68
37 594 50 615 68
38 593 51 614 69
39 594 50 615 68
40 594 51 615 69
41 594 50 615 68
42 594 50 615 68
43 594 50 615 68
44 594 50 615 68
45 586 50 607 68
46 581 50 602 68
47 577 54 598 72
48 573 64 594 82
49 567 76 588 94
50 566 78 587 96
51 561 84 582 102
52 556 93 577 111
53 551 101 572 119
54 546 109 567 127
55 541 116 562 134
56 541 117 562 135
57 537 124 558 142
58 532 133 553 151
59 527 142 548 160
60 522 151 543 169
61 517 159 538 177
62 517 160 538 178
63 513 167 534 185
64 507 176 528 194
65 502 185 523 203
66 497 194 518 212
67 491 202 512 220
68 490 203 511 221
69 486 211 507 229
70 480 221 501 239
71 474 230 495 248
72 469 239 490 257
73 464 248 485 266
74 463 249 484 267
75 458 258 479 276
76 452 267 473 285
77 447 277 468 295
78 441 287 462 305
79 435 297 456 315
80 435 297 456 315
81 428 306 449 324
82 423 317 444 335
83 417 327 438 345
84 410 337 431 355
85 404 347 425 365
86 404 348 425 366
87 398 358 419 376
88 391 369 412 387
89 384 380 405 398
90 378 391 399 409
91 372 401 393 419
92 372 402 393 420
93 365 412 386 430
94 358 424 379 442
95 351 436 372 454
96 344 447 365 465
97 337 459 358 477
98 336 460 357 478
99 330 470 351 488
100 322 483 343 501
101 315 496 336 514
102 307 509 328 527
103 300 521 321 539
104 299 522 320 540
105 292 533 313 551
106 284 546 305 564
107 276 559 297 577
108 268 573 289 591
109 260 586 281 604
110 259 587 280 605
111 251 600 272 618
112 242 615 263 633
113 231 630 252 648
114 226 633 247 651
115 220 634 241 652
116 218 634 239 652
117 217 635 238 653
118 217 635 238 653
119 213 637 234 655
120 209 640 230 658
121 209 642 230 660
122 209 642 230 660
123 209 641 230 659
124 209 641 230 659
125 209 641 230 659
126 209 641 230 659
127 209 641 230 659
128 209 641 230 659
129 209 642 230 660
130 209 642 230 660
131 209 641 230 659
132 209 641 230 659
133 209 642 230 660
134 209 641 230 659
135 209 641 230 659
136 209 642 230 660
137 209 642 230 660
138 209 642 230 660
139 209 643 230 661
140 209 643 230 661
141 209 643 230 661
142 209 642 230 660
143 209 642 230 660
144 209 642 230 660
145 209 642 230 660
146 209 642 230 660
147 209 642 230 660
148 209 642 230 660
149 209 642 230 660
150 209 641 230 659
151 209 641 230 659
152 209 641 230 659
153 209 641 230 659
154 209 642 230 660
155 209 642 230 660
156 209 641 230 659
157 209 641 230 659
158 209 641 230 659
159 209 641 230 659
160 209 640 230 658
161 209 640 230 658
162 209 641 230 659
163 209 642 230 660
164 209 641 230 659
165 209 640 230 658
166 209 641 230 659
167 209 641 230 659
168 209 641 230 659
169 209 641 230 659
170 209 641 230 659
171 209 641 230 659
172 209 640 230 658
173 209 641 230 659
174 209 641 230 659
175 209 642 230 660
176 209 642 230 660
177 209 642 230 660
178 209 642 230 660
179 210 642 231 660
180 211 637 232 655
181 201 639 222 657
182 196 644 217 662
183 191 651 212 669
184 181 661 202 679
185 162 674 183 692
186 135 688 156 706
187 104 698 125 716
188 82 699 103 717
189 62 699 83 717
190 42 696 63 714
191 23 692 44 710
192 10 686 31 704
193 5 680 26 698
194 5 673 26 691
