196 -1 -1 -1 -1
0 859 519 890 550
1 859 519 889 549
2 858 519 888 549
3 859 519 889 549
4 859 519 889 549
5 858 519 888 549
6 858 519 888 549
7 859 519 889 549
8 859 519 889 549
9 858 519 888 549
10 858 519 888 549
11 859 519 889 549
12 859 519 889 549
13 859 521 889 551
14 859 521 889 551
15 859 521 889 551
16 859 521 889 551
17 858 521 888 551
18 858 521 888 551
19 859 520 889 550
20 859 521 889 551
21 859 521 889 551
22 859 520 889 550
23 856 523 886 553
24 858 529 888 559
25 865 540 895 570
26 873 554 903 584
27 878 562 908 592
28 879 564 909 594
29 878 563 908 593
30 876 562 906 592
31 875 562 905 592
32 875 562 905 592
33 876 562 906 592
34 877 562 907 592
35 877 562 907 592
36 877 562 907 592
37 877 562 907 592
38 877 562 907 592
39 877 562 907 592
40 877 562 907 592
41 877 562 907 592
42 877 562 907 592
43 877 562 907 592
44 877 562 907 592
45 877 562 907 592
46 877 563 907 593
47 877 563 907 593
48 878 562 908 592
49 878 562 908 592
50 878 562 908 592
51 878 563 908 593
52 877 563 907 593
53 877 562 907 592
54 877 562 907 592
55 877 562 907 592
56 878 562 908 592
57 877 562 907 592
58 878 562 908 592
59 877 564 907 594
60 876 566 906 596
61 877 567 907 597
62 877 567 907 597
63 877 568 907 598
64 878 570 908 600
65 879 571 909 601
66 880 571 910 601
67 881 571 911 601
68 881 571 911 601
69 882 571 912 601
70 882 568 912 598
71 881 564 911 594
72 879 561 909 591
73 879 559 909 589
74 879 560 909 590
75 880 562 910 592
76 881 564 911 594
77 880 565 910 595
78 878 565 908 595
79 877 565 907 595
80 877 565 907 595
81 875 563 905 593
82 874 561 904 591
83 873 561 903 591
84 874 563 904 593
85 876 566 906 596
86 877 569 907 599
87 877 570 907 600
88 877 569 907 599
89 876 567 906 597
90 873 564 903 594
91 869 561 899 591
92 864 557 894 587
93 859 552 889 582
94 851 544 881 574
95 840 534 870 564
96 831 525 861 555
97 826 519 856 549
98 826 519 856 549
99 828 520 858 550
100 830 523 860 553
101 831 526 861 556
102 832 527 862 557
103 832 526 862 556
104 831 524 861 554
105 830 522 860 552
106 829 521 859 551
107 828 520 858 550
108 828 519 858 549
109 828 520 858 550
110 829 522 859 552
111 829 522 859 552
112 829 522 859 552
113 830 521 860 551
114 832 519 862 549
115 835 517 865 547
116 836 516 866 546
117 837 515 867 545
118 839 515 869 545
119 843 518 873 548
120 847 521 877 551
121 853 519 883 549
122 855 516 885 546
123 859 516 889 546
124 869 519 899 549
125 882 524 912 554
126 893 531 923 561
127 903 541 933 571
128 910 551 940 581
129 913 558 943 588
130 911 558 941 588
131 908 556 938 586
132 903 549 933 579
133 898 540 928 570
134 892 530 922 560
135 886 518 916 548
136 881 505 911 535
137 882 500 912 530
138 881 500 911 530
139 873 495 903 525
140 864 483 894 513
141 852 474 882 504
142 836 472 866 502
143 818 478 848 508
144 798 488 828 518
145 776 498 806 528
146 764 504 794 534
147 751 504 781 534
148 731 499 761 529
149 702 485 732 515
150 670 471 700 501
151 636 453 666 483
152 608 430 638 460
153 580 403 610 433
154 554 386 584 416
155 533 383 563 413
156 514 389 544 419
157 499 400 529 430
158 493 409 523 439
159 490 419 520 449
160 484 431 514 461
161 475 444 505 474
162 462 457 492 487
163 449 467 479 497
164 441 468 471 498
165 438 464 468 494
166 427 457 457 487
167 410 450 440 480
168 393 451 423 481
169 379 452 409 482
170 375 449 405 479
171 364 438 394 468
172 343 428 373 458
173 320 444 350 474
174 301 473 331 503
175 282 491 312 521
176 268 505 298 535
177 259 510 289 540
178 247 511 277 541
179 232 511 262 541
180 215 522 245 552
181 198 535 228 565
182 181 549 211 579
183 164 562 194 592
184 146 574 176 604
185 128 586 158 616
186 109 596 139 626
187 91 606 121 636
188 72 614 102 644
189 54 621 84 651
190 36 625 66 655
191 23 627 53 657
192 17 626 47 656
193 15 627 45 657
194 16 624 46 654
