156 -1 -1 -1 -1
0 515 131 538 153
1 515 131 537 152
2 516 132 538 153
3 516 132 538 153
4 515 132 537 153
5 515 132 537 153
6 515 132 537 153
7 515 132 537 153
8 515 132 537 153
9 515 132 537 153
10 515 132 537 153
11 515 132 537 153
12 515 132 537 153
13 515 132 537 153
14 515 132 537 153
15 515 132 537 153
16 515 132 537 153
17 515 132 537 153
18 515 132 537 153
19 515 132 537 153
20 515 132 537 153
21 515 132 537 153
22 515 132 537 153
23 515 132 537 153
24 515 132 537 153
25 515 132 537 153
26 515 132 537 153
27 515 132 537 153
28 515 132 537 153
29 515 132 537 153
30 513 135 535 156
31 503 131 525 152
32 476 117 498 138
33 444 105 466 126
34 423 97 445 118
35 413 93 435 114
36 401 87 423 108
37 383 78 405 99
38 358 67 380 88
39 336 57 358 78
40 327 53 349 74
41 318 48 340 69
42 323 42 345 63
43 339 38 361 59
44 358 41 380 62
45 371 44 393 65
46 373 45 395 66
47 380 51 402 72
48 393 56 415 77
49 403 61 425 82
50 413 65 435 86
51 422 69 444 90
52 425 70 447 91
53 430 73 452 94
54 438 76 460 97
55 447 80 469 101
56 456 84 478 105
57 466 88 488 109
58 468 89 490 110
59 473 91 495 112
60 481 95 503 116
61 490 97 512 118
62 498 100 520 121
63 505 105 527 126
64 508 105 530 126
65 515 108 537 129
66 525 111 547 132
67 534 114 556 135
68 541 117 563 138
69 550 121 572 142
70 552 121 574 142
71 558 123 580 144
72 567 127 589 148
73 576 132 598 153
74 585 134 607 155
75 594 138 616 159
76 597 138 619 159
77 604 140 626 161
78 612 143 634 164
79 620 146 642 167
80 627 149 649 170
81 635 152 657 173
82 636 153 658 174
83 642 156 664 177
84 652 161 674 182
85 662 164 684 185
86 671 168 693 189
87 680 171 702 192
88 680 171 702 192
89 686 173 708 194
90 696 177 718 198
91 705 180 727 201
92 712 183 734 204
93 721 187 743 208
94 723 187 745 208
95 729 189 751 210
96 738 193 760 214
97 746 195 768 216
98 754 199 776 220
99 762 202 784 223
100 764 202 786 223
101 769 205 791 226
102 777 208 799 229
103 786 211 808 232
104 795 214 817 235
105 803 218 825 239
106 804 217 826 238
107 810 220 832 241
108 820 224 842 245
109 829 227 851 248
110 837 230 859 251
111 843 234 865 255
112 844 234 866 255
113 850 236 872 257
114 860 239 882 260
115 869 242 891 263
116 877 246 899 267
117 884 248 906 269
118 886 248 908 269
119 892 251 914 272
120 902 254 924 275
121 910 257 932 278
122 918 260 940 281
123 926 263 948 284
124 927 263 949 284
125 933 266 955 287
126 942 269 964 290
127 950 271 972 292
128 958 274 980 295
129 966 277 988 298
130 967 277 989 298
131 975 279 997 300
132 983 281 1005 302
133 990 285 1012 306
134 1000 283 1022 304
135 1003 283 1025 304
136 1003 282 1025 303
137 1002 280 1024 301
138 1000 278 1022 299
139 999 277 1021 298
140 999 277 1021 298
141 998 277 1020 298
142 998 277 1020 298
143 999 277 1021 298
144 999 277 1021 298
145 999 276 1021 297
146 999 275 1021 296
147 998 275 1020 296
148 997 276 1019 297
149 997 277 1019 298
150 998 276 1020 297
151 999 275 1021 296
152 999 275 1021 296
153 998 276 1020 297
154 998 277 1020 298
