156 -1 -1 -1 -1
0 941 357 962 379
1 941 357 961 378
2 942 357 962 378
3 942 358 962 379
4 942 358 962 379
5 942 357 962 378
6 943 357 963 378
7 943 358 963 379
8 942 358 962 379
9 942 358 962 379
10 942 358 962 379
11 942 357 962 378
12 942 357 962 378
13 942 358 962 379
14 943 360 963 381
15 945 362 965 383
16 947 363 967 384
17 951 364 971 385
18 957 366 977 387
19 968 371 988 392
20 985 379 1005 400
21 1006 389 1026 410
22 1020 397 1040 418
23 1024 401 1044 422
24 1021 401 1041 422
25 1017 399 1037 420
26 1014 396 1034 417
27 1013 395 1033 416
28 1014 395 1034 416
29 1015 396 1035 417
30 1016 397 1036 418
31 1017 397 1037 418
32 1017 397 1037 418
33 1016 396 1036 417
34 1016 395 1036 416
35 1017 395 1037 416
36 1017 396 1037 417
37 1017 396 1037 417
38 1017 397 1037 418
39 1017 397 1037 418
40 1017 397 1037 418
41 1017 397 1037 418
42 1016 397 1036 418
43 1016 396 1036 417
44 1017 394 1037 415
45 1020 391 1040 412
46 1023 388 1043 409
47 1024 386 1044 407
48 1024 385 1044 406
49 1024 386 1044 407
50 1023 390 1043 411
51 1024 396 1044 417
52 1025 400 1045 421
53 1026 401 1046 422
54 1026 400 1046 421
55 1027 399 1047 420
56 1029 396 1049 417
57 1030 394 1050 415
58 1030 393 1050 414
59 1028 392 1048 413
60 1026 392 1046 413
61 1024 391 1044 412
62 1022 387 1042 408
63 1020 379 1040 400
64 1016 364 1036 385
65 1009 341 1029 362
66 1000 313 1020 334
67 990 287 1010 308
68 977 267 997 288
69 962 253 982 274
70 947 243 967 264
71 936 236 956 257
72 930 231 950 252
73 929 230 949 251
74 931 231 951 252
75 936 236 956 257
76 942 244 962 265
77 949 255 969 276
78 956 267 976 288
79 963 280 983 301
80 971 293 991 314
81 981 306 1001 327
82 991 318 1011 339
83 1000 328 1020 349
84 1005 334 1025 355
85 1007 337 1027 358
86 1007 339 1027 360
87 1007 341 1027 362
88 1007 343 1027 364
89 1006 343 1026 364
90 1006 343 1026 364
91 1005 344 1025 365
92 1004 346 1024 367
93 1004 349 1024 370
94 1006 352 1026 373
95 1009 357 1029 378
96 1011 363 1031 384
97 1013 370 1033 391
98 1015 377 1035 398
99 1017 382 1037 403
100 1019 386 1039 407
101 1022 389 1042 410
102 1023 391 1043 412
103 1023 392 1043 413
104 1023 392 1043 413
105 1023 391 1043 412
106 1023 389 1043 410
107 1020 384 1040 405
108 1015 377 1035 398
109 1008 368 1028 389
110 1001 356 1021 377
111 993 343 1013 364
112 985 327 1005 348
113 976 310 996 331
114 967 292 987 313
115 958 274 978 295
116 948 257 968 278
117 937 239 957 260
118 924 223 944 244
119 911 207 931 228
120 899 192 919 213
121 890 178 910 199
122 881 166 901 187
123 873 156 893 177
124 866 151 886 172
125 861 149 881 170
126 856 149 876 170
127 851 150 871 171
128 847 152 867 173
129 842 156 862 177
130 838 161 858 182
131 832 166 852 187
132 826 173 846 194
133 820 177 840 198
134 815 180 835 201
135 809 184 829 205
136 801 190 821 211
137 792 196 812 217
138 781 200 801 221
139 768 202 788 223
140 752 201 772 222
141 731 196 751 217
142 705 187 725 208
143 676 176 696 197
144 650 164 670 185
145 628 151 648 172
146 612 141 632 162
147 601 134 621 155
148 599 130 619 151
149 613 127 633 148
150 638 123 658 144
151 665 120 685 141
152 690 118 710 139
153 709 118 729 139
154 717 120 737 141
