156 -1 -1 -1 -1
0 629 517 649 539
1 630 517 649 538
2 630 517 649 538
3 630 517 649 538
4 630 517 649 538
5 630 517 649 538
6 630 517 649 538
7 630 517 649 538
8 629 517 648 538
9 629 517 648 538
10 630 517 649 538
11 630 517 649 538
12 630 517 649 538
13 630 517 649 538
14 630 517 649 538
15 629 517 648 538
16 630 517 649 538
17 630 517 649 538
18 630 517 649 538
19 630 517 649 538
20 629 517 648 538
21 629 517 648 538
22 630 517 649 538
23 630 517 649 538
24 630 517 649 538
25 630 517 649 538
26 630 517 649 538
27 630 517 649 538
28 630 517 649 538
29 629 517 648 538
30 629 517 648 538
31 620 521 639 542
32 593 524 612 545
33 559 527 578 548
34 533 530 552 551
35 524 532 543 553
36 512 532 531 553
37 491 535 510 556
38 466 539 485 560
39 444 542 463 563
40 423 545 442 566
41 416 548 435 569
42 402 548 421 569
43 381 549 400 570
44 356 551 375 572
45 334 553 353 574
46 313 556 332 577
47 282 561 301 582
48 273 560 292 581
49 269 561 288 582
50 268 562 287 583
51 269 562 288 583
52 269 562 288 583
53 270 562 289 583
54 269 562 288 583
55 269 562 288 583
56 269 562 288 583
57 270 562 289 583
58 269 562 288 583
59 269 562 288 583
60 269 562 288 583
61 268 562 287 583
62 268 562 287 583
63 269 562 288 583
64 269 562 288 583
65 269 562 288 583
66 268 562 287 583
67 269 562 288 583
68 269 562 288 583
69 269 562 288 583
70 269 562 288 583
71 268 562 287 583
72 269 562 288 583
73 268 562 287 583
74 269 562 288 583
75 269 562 288 583
76 269 562 288 583
77 268 562 287 583
78 268 562 287 583
79 268 562 287 583
80 268 562 287 583
81 269 562 288 583
82 269 562 288 583
83 269 562 288 583
84 268 562 287 583
85 269 562 288 583
86 269 562 288 583
87 268 562 287 583
88 268 562 287 583
89 269 562 288 583
90 269 562 288 583
91 268 562 287 583
92 268 562 287 583
93 268 562 287 583
94 268 562 287 583
95 268 562 287 583
96 268 562 287 583
97 268 562 287 583
98 268 562 287 583
99 268 562 287 583
100 268 562 287 583
101 268 562 287 583
102 269 562 288 583
103 272 563 291 584
104 291 556 310 577
105 318 548 337 569
106 318 548 337 569
107 309 553 328 574
108 295 553 314 574
109 280 552 299 573
110 272 555 291 576
111 266 559 285 580
112 264 561 283 582
113 266 562 285 583
114 271 563 290 584
115 277 565 296 586
116 279 570 298 591
117 280 579 299 600
118 281 591 300 612
119 284 605 303 626
120 288 619 307 640
121 293 632 312 653
122 299 644 318 665
123 304 655 323 676
124 308 664 327 685
125 311 669 330 690
126 313 670 332 691
127 316 666 335 687
128 320 657 339 678
129 325 644 344 665
130 331 633 350 654
131 348 610 367 631
132 398 542 417 563
133 414 512 433 533
134 422 503 441 524
135 427 497 446 518
136 430 495 449 516
137 431 494 450 515
138 429 493 448 514
139 429 494 448 515
140 425 494 444 515
141 422 495 441 516
142 417 496 436 517
143 409 496 428 517
144 404 497 423 518
145 401 501 420 522
146 399 505 418 526
147 394 494 413 515
148 385 482 404 503
149 372 471 391 492
150 363 458 382 479
151 362 452 381 473
152 360 446 379 467
153 358 441 377 462
154 356 436 375 457
