156 -1 -1 -1 -1
0 739 512 761 534
1 739 513 760 534
2 740 514 761 535
3 740 515 761 536
4 740 515 761 536
5 739 514 760 535
6 739 514 760 535
7 739 514 760 535
8 739 514 760 535
9 739 514 760 535
10 739 513 760 534
11 739 513 760 534
12 739 514 760 535
13 739 514 760 535
14 739 514 760 535
15 739 514 760 535
16 739 514 760 535
17 739 514 760 535
18 739 514 760 535
19 739 514 760 535
20 739 514 760 535
21 739 514 760 535
22 739 514 760 535
23 739 514 760 535
24 739 514 760 535
25 739 514 760 535
26 739 514 760 535
27 736 515 757 536
28 734 516 755 537
29 733 516 754 537
30 736 516 757 537
31 743 516 764 537
32 753 514 774 535
33 765 512 786 533
34 780 511 801 532
35 800 509 821 530
36 824 506 845 527
37 848 503 869 524
38 867 501 888 522
39 877 500 898 521
40 879 500 900 521
41 873 501 894 522
42 864 501 885 522
43 855 502 876 523
44 846 503 867 524
45 841 503 862 524
46 839 504 860 525
47 840 504 861 525
48 842 504 863 525
49 847 504 868 525
50 852 503 873 524
51 857 502 878 523
52 861 501 882 522
53 860 501 881 522
54 859 502 880 523
55 861 502 882 523
56 866 502 887 523
57 875 501 896 522
58 887 500 908 521
59 899 498 920 519
60 912 495 933 516
61 925 490 946 511
62 937 485 958 506
63 945 482 966 503
64 952 480 973 501
65 955 479 976 500
66 953 479 974 500
67 947 481 968 502
68 942 484 963 505
69 940 485 961 506
70 940 485 961 506
71 941 484 962 505
72 942 483 963 504
73 944 483 965 504
74 944 483 965 504
75 943 483 964 504
76 940 483 961 504
77 937 483 958 504
78 926 482 947 503
79 905 483 926 504
80 875 486 896 507
81 839 492 860 513
82 800 502 821 523
83 766 513 787 534
84 737 525 758 546
85 712 535 733 556
86 687 539 708 560
87 662 536 683 557
88 638 530 659 551
89 617 518 638 539
90 603 504 624 525
91 592 490 613 511
92 578 475 599 496
93 561 460 582 481
94 540 443 561 464
95 522 429 543 450
96 504 419 525 440
97 484 415 505 436
98 462 412 483 433
99 436 410 457 431
100 405 411 426 432
101 373 412 394 433
102 342 418 363 439
103 314 427 335 448
104 292 433 313 454
105 275 433 296 454
106 257 433 278 454
107 238 434 259 455
108 220 434 241 455
109 203 434 224 455
110 184 436 205 457
111 165 439 186 460
112 146 441 167 462
113 127 443 148 464
114 109 444 130 465
115 90 444 111 465
116 69 445 90 466
117 49 445 70 466
118 34 443 55 464
119 23 441 44 462
120 19 439 40 460
121 18 440 39 461
122 19 442 40 463
123 24 443 45 464
124 28 442 49 463
125 33 441 54 462
126 40 441 61 462
127 48 440 69 461
128 55 439 76 460
129 63 440 84 461
130 71 441 92 462
131 81 442 102 463
132 90 445 111 466
133 98 446 119 467
134 106 445 127 466
135 112 443 133 464
136 117 443 138 464
137 122 444 143 465
138 127 444 148 465
139 130 444 151 465
140 132 442 153 463
141 135 440 156 461
142 139 440 160 461
143 141 439 162 460
144 142 441 163 462
145 140 445 161 466
146 139 445 160 466
147 139 444 160 465
148 137 444 158 465
149 134 445 155 466
150 133 446 154 467
151 131 446 152 467
152 129 449 150 470
153 126 451 147 472
154 124 451 145 472
