271 -1 -1 -1 -1
0 630 512 650 537
1 630 512 649 536
2 631 512 650 536
3 631 512 650 536
4 630 512 649 536
5 630 512 649 536
6 630 512 649 536
7 630 512 649 536
8 630 512 649 536
9 630 512 649 536
10 631 512 650 536
11 630 512 649 536
12 630 512 649 536
13 630 512 649 536
14 631 512 650 536
15 630 512 649 536
16 631 512 650 536
17 631 512 650 536
18 631 512 650 536
19 631 512 650 536
20 631 512 650 536
21 633 516 652 540
22 629 516 648 540
23 628 510 647 534
24 632 501 651 525
25 636 496 655 520
26 642 492 661 516
27 650 488 669 512
28 658 483 677 507
29 664 478 683 502
30 669 473 688 497
31 671 471 690 495
32 674 469 693 493
33 679 465 698 489
34 686 459 705 483
35 693 454 712 478
36 698 449 717 473
37 700 447 719 471
38 703 445 722 469
39 708 441 727 465
40 715 437 734 461
41 722 433 741 457
42 728 428 747 452
43 730 425 749 449
44 732 423 751 447
45 736 419 755 443
46 743 414 762 438
47 750 410 769 434
48 756 406 775 430
49 758 405 777 429
50 760 403 779 427
51 764 400 783 424
52 770 395 789 419
53 776 390 795 414
54 781 385 800 409
55 783 383 802 407
56 785 382 804 406
57 790 379 809 403
58 795 375 814 399
59 801 370 820 394
60 807 364 826 388
61 811 360 830 384
62 814 357 833 381
63 817 354 836 378
64 821 352 840 376
65 826 349 845 373
66 830 345 849 369
67 832 343 851 367
68 835 341 854 365
69 838 338 857 362
70 842 334 861 358
71 846 330 865 354
72 851 326 870 350
73 854 324 873 348
74 857 322 876 346
75 860 320 879 344
76 880 312 899 336
77 915 300 934 324
78 923 298 942 322
79 922 299 941 323
80 921 299 940 323
81 921 299 940 323
82 921 300 940 324
83 921 299 940 323
84 920 298 939 322
85 920 298 939 322
86 921 299 940 323
87 921 299 940 323
88 921 299 940 323
89 921 299 940 323
90 920 298 939 322
91 920 298 939 322
92 920 298 939 322
93 921 298 940 322
94 921 298 940 322
95 921 298 940 322
96 921 298 940 322
97 921 298 940 322
98 921 298 940 322
99 921 298 940 322
100 921 298 940 322
101 920 298 939 322
102 920 298 939 322
103 920 297 939 321
104 920 297 939 321
105 921 298 940 322
106 921 298 940 322
107 920 298 939 322
108 920 297 939 321
109 920 297 939 321
110 920 298 939 322
111 921 298 940 322
112 920 298 939 322
113 920 298 939 322
114 920 298 939 322
115 920 298 939 322
116 921 298 940 322
117 921 298 940 322
118 920 298 939 322
119 920 298 939 322
120 920 298 939 322
121 920 298 939 322
122 919 298 938 322
123 919 298 938 322
124 920 298 939 322
125 920 298 939 322
126 919 298 938 322
127 919 297 938 321
128 919 297 938 321
129 920 297 939 321
130 920 297 939 321
131 919 298 938 322
132 919 298 938 322
133 919 297 938 321
134 920 297 939 321
135 920 298 939 322
136 919 298 938 322
137 920 297 939 321
138 920 297 939 321
139 920 297 939 321
140 919 297 938 321
141 919 298 938 322
142 919 298 938 322
143 917 301 936 325
144 918 303 937 327
145 919 306 938 330
146 923 319 942 343
147 928 352 947 376
148 929 382 948 406
149 930 430 949 454
150 930 461 949 485
151 933 472 952 496
152 938 458 957 482
153 943 451 962 475
154 949 456 968 480
155 954 463 973 487
156 959 468 978 492
157 960 469 979 493
158 962 470 981 494
159 963 472 982 496
160 964 475 983 499
161 966 481 985 505
162 963 488 982 512
163 955 495 974 519
164 937 505 956 529
165 905 519 924 543
166 806 520 825 544
167 773 557 792 581
168 773 559 792 583
169 781 550 800 574
170 791 534 810 558
171 801 518 820 542
172 806 510 825 534
173 806 510 825 534
174 803 514 822 538
175 800 519 819 543
176 798 523 817 547
177 797 524 816 548
178 798 522 817 546
179 796 525 815 549
180 795 527 814 551
181 794 528 813 552
182 794 528 813 552
183 794 526 813 550
184 794 525 813 549
185 791 528 810 552
186 788 532 807 556
187 786 533 805 557
188 787 532 806 556
189 786 531 805 555
190 783 533 802 557
191 779 534 798 558
192 776 534 795 558
193 773 532 792 556
194 778 521 797 545
195 784 496 803 520
196 787 475 806 499
197 781 469 800 493
198 770 471 789 495
199 753 482 772 506
200 748 494 767 518
201 735 497 754 521
202 719 495 738 519
203 700 495 719 519
204 679 499 698 523
205 658 505 677 529
206 655 512 674 536
207 638 511 657 535
208 622 510 641 534
209 608 504 627 528
210 596 500 615 524
211 590 490 609 514
212 583 486 602 510
213 575 489 594 513
214 569 497 588 521
215 564 504 583 528
216 562 509 581 533
217 562 509 581 533
218 561 506 580 530
219 560 506 579 530
220 558 506 577 530
221 557 506 576 530
222 555 504 574 528
223 556 503 575 527
224 556 502 575 526
225 555 502 574 526
226 554 503 573 527
227 554 503 573 527
228 555 499 574 523
229 557 491 576 515
230 561 471 580 495
231 569 428 588 452
232 572 412 591 436
233 572 409 591 433
234 574 407 593 431
235 574 406 593 430
236 574 405 593 429
237 576 406 595 430
238 576 406 595 430
239 578 404 597 428
240 579 404 598 428
241 579 403 598 427
242 580 404 599 428
243 581 404 600 428
244 581 404 600 428
245 582 403 601 427
246 584 404 603 428
247 584 403 603 427
248 584 404 603 428
249 585 404 604 428
250 586 406 605 430
251 587 406 606 430
252 588 405 607 429
253 588 405 607 429
254 588 407 607 431
255 589 407 608 431
256 590 405 609 429
257 591 405 610 429
258 591 406 610 430
259 591 405 610 429
260 591 405 610 429
261 591 405 610 429
262 590 406 609 430
263 589 406 608 430
264 587 406 606 430
265 587 406 606 430
266 586 405 605 429
267 582 406 601 430
268 578 406 597 430
269 576 405 595 429
