271 -1 -1 -1 -1
0 440 506 460 525
1 441 507 460 525
2 440 507 459 525
3 441 507 460 525
4 441 507 460 525
5 441 507 460 525
6 440 507 459 525
7 441 507 460 525
8 440 507 459 525
9 440 507 459 525
10 441 507 460 525
11 441 507 460 525
12 441 507 460 525
13 441 507 460 525
14 440 507 459 525
15 441 507 460 525
16 440 507 459 525
17 441 507 460 525
18 444 508 463 526
19 458 508 477 526
20 470 509 489 527
21 477 510 496 528
22 481 510 500 528
23 478 507 497 525
24 472 503 491 521
25 463 501 482 519
26 451 499 470 517
27 435 497 454 515
28 411 497 430 515
29 380 497 399 515
30 357 496 376 514
31 346 494 365 512
32 345 491 364 509
33 350 490 369 508
34 358 492 377 510
35 364 495 383 513
36 368 497 387 515
37 368 498 387 516
38 365 498 384 516
39 362 497 381 515
40 360 496 379 514
41 359 495 378 513
42 359 495 378 513
43 360 496 379 514
44 362 497 381 515
45 363 497 382 515
46 363 498 382 516
47 361 498 380 516
48 359 496 378 514
49 358 495 377 513
50 358 495 377 513
51 359 496 378 514
52 360 496 379 514
53 360 496 379 514
54 360 496 379 514
55 361 497 380 515
56 361 497 380 515
57 361 497 380 515
58 362 497 381 515
59 362 497 381 515
60 362 497 381 515
61 361 497 380 515
62 359 496 378 514
63 356 493 375 511
64 353 491 372 509
65 352 489 371 507
66 350 488 369 506
67 348 488 367 506
68 345 487 364 505
69 341 484 360 502
70 336 481 355 499
71 329 479 348 497
72 322 476 341 494
73 317 473 336 491
74 313 472 332 490
75 312 473 331 491
76 312 474 331 492
77 311 474 330 492
78 307 471 326 489
79 304 468 323 486
80 300 466 319 484
81 297 466 316 484
82 296 465 315 483
83 298 463 317 481
84 301 458 320 476
85 304 451 323 469
86 308 440 327 458
87 313 429 332 447
88 319 413 338 431
89 326 391 345 409
90 331 367 350 385
91 332 343 351 361
92 332 319 351 337
93 332 297 351 315
94 335 280 354 298
95 339 267 358 285
96 343 256 362 274
97 346 248 365 266
98 348 242 367 260
99 349 239 368 257
100 348 239 367 257
101 346 245 365 263
102 343 260 362 278
103 338 286 357 304
104 331 317 350 335
105 324 348 343 366
106 318 374 337 392
107 314 397 333 415
108 311 416 330 434
109 306 438 325 456
110 302 461 321 479
111 298 482 317 500
112 294 505 313 523
113 290 527 309 545
114 287 545 306 563
115 287 555 306 573
116 287 559 306 577
117 286 559 305 577
118 286 558 305 576
119 286 559 305 577
120 286 561 305 579
121 286 564 305 582
122 285 565 304 583
123 285 566 304 584
124 285 567 304 585
125 286 567 305 585
126 286 566 305 584
127 285 566 304 584
128 285 566 304 584
129 285 567 304 585
130 285 568 304 586
131 284 568 303 586
132 283 567 302 585
133 283 566 302 584
134 284 566 303 584
135 285 565 304 583
136 285 565 304 583
137 284 565 303 583
138 284 566 303 584
139 285 567 304 585
140 286 568 305 586
141 286 567 305 585
142 286 567 305 585
143 285 567 304 585
144 285 567 304 585
145 285 567 304 585
146 285 565 304 583
147 285 564 304 582
148 285 564 304 582
149 285 565 304 583
150 285 567 304 585
151 285 569 304 587
152 285 568 304 586
153 284 566 303 584
154 283 565 302 583
155 283 565 302 583
156 283 566 302 584
157 284 567 303 585
158 285 567 304 585
159 285 567 304 585
160 285 566 304 584
161 285 566 304 584
162 285 567 304 585
163 285 568 304 586
164 285 568 304 586
165 285 567 304 585
166 285 566 304 584
167 285 566 304 584
168 285 566 304 584
169 286 567 305 585
170 285 567 304 585
171 284 568 303 586
172 284 569 303 587
173 284 570 303 588
174 285 570 304 588
175 286 569 305 587
176 286 568 305 586
177 287 568 306 586
178 287 567 306 585
179 286 567 305 585
180 286 567 305 585
181 286 567 305 585
182 286 566 305 584
183 286 566 305 584
184 286 567 305 585
185 286 567 305 585
186 286 567 305 585
187 287 568 306 586
188 286 569 305 587
189 286 569 305 587
190 286 569 305 587
191 286 568 305 586
192 286 568 305 586
193 286 568 305 586
194 286 569 305 587
195 286 569 305 587
196 287 569 306 587
197 287 568 306 586
198 287 567 306 585
199 287 568 306 586
200 287 569 306 587
201 287 569 306 587
202 287 569 306 587
203 287 569 306 587
204 286 568 305 586
205 286 566 305 584
206 286 565 305 583
207 286 567 305 585
208 286 568 305 586
209 286 569 305 587
210 287 569 306 587
211 287 568 306 586
212 286 566 305 584
213 286 565 305 583
214 286 564 305 582
215 286 564 305 582
216 287 565 306 583
217 287 566 306 584
218 287 567 306 585
219 287 568 306 586
220 287 569 306 587
221 287 569 306 587
222 286 568 305 586
223 286 566 305 584
224 286 565 305 583
225 286 564 305 582
226 286 564 305 582
227 286 564 305 582
228 285 565 304 583
229 285 566 304 584
230 285 567 304 585
231 285 566 304 584
232 285 566 304 584
233 285 566 304 584
234 285 565 304 583
235 285 564 304 582
236 285 564 304 582
237 285 564 304 582
238 284 564 303 582
239 284 565 303 583
240 285 565 304 583
241 285 565 304 583
242 285 565 304 583
243 286 566 305 584
244 287 567 306 585
245 287 567 306 585
246 286 567 305 585
247 286 567 305 585
248 286 567 305 585
249 286 566 305 584
250 286 565 305 583
251 285 564 304 582
252 285 563 304 581
253 284 563 303 581
254 284 564 303 582
255 285 565 304 583
256 286 566 305 584
257 287 566 306 584
258 287 566 306 584
259 287 566 306 584
260 286 566 305 584
261 285 566 304 584
262 285 567 304 585
263 285 567 304 585
264 285 567 304 585
265 285 566 304 584
266 285 565 304 583
267 286 564 305 582
268 286 564 305 582
269 286 565 305 583
