280 -1 -1 -1 -1
0 714 72 734 92
1 714 71 733 90
2 715 71 734 90
3 715 70 734 89
4 715 70 734 89
5 715 70 734 89
6 715 70 734 89
7 715 71 734 90
8 715 71 734 90
9 715 71 734 90
10 715 71 734 90
11 715 71 734 90
12 715 70 734 89
13 715 70 734 89
14 715 70 734 89
15 715 70 734 89
16 715 70 734 89
17 716 68 735 87
18 716 66 735 85
19 717 64 736 83
20 717 63 736 82
21 717 64 736 83
22 717 65 736 84
23 717 66 736 85
24 717 66 736 85
25 717 65 736 84
26 717 64 736 83
27 717 64 736 83
28 717 64 736 83
29 717 64 736 83
30 718 65 737 84
31 717 65 736 84
32 716 65 735 84
33 716 65 735 84
34 716 65 735 84
35 717 65 736 84
36 717 65 736 84
37 717 65 736 84
38 717 65 736 84
39 717 64 736 83
40 716 64 735 83
41 716 65 735 84
42 717 65 736 84
43 717 65 736 84
44 717 65 736 84
45 716 64 735 83
46 717 63 736 82
47 718 63 737 82
48 718 64 737 83
49 717 64 736 83
50 716 64 735 83
51 716 64 735 83
52 716 64 735 83
53 716 64 735 83
54 716 64 735 83
55 716 64 735 83
56 716 64 735 83
57 717 64 736 83
58 718 64 737 83
59 718 63 737 82
60 717 63 736 82
61 715 63 734 82
62 714 63 733 82
63 714 63 733 82
64 714 62 733 81
65 714 61 733 80
66 714 61 733 80
67 714 61 733 80
68 713 61 732 80
69 712 61 731 80
70 712 61 731 80
71 712 60 731 79
72 713 60 732 79
73 714 60 733 79
74 715 60 734 79
75 715 60 734 79
76 716 60 735 79
77 716 60 735 79
78 717 60 736 79
79 718 60 737 79
80 719 60 738 79
81 721 60 740 79
82 722 60 741 79
83 723 60 742 79
84 724 60 743 79
85 725 60 744 79
86 726 60 745 79
87 727 60 746 79
88 727 60 746 79
89 727 60 746 79
90 728 60 747 79
91 729 60 748 79
92 730 61 749 80
93 731 62 750 81
94 732 62 751 81
95 732 63 751 82
96 732 63 751 82
97 731 62 750 81
98 730 61 749 80
99 730 61 749 80
100 731 61 750 80
101 732 61 751 80
102 732 61 751 80
103 733 61 752 80
104 735 61 754 80
105 737 61 756 80
106 739 62 758 81
107 741 62 760 81
108 743 61 762 80
109 745 60 764 79
110 746 59 765 78
111 747 59 766 78
112 749 60 768 79
113 749 61 768 80
114 749 62 768 81
115 748 64 767 83
116 747 65 766 84
117 746 66 765 85
118 745 66 764 85
119 742 66 761 85
120 737 65 756 84
121 732 64 751 83
122 727 63 746 82
123 722 63 741 82
124 717 63 736 82
125 714 63 733 82
126 711 63 730 82
127 708 63 727 82
128 707 64 726 83
129 709 65 728 84
130 712 65 731 84
131 715 64 734 83
132 718 64 737 83
133 720 63 739 82
134 725 63 744 82
135 731 64 750 83
136 741 64 760 83
137 751 64 770 83
138 764 64 783 83
139 775 64 794 83
140 787 64 806 83
141 800 64 819 83
142 812 64 831 83
143 822 64 841 83
144 835 64 854 83
145 853 63 872 82
146 874 62 893 81
147 892 61 911 80
148 902 61 921 80
149 905 61 924 80
150 905 61 924 80
151 903 61 922 80
152 902 61 921 80
153 901 61 920 80
154 901 61 920 80
155 902 61 921 80
156 903 60 922 79
157 905 60 924 79
158 907 61 926 80
159 907 62 926 81
160 907 62 926 81
161 905 61 924 80
162 902 60 921 79
163 899 60 918 79
164 897 60 916 79
165 896 61 915 80
166 896 61 915 80
167 896 60 915 79
168 897 60 916 79
169 899 60 918 79
170 901 60 920 79
171 901 60 920 79
172 902 60 921 79
173 903 60 922 79
174 904 60 923 79
175 905 60 924 79
176 905 60 924 79
177 904 59 923 78
178 903 60 922 79
179 903 60 922 79
180 902 60 921 79
181 903 60 922 79
182 904 61 923 80
183 905 61 924 80
184 904 60 923 79
185 902 59 921 78
186 900 59 919 78
187 899 60 918 79
188 898 61 917 80
189 899 61 918 80
190 901 60 920 79
191 902 60 921 79
192 902 60 921 79
193 904 60 923 79
194 906 60 925 79
195 907 60 926 79
196 907 60 926 79
197 906 60 925 79
198 905 60 924 79
199 904 60 923 79
200 903 61 922 80
201 902 61 921 80
202 901 61 920 80
203 900 60 919 79
204 902 59 921 78
205 904 59 923 78
206 905 59 924 78
207 906 59 925 78
208 907 60 926 79
209 906 61 925 80
210 905 61 924 80
211 903 61 922 80
212 902 61 921 80
213 901 61 920 80
214 899 61 918 80
215 897 61 916 80
216 896 60 915 79
217 896 60 915 79
218 898 60 917 79
219 901 60 920 79
220 903 60 922 79
221 903 60 922 79
222 901 61 920 80
223 898 61 917 80
224 896 61 915 80
225 895 61 914 80
226 895 61 914 80
227 896 61 915 80
228 896 61 915 80
229 896 61 915 80
230 897 61 916 80
231 899 62 918 81
232 901 62 920 81
233 902 61 921 80
234 903 61 922 80
235 903 61 922 80
236 902 60 921 79
237 901 60 920 79
238 901 60 920 79
239 903 60 922 79
240 905 60 924 79
241 907 60 926 79
242 908 60 927 79
243 908 60 927 79
244 909 61 928 80
245 909 62 928 81
246 908 62 927 81
247 907 61 926 80
248 905 60 924 79
249 903 60 922 79
250 901 61 920 80
251 900 61 919 80
252 899 61 918 80
253 898 61 917 80
254 897 61 916 80
255 897 61 916 80
256 900 61 919 80
257 903 61 922 80
258 906 61 925 80
259 907 61 926 80
260 906 62 925 81
261 905 62 924 81
262 904 62 923 81
263 904 61 923 80
264 904 61 923 80
265 904 61 923 80
266 904 61 923 80
267 903 61 922 80
268 903 61 922 80
269 901 60 920 79
270 900 60 919 79
271 899 61 918 80
272 898 61 917 80
273 898 61 917 80
274 898 61 917 80
275 899 61 918 80
276 902 62 921 81
277 906 62 925 81
278 908 61 927 80
