280 -1 -1 -1 -1
0 614 434 635 455
1 615 434 635 454
2 614 434 634 454
3 615 435 635 455
4 615 434 635 454
5 615 434 635 454
6 614 434 634 454
7 614 434 634 454
8 614 434 634 454
9 615 434 635 454
10 615 434 635 454
11 615 434 635 454
12 614 435 634 455
13 614 434 634 454
14 615 434 635 454
15 615 434 635 454
16 615 434 635 454
17 615 434 635 454
18 614 434 634 454
19 614 434 634 454
20 614 434 634 454
21 614 434 634 454
22 615 434 635 454
23 614 434 634 454
24 614 434 634 454
25 614 434 634 454
26 615 434 635 454
27 615 434 635 454
28 615 434 635 454
29 615 434 635 454
30 615 434 635 454
31 615 434 635 454
32 615 434 635 454
33 614 434 634 454
34 614 434 634 454
35 615 435 635 455
36 614 435 634 455
37 614 434 634 454
38 614 434 634 454
39 615 434 635 454
40 614 435 634 455
41 614 434 634 454
42 614 434 634 454
43 615 434 635 454
44 614 434 634 454
45 615 434 635 454
46 615 436 635 456
47 607 440 627 460
48 591 447 611 467
49 574 454 594 474
50 571 455 591 475
51 561 460 581 480
52 546 467 566 487
53 533 472 553 492
54 520 478 540 498
55 509 483 529 503
56 507 483 527 503
57 497 487 517 507
58 486 492 506 512
59 474 497 494 517
60 462 503 482 523
61 452 507 472 527
62 450 507 470 527
63 442 513 462 533
64 429 518 449 538
65 417 523 437 543
66 406 528 426 548
67 395 533 415 553
68 393 533 413 553
69 383 539 403 559
70 371 544 391 564
71 359 549 379 569
72 347 554 367 574
73 335 560 355 580
74 333 560 353 580
75 326 565 346 585
76 314 571 334 591
77 302 576 322 596
78 290 581 310 601
79 274 584 294 604
80 273 585 293 605
81 265 587 285 607
82 251 592 271 612
83 238 596 258 616
84 229 597 249 617
85 227 595 247 615
86 230 592 250 612
87 234 589 254 609
88 237 587 257 607
89 239 587 259 607
90 239 587 259 607
91 238 588 258 608
92 237 589 257 609
93 237 591 257 611
94 237 592 257 612
95 238 592 258 612
96 238 591 258 611
97 238 589 258 609
98 238 588 258 608
99 239 588 259 608
100 240 589 260 609
101 240 590 260 610
102 239 591 259 611
103 239 592 259 612
104 239 593 259 613
105 239 592 259 612
106 239 591 259 611
107 238 590 258 610
108 237 590 257 610
109 237 591 257 611
110 238 592 258 612
111 238 593 258 613
112 238 593 258 613
113 239 593 259 613
114 238 592 258 612
115 238 591 258 611
116 238 591 258 611
117 238 590 258 610
118 238 590 258 610
119 238 590 258 610
120 238 589 258 609
121 239 589 259 609
122 239 589 259 609
123 239 590 259 610
124 238 590 258 610
125 238 591 258 611
126 237 590 257 610
127 237 590 257 610
128 237 589 257 609
129 237 588 257 608
130 238 589 258 609
131 239 590 259 610
132 239 591 259 611
133 238 591 258 611
134 237 591 257 611
135 237 591 257 611
136 238 590 258 610
137 238 590 258 610
138 239 590 259 610
139 238 590 258 610
140 237 589 257 609
141 237 589 257 609
142 238 589 258 609
143 239 590 259 610
144 239 591 259 611
145 239 592 259 612
146 239 592 259 612
147 239 591 259 611
148 239 590 259 610
149 238 589 258 609
150 237 588 257 608
151 236 587 256 607
152 236 587 256 607
153 236 587 256 607
154 237 588 257 608
155 237 588 257 608
156 237 589 257 609
157 237 589 257 609
158 237 588 257 608
159 236 589 256 609
160 236 589 256 609
161 236 589 256 609
162 237 589 257 609
163 237 589 257 609
164 237 590 257 610
165 237 590 257 610
166 237 590 257 610
167 237 589 257 609
168 237 588 257 608
169 237 587 257 607
170 237 587 257 607
171 237 588 257 608
172 237 588 257 608
173 237 589 257 609
174 237 589 257 609
175 237 589 257 609
176 237 589 257 609
177 237 589 257 609
178 237 589 257 609
179 237 590 257 610
180 237 590 257 610
181 237 590 257 610
182 237 590 257 610
183 237 590 257 610
184 237 589 257 609
185 238 588 258 608
186 238 588 258 608
187 238 588 258 608
188 237 588 257 608
189 237 589 257 609
190 237 589 257 609
191 237 590 257 610
192 238 591 258 611
193 238 591 258 611
194 238 591 258 611
195 238 590 258 610
196 238 588 258 608
197 238 587 258 607
198 238 587 258 607
199 238 588 258 608
200 238 589 258 609
201 238 589 258 609
202 239 589 259 609
203 239 588 259 608
204 239 587 259 607
205 238 585 258 605
206 238 585 258 605
207 239 586 259 606
208 239 588 259 608
209 239 590 259 610
210 238 590 258 610
211 237 589 257 609
212 237 588 257 608
213 237 587 257 607
214 237 587 257 607
215 237 587 257 607
216 237 587 257 607
217 237 588 257 608
218 236 589 256 609
219 236 590 256 610
220 236 590 256 610
221 237 589 257 609
222 237 588 257 608
223 237 588 257 608
224 237 588 257 608
225 237 588 257 608
226 237 588 257 608
227 237 588 257 608
228 237 588 257 608
229 237 588 257 608
230 237 588 257 608
231 237 588 257 608
232 236 589 256 609
233 236 589 256 609
234 236 589 256 609
235 236 590 256 610
236 236 590 256 610
237 236 589 256 609
238 236 589 256 609
239 237 589 257 609
240 237 589 257 609
241 236 589 256 609
242 236 589 256 609
243 236 588 256 608
244 235 588 255 608
245 235 587 255 607
246 236 587 256 607
247 236 587 256 607
248 237 587 257 607
249 237 588 257 608
250 237 588 257 608
251 236 589 256 609
252 235 589 255 609
253 235 589 255 609
254 236 589 256 609
255 237 588 257 608
256 237 589 257 609
257 237 589 257 609
258 236 589 256 609
259 236 589 256 609
260 236 589 256 609
261 236 589 256 609
262 236 589 256 609
263 236 589 256 609
264 236 588 256 608
265 237 588 257 608
266 237 587 257 607
267 237 586 257 606
268 237 585 257 605
269 237 585 257 605
270 237 586 257 606
271 237 587 257 607
272 237 589 257 609
273 237 589 257 609
274 237 589 257 609
275 237 588 257 608
276 237 585 257 605
277 237 583 257 603
278 238 583 258 603
