314 -1 -1 -1 -1
0 810 430 829 452
1 811 430 829 451
2 811 430 829 451
3 811 430 829 451
4 811 430 829 451
5 811 430 829 451
6 810 430 828 451
7 811 430 829 451
8 811 430 829 451
9 811 430 829 451
10 811 430 829 451
11 810 430 828 451
12 811 430 829 451
13 811 431 829 452
14 810 430 828 451
15 811 430 829 451
16 811 430 829 451
17 810 430 828 451
18 811 430 829 451
19 811 430 829 451
20 811 430 829 451
21 811 430 829 451
22 811 430 829 451
23 810 431 828 452
24 810 430 828 451
25 811 430 829 451
26 811 430 829 451
27 811 430 829 451
28 811 430 829 451
29 811 430 829 451
30 811 430 829 451
31 811 431 829 452
32 810 430 828 451
33 811 431 829 452
34 811 430 829 451
35 810 430 828 451
36 811 430 829 451
37 811 431 829 452
38 811 430 829 451
39 811 431 829 452
40 811 431 829 452
41 810 430 828 451
42 811 430 829 451
43 810 431 828 452
44 811 430 829 451
45 810 431 828 452
46 811 431 829 452
47 811 430 829 451
48 811 430 829 451
49 811 430 829 451
50 811 430 829 451
51 811 430 829 451
52 811 431 829 452
53 811 431 829 452
54 811 430 829 451
55 811 430 829 451
56 811 430 829 451
57 811 430 829 451
58 811 430 829 451
59 811 431 829 452
60 811 431 829 452
61 811 431 829 452
62 811 431 829 452
63 811 430 829 451
64 811 431 829 452
65 810 431 828 452
66 811 431 829 452
67 811 431 829 452
68 811 431 829 452
69 811 431 829 452
70 811 431 829 452
71 810 430 828 451
72 811 431 829 452
73 811 431 829 452
74 811 431 829 452
75 811 431 829 452
76 811 431 829 452
77 811 431 829 452
78 811 431 829 452
79 811 430 829 451
80 811 431 829 452
81 811 431 829 452
82 811 431 829 452
83 811 431 829 452
84 811 431 829 452
85 811 431 829 452
86 811 431 829 452
87 811 430 829 451
88 811 430 829 451
89 811 430 829 451
90 811 431 829 452
91 811 430 829 451
92 811 430 829 451
93 811 430 829 451
94 811 430 829 451
95 810 431 828 452
96 811 430 829 451
97 811 430 829 451
98 811 430 829 451
99 811 430 829 451
100 811 430 829 451
101 811 430 829 451
102 811 431 829 452
103 811 430 829 451
104 811 430 829 451
105 811 430 829 451
106 811 430 829 451
107 811 430 829 451
108 811 430 829 451
109 812 431 830 452
110 811 430 829 451
111 811 430 829 451
112 811 430 829 451
113 811 430 829 451
114 811 430 829 451
115 811 430 829 451
116 811 430 829 451
117 811 430 829 451
118 811 430 829 451
119 812 431 830 452
120 811 431 829 452
121 811 430 829 451
122 812 430 830 451
123 812 430 830 451
124 811 430 829 451
125 811 430 829 451
126 811 430 829 451
127 811 430 829 451
128 812 430 830 451
129 811 431 829 452
130 812 430 830 451
131 808 431 826 452
132 807 431 825 452
133 801 431 819 452
134 792 429 810 450
135 786 428 804 449
136 778 427 796 448
137 772 427 790 448
138 772 426 790 447
139 766 426 784 447
140 758 425 776 446
141 752 424 770 445
142 746 423 764 444
143 738 422 756 443
144 738 422 756 443
145 733 421 751 442
146 727 420 745 441
147 720 419 738 440
148 714 418 732 439
149 708 417 726 438
150 708 417 726 438
151 701 416 719 437
152 695 415 713 436
153 689 415 707 436
154 684 414 702 435
155 679 413 697 434
156 678 412 696 433
157 673 412 691 433
158 667 411 685 432
159 661 410 679 431
160 655 409 673 430
161 649 409 667 430
162 649 409 667 430
163 645 408 663 429
164 638 407 656 428
165 632 407 650 428
166 627 405 645 426
167 621 405 639 426
168 621 405 639 426
169 617 404 635 425
170 611 403 629 424
171 605 404 623 425
172 600 402 618 423
173 596 402 614 423
174 595 401 613 422
175 589 400 607 421
176 586 401 604 422
177 581 399 599 420
178 576 399 594 420
179 571 398 589 419
180 571 398 589 419
181 566 397 584 418
182 561 396 579 417
183 557 395 575 416
184 552 395 570 416
185 547 395 565 416
186 547 395 565 416
187 543 393 561 414
188 537 394 555 415
189 533 392 551 413
190 529 391 547 412
191 524 391 542 412
192 524 391 542 412
193 520 390 538 411
194 515 390 533 411
195 510 389 528 410
196 507 389 525 410
197 503 388 521 409
198 502 388 520 409
199 498 387 516 408
200 493 387 511 408
201 489 386 507 407
202 485 386 503 407
203 481 384 499 405
204 481 384 499 405
205 478 385 496 406
206 474 384 492 405
207 470 383 488 404
208 466 383 484 404
209 462 383 480 404
210 462 383 480 404
211 458 381 476 402
212 454 381 472 402
213 450 381 468 402
214 445 379 463 400
215 443 379 461 400
216 443 379 461 400
217 441 378 459 399
218 437 378 455 399
219 434 378 452 399
220 429 377 447 398
221 427 377 445 398
222 426 377 444 398
223 423 376 441 397
224 420 375 438 396
225 417 375 435 396
226 413 374 431 395
227 411 374 429 395
228 411 374 429 395
229 407 373 425 394
230 404 373 422 394
231 401 374 419 395
232 397 372 415 393
233 395 371 413 392
234 394 371 412 392
235 392 372 410 393
236 388 371 406 392
237 386 370 404 391
238 383 370 401 391
239 380 370 398 391
240 379 369 397 390
241 378 369 396 390
242 375 369 393 390
243 372 369 390 390
244 370 368 388 389
245 367 368 385 389
246 366 368 384 389
247 364 367 382 388
248 362 367 380 388
249 360 367 378 388
250 357 366 375 387
251 355 365 373 386
252 355 366 373 387
253 352 366 370 387
254 350 365 368 386
255 348 364 366 385
256 345 363 363 384
257 344 362 362 383
258 344 362 362 383
259 342 361 360 382
260 340 359 358 380
261 337 358 355 379
262 335 358 353 379
263 327 356 345 377
264 323 355 341 376
265 320 355 338 376
266 320 356 338 377
267 320 356 338 377
268 320 356 338 377
269 321 355 339 376
270 321 355 339 376
271 321 354 339 375
272 321 354 339 375
273 321 355 339 376
274 321 355 339 376
275 321 355 339 376
276 321 355 339 376
277 321 355 339 376
278 322 355 340 376
279 321 354 339 375
280 321 355 339 376
281 321 355 339 376
282 321 355 339 376
283 321 355 339 376
284 321 355 339 376
285 321 355 339 376
286 321 355 339 376
287 321 355 339 376
288 321 355 339 376
289 321 355 339 376
290 321 355 339 376
291 321 355 339 376
292 321 355 339 376
293 321 355 339 376
294 321 355 339 376
295 321 354 339 375
296 321 354 339 375
297 321 354 339 375
298 321 355 339 376
299 321 355 339 376
300 321 355 339 376
301 320 355 338 376
302 320 355 338 376
303 320 355 338 376
304 321 355 339 376
305 321 355 339 376
306 321 355 339 376
307 320 355 338 376
308 320 355 338 376
309 321 355 339 376
310 321 355 339 376
311 321 355 339 376
312 321 354 339 375
