314 -1 -1 -1 -1
0 533 255 550 272
1 534 256 550 272
2 536 256 552 272
3 536 256 552 272
4 536 256 552 272
5 536 256 552 272
6 536 256 552 272
7 536 256 552 272
8 536 256 552 272
9 537 256 553 272
10 537 256 553 272
11 537 256 553 272
12 537 256 553 272
13 537 256 553 272
14 536 256 552 272
15 536 256 552 272
16 536 257 552 273
17 536 257 552 273
18 536 257 552 273
19 536 257 552 273
20 536 257 552 273
21 535 257 551 273
22 535 257 551 273
23 535 257 551 273
24 535 257 551 273
25 535 256 551 272
26 535 256 551 272
27 536 257 552 273
28 536 257 552 273
29 536 257 552 273
30 536 257 552 273
31 535 257 551 273
32 535 257 551 273
33 535 257 551 273
34 535 257 551 273
35 536 257 552 273
36 536 257 552 273
37 536 257 552 273
38 536 257 552 273
39 536 257 552 273
40 535 257 551 273
41 535 257 551 273
42 536 257 552 273
43 536 257 552 273
44 536 257 552 273
45 536 257 552 273
46 535 257 551 273
47 534 258 550 274
48 533 259 549 275
49 535 259 551 275
50 540 258 556 274
51 545 255 561 271
52 550 251 566 267
53 554 248 570 264
54 557 247 573 263
55 557 246 573 262
56 556 246 572 262
57 554 247 570 263
58 551 250 567 266
59 548 252 564 268
60 546 253 562 269
61 545 254 561 270
62 544 255 560 271
63 544 255 560 271
64 544 255 560 271
65 545 255 561 271
66 546 254 562 270
67 547 252 563 268
68 548 251 564 267
69 549 250 565 266
70 549 251 565 267
71 550 251 566 267
72 550 252 566 268
73 550 252 566 268
74 549 252 565 268
75 548 253 564 269
76 547 253 563 269
77 546 253 562 269
78 546 253 562 269
79 545 253 561 269
80 545 253 561 269
81 546 253 562 269
82 548 252 564 268
83 550 250 566 266
84 551 248 567 264
85 551 247 567 263
86 551 246 567 262
87 551 245 567 261
88 550 244 566 260
89 548 243 564 259
90 548 241 564 257
91 549 239 565 255
92 552 236 568 252
93 557 234 573 250
94 562 231 578 247
95 568 226 584 242
96 575 222 591 238
97 583 219 599 235
98 589 217 605 233
99 594 214 610 230
100 597 212 613 228
101 596 211 612 227
102 593 211 609 227
103 586 210 602 226
104 578 210 594 226
105 570 211 586 227
106 563 211 579 227
107 559 211 575 227
108 559 212 575 228
109 561 213 577 229
110 567 213 583 229
111 574 213 590 229
112 582 212 598 228
113 589 211 605 227
114 595 211 611 227
115 597 211 613 227
116 596 211 612 227
117 591 211 607 227
118 584 212 600 228
119 576 213 592 229
120 567 213 583 229
121 561 213 577 229
122 558 213 574 229
123 560 213 576 229
124 565 214 581 230
125 573 214 589 230
126 582 214 598 230
127 590 214 606 230
128 597 215 613 231
129 601 214 617 230
130 604 213 620 229
131 604 213 620 229
132 601 212 617 228
133 597 212 613 228
134 590 213 606 229
135 583 213 599 229
136 577 213 593 229
137 572 213 588 229
138 568 212 584 228
139 566 212 582 228
140 566 212 582 228
141 567 213 583 229
142 569 214 585 230
143 573 214 589 230
144 579 213 595 229
145 584 213 600 229
146 589 213 605 229
147 593 212 609 228
148 595 212 611 228
149 594 213 610 229
150 594 213 610 229
151 592 213 608 229
152 589 213 605 229
153 586 213 602 229
154 582 214 598 230
155 578 215 594 231
156 574 216 590 232
157 573 216 589 232
158 572 216 588 232
159 573 215 589 231
160 575 214 591 230
161 578 213 594 229
162 583 214 599 230
163 588 215 604 231
164 592 215 608 231
165 594 215 610 231
166 596 214 612 230
167 597 214 613 230
168 601 213 617 229
169 604 212 620 228
170 604 213 620 229
171 602 213 618 229
172 598 214 614 230
173 593 214 609 230
174 589 214 605 230
175 585 214 601 230
176 581 215 597 231
177 577 215 593 231
178 575 216 591 232
179 574 217 590 233
180 574 217 590 233
181 574 217 590 233
182 574 216 590 232
183 575 216 591 232
184 576 217 592 233
185 578 217 594 233
186 580 217 596 233
187 583 217 599 233
188 586 217 602 233
189 589 217 605 233
190 589 218 605 234
191 588 218 604 234
192 586 217 602 233
193 583 215 599 231
194 582 214 598 230
195 581 215 597 231
196 580 216 596 232
197 580 215 596 231
198 581 214 597 230
199 582 213 598 229
200 582 213 598 229
201 583 213 599 229
202 583 213 599 229
203 584 214 600 230
204 586 215 602 231
205 588 214 604 230
206 592 213 608 229
207 595 213 611 229
208 597 213 613 229
209 599 213 615 229
210 601 212 617 228
211 603 211 619 227
212 603 211 619 227
213 601 212 617 228
214 596 213 612 229
215 591 213 607 229
216 587 213 603 229
217 585 213 601 229
218 584 213 600 229
219 583 213 599 229
220 585 213 601 229
221 587 213 603 229
222 590 213 606 229
223 592 213 608 229
224 594 213 610 229
225 594 213 610 229
226 594 213 610 229
227 592 213 608 229
228 592 213 608 229
229 594 213 610 229
230 594 213 610 229
231 592 213 608 229
232 591 213 607 229
233 589 213 605 229
234 587 213 603 229
235 587 212 603 228
236 588 211 604 227
237 588 212 604 228
238 588 213 604 229
239 590 214 606 230
240 593 214 609 230
241 595 214 611 230
242 597 214 613 230
243 596 214 612 230
244 596 214 612 230
245 597 213 613 229
246 598 213 614 229
247 598 213 614 229
248 598 212 614 228
249 597 212 613 228
250 595 213 611 229
251 596 213 612 229
252 597 212 613 228
253 599 212 615 228
254 601 212 617 228
255 603 212 619 228
256 604 212 620 228
257 604 212 620 228
258 601 213 617 229
259 597 214 613 230
260 593 215 609 231
261 589 215 605 231
262 585 214 601 230
263 580 213 596 229
264 575 213 591 229
265 572 213 588 229
266 571 215 587 231
267 569 216 585 232
268 568 217 584 233
269 569 218 585 234
270 570 221 586 237
271 570 223 586 239
272 570 226 586 242
273 567 230 583 246
274 563 234 579 250
275 560 238 576 254
276 558 242 574 258
277 555 246 571 262
278 554 249 570 265
279 552 251 568 267
280 549 254 565 270
281 545 257 561 273
282 542 260 558 276
283 541 262 557 278
284 543 263 559 279
285 544 262 560 278
286 545 261 561 277
287 546 260 562 276
288 545 261 561 277
289 544 261 560 277
290 544 262 560 278
291 544 263 560 279
292 545 264 561 280
293 545 263 561 279
294 545 261 561 277
295 544 260 560 276
296 544 260 560 276
297 544 260 560 276
298 543 261 559 277
299 543 261 559 277
300 544 262 560 278
301 545 263 561 279
302 545 263 561 279
303 545 262 561 278
304 544 262 560 278
305 543 262 559 278
306 543 261 559 277
307 543 261 559 277
308 543 261 559 277
309 543 262 559 278
310 543 262 559 278
311 542 262 558 278
312 541 262 557 278
