260 -1 -1 -1 -1
0 628 439 649 460
1 627 440 647 460
2 627 440 647 460
3 628 440 648 460
4 627 440 647 460
5 627 440 647 460
6 627 439 647 459
7 627 440 647 460
8 628 440 648 460
9 628 440 648 460
10 627 440 647 460
11 628 440 648 460
12 628 440 648 460
13 628 440 648 460
14 627 440 647 460
15 627 440 647 460
16 627 440 647 460
17 627 440 647 460
18 627 440 647 460
19 627 440 647 460
20 627 440 647 460
21 628 440 648 460
22 627 440 647 460
23 627 440 647 460
24 627 440 647 460
25 627 440 647 460
26 627 440 647 460
27 627 440 647 460
28 627 440 647 460
29 627 440 647 460
30 627 441 647 461
31 627 440 647 460
32 627 440 647 460
33 627 440 647 460
34 628 440 648 460
35 628 440 648 460
36 628 440 648 460
37 627 441 647 461
38 627 440 647 460
39 627 440 647 460
40 628 440 648 460
41 627 440 647 460
42 627 440 647 460
43 627 440 647 460
44 628 440 648 460
45 627 440 647 460
46 627 440 647 460
47 627 440 647 460
48 627 441 647 461
49 627 440 647 460
50 627 440 647 460
51 628 440 648 460
52 628 440 648 460
53 628 441 648 461
54 628 441 648 461
55 627 441 647 461
56 628 440 648 460
57 628 440 648 460
58 628 440 648 460
59 628 440 648 460
60 628 440 648 460
61 628 441 648 461
62 628 440 648 460
63 629 440 649 460
64 628 440 648 460
65 628 440 648 460
66 629 441 649 461
67 628 441 648 461
68 627 440 647 460
69 628 440 648 460
70 630 461 650 481
71 634 466 654 486
72 635 466 655 486
73 635 464 655 484
74 634 464 654 484
75 635 465 655 485
76 635 465 655 485
77 635 465 655 485
78 635 465 655 485
79 634 464 654 484
80 635 464 655 484
81 635 465 655 485
82 634 465 654 485
83 634 465 654 485
84 634 464 654 484
85 635 465 655 485
86 635 465 655 485
87 635 465 655 485
88 634 465 654 485
89 634 465 654 485
90 634 465 654 485
91 634 465 654 485
92 634 465 654 485
93 633 465 653 485
94 635 465 655 485
95 634 465 654 485
96 635 465 655 485
97 634 465 654 485
98 633 464 653 484
99 634 465 654 485
100 634 465 654 485
101 635 464 655 484
102 634 465 654 485
103 633 465 653 485
104 633 465 653 485
105 634 464 654 484
106 634 465 654 485
107 634 465 654 485
108 634 465 654 485
109 634 465 654 485
110 633 464 653 484
111 634 465 654 485
112 634 465 654 485
113 634 465 654 485
114 634 465 654 485
115 634 465 654 485
116 634 465 654 485
117 634 466 654 486
118 634 466 654 486
119 634 465 654 485
120 634 466 654 486
121 634 466 654 486
122 634 466 654 486
123 634 466 654 486
124 634 466 654 486
125 634 466 654 486
126 634 466 654 486
127 634 466 654 486
128 634 466 654 486
129 634 466 654 486
130 634 466 654 486
131 634 466 654 486
132 634 466 654 486
133 634 466 654 486
134 634 466 654 486
135 634 466 654 486
136 634 466 654 486
137 634 466 654 486
138 634 466 654 486
139 634 466 654 486
140 634 466 654 486
141 634 466 654 486
142 635 466 655 486
143 634 466 654 486
144 635 466 655 486
145 634 466 654 486
146 635 466 655 486
147 635 466 655 486
148 635 466 655 486
149 634 466 654 486
150 634 466 654 486
151 634 467 654 487
152 634 466 654 486
153 634 466 654 486
154 634 466 654 486
155 634 466 654 486
156 634 466 654 486
157 634 466 654 486
158 634 466 654 486
159 634 466 654 486
160 634 466 654 486
161 634 466 654 486
162 634 466 654 486
163 634 466 654 486
164 634 466 654 486
165 634 466 654 486
166 634 466 654 486
167 634 466 654 486
168 634 466 654 486
169 634 466 654 486
170 634 466 654 486
171 634 466 654 486
172 634 466 654 486
173 634 466 654 486
174 634 466 654 486
175 634 466 654 486
176 634 466 654 486
177 634 466 654 486
178 634 466 654 486
179 634 466 654 486
180 635 466 655 486
181 635 466 655 486
182 634 466 654 486
183 634 466 654 486
184 635 466 655 486
185 634 466 654 486
186 635 466 655 486
187 634 466 654 486
188 635 466 655 486
189 635 466 655 486
190 635 466 655 486
191 635 466 655 486
192 634 466 654 486
193 635 466 655 486
194 635 466 655 486
195 635 466 655 486
196 635 466 655 486
197 635 466 655 486
198 635 466 655 486
199 635 466 655 486
200 635 466 655 486
201 635 466 655 486
202 634 466 654 486
203 635 466 655 486
204 635 466 655 486
205 635 466 655 486
206 635 466 655 486
207 635 466 655 486
208 634 466 654 486
209 634 466 654 486
210 635 466 655 486
211 634 466 654 486
212 634 466 654 486
213 635 466 655 486
214 635 466 655 486
215 634 466 654 486
216 635 466 655 486
217 635 466 655 486
218 635 466 655 486
219 634 466 654 486
220 634 466 654 486
221 634 466 654 486
222 634 466 654 486
223 634 466 654 486
224 635 466 655 486
225 635 466 655 486
226 634 466 654 486
227 633 466 653 486
228 632 466 652 486
229 633 466 653 486
230 633 466 653 486
231 633 466 653 486
232 633 466 653 486
233 633 466 653 486
234 633 466 653 486
235 633 466 653 486
236 634 466 654 486
237 633 466 653 486
238 634 466 654 486
239 633 466 653 486
240 633 466 653 486
241 634 466 654 486
242 634 466 654 486
243 633 466 653 486
244 633 466 653 486
245 633 466 653 486
246 633 466 653 486
247 633 466 653 486
248 633 466 653 486
249 634 466 654 486
250 634 466 654 486
251 633 466 653 486
252 634 466 654 486
253 634 466 654 486
254 633 466 653 486
255 633 466 653 486
256 632 466 652 486
257 633 466 653 486
258 633 466 653 486
