260 -1 -1 -1 -1
0 352 86 369 104
1 351 86 367 103
2 351 85 367 102
3 351 85 367 102
4 351 86 367 103
5 352 86 368 103
6 352 86 368 103
7 351 86 367 103
8 351 85 367 102
9 351 85 367 102
10 351 85 367 102
11 352 86 368 103
12 352 86 368 103
13 351 86 367 103
14 351 86 367 103
15 351 85 367 102
16 351 85 367 102
17 351 85 367 102
18 351 85 367 102
19 351 85 367 102
20 351 85 367 102
21 351 86 367 103
22 352 86 368 103
23 352 86 368 103
24 352 86 368 103
25 352 86 368 103
26 352 86 368 103
27 352 86 368 103
28 352 86 368 103
29 352 86 368 103
30 352 86 368 103
31 352 86 368 103
32 352 86 368 103
33 351 86 367 103
34 351 86 367 103
35 352 86 368 103
36 352 86 368 103
37 352 86 368 103
38 352 86 368 103
39 352 85 368 102
40 352 86 368 103
41 352 86 368 103
42 352 86 368 103
43 351 85 367 102
44 351 85 367 102
45 352 86 368 103
46 352 86 368 103
47 352 86 368 103
48 353 87 369 104
49 357 91 373 108
50 363 99 379 116
51 373 111 389 128
52 389 132 405 149
53 409 161 425 178
54 427 187 443 204
55 442 207 458 224
56 451 220 467 237
57 456 225 472 242
58 463 234 479 251
59 476 250 492 267
60 492 272 508 289
61 510 295 526 312
62 523 311 539 328
63 530 320 546 337
64 539 332 555 349
65 553 351 569 368
66 569 373 585 390
67 587 397 603 414
68 601 415 617 432
69 610 427 626 444
70 616 437 632 454
71 613 448 629 465
72 601 458 617 475
73 577 464 593 481
74 561 466 577 483
75 553 468 569 485
76 546 476 562 493
77 537 488 553 505
78 527 501 543 518
79 516 513 532 530
80 511 518 527 535
81 507 523 523 540
82 500 532 516 549
83 491 545 507 562
84 482 559 498 576
85 473 571 489 588
86 469 575 485 592
87 465 581 481 598
88 458 590 474 607
89 449 600 465 617
90 441 602 457 619
91 435 594 451 611
92 434 584 450 601
93 432 575 448 592
94 428 566 444 583
95 421 558 437 575
96 414 551 430 568
97 408 543 424 560
98 406 540 422 557
99 404 537 420 554
100 399 531 415 548
101 393 523 409 540
102 387 515 403 532
103 382 508 398 525
104 379 506 395 523
105 377 503 393 520
106 373 497 389 514
107 367 490 383 507
108 360 482 376 499
109 354 475 370 492
110 352 473 368 490
111 351 471 367 488
112 348 465 364 482
113 343 457 359 474
114 337 450 353 467
115 331 443 347 460
116 330 440 346 457
117 328 437 344 454
118 324 433 340 450
119 318 426 334 443
120 313 419 329 436
121 308 413 324 430
122 306 410 322 427
123 304 408 320 425
124 301 402 317 419
125 303 396 319 413
126 307 391 323 408
127 312 387 328 404
128 314 386 330 403
129 316 383 332 400
130 319 379 335 396
131 323 373 339 390
132 328 368 344 385
133 331 364 347 381
134 332 362 348 379
135 334 360 350 377
136 337 355 353 372
137 341 351 357 368
138 345 346 361 363
139 348 341 364 358
140 349 339 365 356
141 351 337 367 354
142 354 333 370 350
143 357 329 373 346
144 361 324 377 341
145 364 320 380 337
146 365 318 381 335
147 366 316 382 333
148 369 312 385 329
149 373 308 389 325
150 377 304 393 321
151 380 299 396 316
152 381 297 397 314
153 382 295 398 312
154 385 292 401 309
155 388 288 404 305
156 392 284 408 301
157 395 280 411 297
158 396 278 412 295
159 397 276 413 293
160 400 272 416 289
161 403 268 419 285
162 406 264 422 281
163 409 260 425 277
164 409 259 425 276
165 410 258 426 275
166 412 254 428 271
167 416 250 432 267
168 419 246 435 263
169 421 243 437 260
170 422 242 438 259
171 424 240 440 257
172 426 237 442 254
173 428 233 444 250
174 431 229 447 246
175 434 225 450 242
176 435 224 451 241
177 436 223 452 240
178 438 220 454 237
179 440 216 456 233
180 443 212 459 229
181 445 209 461 226
182 446 208 462 225
183 448 206 464 223
184 450 203 466 220
185 452 200 468 217
186 454 196 470 213
187 457 193 473 210
188 458 192 474 209
189 459 190 475 207
190 461 188 477 205
191 463 184 479 201
192 465 181 481 198
193 468 178 484 195
194 469 177 485 194
195 470 177 486 194
196 471 174 487 191
197 473 170 489 187
198 475 167 491 184
199 477 164 493 181
200 478 163 494 180
201 480 162 496 179
202 482 159 498 176
203 483 156 499 173
204 485 154 501 171
205 486 151 502 168
206 487 150 503 167
207 488 148 504 165
208 490 146 506 163
209 492 143 508 160
210 494 140 510 157
211 495 137 511 154
212 496 136 512 153
213 498 136 514 153
214 499 134 515 151
215 501 131 517 148
216 503 128 519 145
217 505 124 521 141
218 506 123 522 140
219 507 123 523 140
220 508 121 524 138
221 509 118 525 135
222 511 115 527 132
223 513 113 529 130
224 514 112 530 129
225 515 111 531 128
226 516 109 532 126
227 517 106 533 123
228 518 104 534 121
229 520 102 536 119
230 521 101 537 118
231 522 100 538 117
232 523 98 539 115
233 525 96 541 113
234 527 93 543 110
235 528 90 544 107
236 528 89 544 106
237 529 88 545 105
238 530 86 546 103
239 532 84 548 101
240 534 81 550 98
241 535 79 551 96
242 536 78 552 95
243 537 78 553 95
244 538 77 554 94
245 539 74 555 91
246 541 71 557 88
247 542 69 558 86
248 543 69 559 86
249 543 68 559 85
250 544 66 560 83
251 545 65 561 82
252 546 66 562 83
253 546 68 562 85
254 547 69 563 86
255 547 69 563 86
256 548 70 564 87
257 548 71 564 88
258 549 73 565 90
