283 -1 -1 -1 -1
0 416 289 467 339
1 416 289 467 339
2 416 289 467 339
3 416 289 467 339
4 416 289 467 339
5 416 289 467 339
6 416 289 467 339
7 416 289 467 339
8 416 289 467 339
9 416 289 467 339
10 416 289 467 339
11 413 291 465 342
12 410 288 463 351
13 407 302 460 356
14 407 302 460 356
15 403 309 458 363
16 399 316 455 371
17 395 324 452 379
18 390 332 448 387
19 385 340 445 396
20 385 340 445 396
21 380 350 440 407
22 374 361 435 418
23 367 372 430 430
24 360 385 425 444
25 352 400 419 459
26 352 400 419 459
27 342 416 411 476
28 338 434 399 481
29 325 436 397 496
30 318 438 390 498
31 311 440 383 500
32 311 440 383 500
33 303 442 375 502
34 295 445 368 505
35 287 448 360 508
36 279 452 353 512
37 270 456 345 516
38 270 456 345 516
39 261 460 336 521
40 252 465 328 526
41 243 471 318 532
42 252 476 328 537
43 270 481 345 542
44 270 481 345 542
45 285 487 361 548
46 299 492 375 554
47 313 498 390 560
48 328 505 406 568
49 343 511 422 574
50 343 511 422 574
51 359 518 438 581
52 375 526 455 588
53 391 533 472 595
54 409 541 490 603
55 423 546 500 605
56 423 546 500 605
57 425 539 508 602
58 428 533 511 596
59 431 527 514 591
60 436 522 518 586
61 440 518 521 580
62 440 518 521 580
63 444 514 524 576
64 447 510 527 571
65 451 506 530 567
66 455 502 533 562
67 458 498 536 558
68 458 498 536 558
69 462 494 539 554
70 465 490 542 550
71 469 487 545 547
72 472 484 548 544
73 475 480 550 540
74 475 480 550 540
75 366 489 415 540
76 371 484 418 535
77 375 479 424 530
78 379 474 428 525
79 383 469 432 520
80 383 469 432 520
81 388 464 436 516
82 392 459 440 511
83 396 454 444 506
84 400 450 448 502
85 404 445 452 497
86 404 445 452 497
87 408 441 456 493
88 412 436 460 488
89 416 432 464 484
90 420 427 468 480
91 424 423 472 475
92 424 423 472 475
93 427 419 475 471
94 431 415 479 467
95 435 410 483 463
96 439 406 486 459
97 442 402 490 455
98 442 402 490 455
99 445 398 493 451
100 449 394 497 447
101 453 390 500 442
102 456 386 504 438
103 459 382 507 434
104 459 382 507 434
105 463 378 511 431
106 466 375 514 427
107 469 371 517 423
108 473 368 520 419
109 476 364 523 416
110 476 364 523 416
111 479 360 527 412
112 482 356 530 408
113 486 353 533 405
114 489 350 536 402
115 491 346 539 398
116 491 346 539 398
117 495 343 543 394
118 498 340 545 391
119 501 336 548 388
120 503 333 551 385
121 507 330 554 382
122 507 330 554 382
123 509 326 557 378
124 513 323 560 375
125 515 320 563 372
126 518 317 565 368
127 521 314 568 365
128 521 314 568 365
129 524 311 571 362
130 527 308 573 359
131 529 305 576 356
132 532 301 579 353
133 535 299 581 350
134 535 299 581 350
135 537 296 584 348
136 540 293 586 345
137 542 290 589 342
138 545 288 591 339
139 547 285 594 336
140 547 285 594 336
141 550 282 597 334
142 552 279 599 331
143 555 276 601 328
144 557 274 604 326
145 559 271 606 323
146 559 271 606 323
147 562 269 608 320
148 564 266 610 318
149 567 264 613 315
150 569 261 615 313
151 571 258 617 310
152 571 258 617 310
153 573 256 620 308
154 575 254 622 305
155 578 251 624 303
156 580 249 626 301
157 582 246 629 298
158 582 246 629 298
159 584 244 631 296
160 587 242 633 294
161 589 240 635 292
162 591 238 637 290
163 593 236 639 287
164 593 236 639 287
165 595 234 641 285
166 597 232 643 283
167 599 229 645 281
168 601 227 647 279
169 603 225 649 277
170 603 225 649 277
171 605 223 651 275
172 607 221 653 273
173 608 219 654 271
174 610 217 656 269
175 612 215 658 266
176 612 215 658 266
177 614 213 659 264
178 616 211 661 263
179 617 209 663 261
180 619 208 665 259
181 621 206 667 257
182 621 206 667 257
183 623 204 669 255
184 624 202 670 253
185 626 200 672 252
186 627 198 673 250
187 629 197 675 248
188 629 197 675 248
189 631 195 676 246
190 633 194 678 245
191 634 192 680 243
192 635 190 681 241
193 637 188 683 240
194 637 188 683 240
195 639 186 684 238
196 640 185 686 237
197 641 183 687 235
198 643 182 689 234
199 645 180 690 232
200 645 180 690 232
201 646 179 691 231
202 647 177 693 229
203 649 176 694 227
204 650 174 695 226
205 651 173 697 224
206 651 173 697 224
207 653 171 698 223
208 654 170 699 222
209 655 169 700 221
210 656 168 702 219
211 657 166 703 218
212 657 166 703 218
213 659 165 704 216
214 660 164 705 215
215 661 162 706 214
216 662 161 708 213
217 663 160 709 211
218 663 160 709 211
219 665 158 710 210
220 665 157 711 209
221 667 156 712 208
222 668 155 713 207
223 669 154 714 206
224 669 154 714 206
225 670 153 715 205
226 671 151 716 204
227 672 150 717 202
228 673 149 719 201
229 674 148 719 200
230 674 148 719 200
231 675 147 720 199
232 676 146 721 198
233 677 145 722 197
234 678 144 723 196
235 679 144 724 195
236 679 144 724 195
237 680 142 725 194
238 681 141 726 193
239 682 141 727 192
240 682 140 727 191
241 683 139 728 190
242 683 139 728 190
243 684 138 729 190
244 685 137 730 188
245 686 136 731 188
246 687 135 731 187
247 687 134 732 186
248 687 134 732 186
249 688 134 733 185
250 689 133 734 184
251 690 132 734 184
252 691 132 735 183
253 691 131 736 182
254 691 131 736 182
255 692 130 737 182
256 692 129 737 181
257 693 129 738 180
258 694 128 739 179
259 695 128 739 179
260 695 128 739 179
261 695 127 740 178
262 695 126 740 178
263 695 127 740 178
264 694 126 739 177
265 694 126 739 177
266 694 126 739 177
267 694 127 739 177
268 694 126 739 177
269 694 126 739 176
270 693 125 738 176
271 693 125 738 176
272 693 125 738 176
273 693 125 738 176
274 693 125 738 176
275 693 124 738 176
276 693 124 738 175
277 693 124 737 175
278 693 124 737 175
279 693 124 738 175
280 693 124 738 175
281 693 124 738 175
282 693 124 738 175
