201 -1 -1 -1 -1
0 581 339 617 381
1 581 339 617 381
2 581 339 617 381
3 576 333 617 381
4 576 333 617 381
5 581 339 617 381
6 581 339 617 381
7 569 333 617 382
8 569 333 617 381
9 569 333 615 381
10 569 333 615 381
11 569 333 615 382
12 569 333 615 382
13 581 340 614 381
14 571 340 614 382
15 576 342 621 385
16 576 342 621 385
17 581 341 631 389
18 590 343 637 392
19 592 346 643 396
20 598 349 648 399
21 603 352 654 402
22 603 352 654 402
23 609 355 660 405
24 615 359 666 409
25 620 362 673 412
26 627 365 680 415
27 633 369 687 420
28 633 369 687 420
29 640 373 694 425
30 647 377 701 428
31 655 381 709 432
32 662 385 717 437
33 670 389 725 441
34 670 389 725 441
35 678 394 734 446
36 686 398 743 451
37 695 403 752 456
38 704 409 762 462
39 714 414 772 468
40 714 414 772 468
41 724 419 783 474
42 734 425 793 479
43 745 431 805 485
44 757 438 818 491
45 769 445 830 499
46 769 445 830 499
47 782 452 844 506
48 795 459 858 513
49 809 467 873 522
50 825 476 885 528
51 843 478 901 528
52 843 478 901 528
53 861 479 920 531
54 877 480 936 532
55 873 481 932 532
56 859 482 917 534
57 844 483 905 535
58 844 483 905 535
59 833 484 896 537
60 823 485 887 538
61 813 487 876 539
62 804 488 867 541
63 794 489 857 543
64 794 489 857 543
65 784 491 848 544
66 774 492 838 546
67 764 494 830 548
68 755 495 820 549
69 745 496 811 551
70 745 496 811 551
71 736 498 802 555
72 726 499 791 556
73 717 501 784 557
74 707 502 774 559
75 698 504 766 561
76 698 504 766 561
77 689 505 757 562
78 680 506 748 563
79 671 508 738 564
80 662 509 730 566
81 653 510 722 567
82 653 510 722 567
83 645 512 714 568
84 637 513 705 570
85 629 515 698 571
86 621 516 690 573
87 613 517 684 575
88 613 517 684 575
89 606 519 676 576
90 599 520 670 577
91 593 522 663 575
92 585 523 656 580
93 578 525 650 582
94 578 525 650 582
95 572 527 644 584
96 565 528 636 586
97 558 530 630 588
98 552 532 624 590
99 545 533 617 591
100 545 533 617 591
101 538 535 611 593
102 532 536 604 595
103 806 534 854 584
104 802 536 851 585
105 799 538 848 587
106 799 538 848 587
107 796 540 844 589
108 793 542 842 591
109 790 543 838 592
110 787 545 836 594
111 784 547 832 596
112 784 547 832 596
113 781 548 830 597
114 778 550 826 599
115 775 552 824 601
116 772 554 821 603
117 769 556 818 604
118 769 556 818 604
119 766 557 815 606
120 763 558 812 608
121 761 560 810 609
122 758 562 807 610
123 755 564 804 612
124 755 564 804 612
125 753 565 802 614
126 750 566 799 615
127 747 568 796 617
128 745 569 794 619
129 743 571 791 620
130 743 571 791 620
131 740 572 789 621
132 737 574 786 623
133 735 575 784 624
134 733 577 781 625
135 730 578 779 627
136 730 578 779 627
137 728 580 777 629
138 725 580 775 630
139 723 582 772 630
140 721 583 770 632
141 719 584 767 633
142 719 584 767 633
143 717 586 765 634
144 715 587 763 635
145 712 588 761 637
146 710 588 759 637
147 709 588 758 636
148 709 588 758 636
149 707 587 756 636
150 705 586 754 635
151 704 585 753 634
152 703 585 751 634
153 701 584 750 633
154 701 584 750 633
155 699 584 749 633
156 698 583 747 632
157 697 582 746 631
158 695 582 744 631
159 694 582 744 630
160 694 582 744 630
161 693 581 742 630
162 692 581 741 630
163 691 580 740 629
164 690 580 739 629
165 689 580 738 628
166 689 580 738 628
167 687 579 737 628
168 687 579 736 627
169 685 578 735 627
170 685 578 734 626
171 684 578 733 626
172 684 578 733 626
173 683 578 732 626
174 683 578 731 626
175 682 577 731 626
176 681 577 730 626
177 681 577 729 625
178 681 577 729 625
179 680 577 729 625
180 679 577 728 626
181 679 576 728 625
182 679 576 727 625
183 678 576 727 625
184 678 576 727 625
185 677 576 727 625
186 677 576 727 625
187 677 576 726 625
188 677 576 726 625
189 677 576 726 625
190 677 576 726 625
191 677 576 726 625
192 677 576 726 625
193 677 576 726 625
194 677 576 726 624
195 677 576 726 624
196 677 576 726 624
197 677 576 726 624
198 677 576 726 624
199 677 576 726 624
200 677 576 726 624
