317 -1 -1 -1 -1
0 1021 308 1055 354
1 1021 308 1055 354
2 1021 308 1055 354
3 1021 308 1055 354
4 1021 308 1055 354
5 1021 308 1055 354
6 1021 308 1055 354
7 1021 308 1055 354
8 1021 308 1055 354
9 1021 308 1055 354
10 1021 308 1055 354
11 1021 308 1059 354
12 1015 309 1050 356
13 1015 309 1050 356
14 996 315 1038 361
15 980 318 1023 366
16 962 323 1005 371
17 942 328 987 375
18 922 333 967 381
19 922 333 967 381
20 901 339 946 386
21 879 345 925 392
22 855 351 901 399
23 831 357 880 404
24 805 364 855 412
25 805 364 855 412
26 778 372 829 420
27 751 379 800 428
28 721 387 772 436
29 688 396 741 444
30 652 406 708 454
31 652 406 708 454
32 618 416 672 463
33 579 428 632 476
34 538 439 592 488
35 491 452 549 500
36 455 454 512 503
37 455 454 512 503
38 424 455 482 503
39 392 456 451 504
40 361 457 423 506
41 332 458 394 507
42 303 458 366 508
43 303 458 366 508
44 276 459 338 510
45 248 460 307 509
46 218 460 276 511
47 187 461 245 511
48 154 462 212 513
49 154 462 212 513
50 118 463 182 514
51 80 463 147 515
52 84 458 148 512
53 95 451 159 505
54 103 446 166 500
55 103 446 166 500
56 108 441 170 494
57 576 564 625 612
58 564 559 612 607
59 551 554 600 603
60 538 550 587 599
61 538 550 587 599
62 526 546 575 594
63 514 541 563 589
64 502 537 550 585
65 490 532 538 581
66 478 528 526 577
67 478 528 526 577
68 467 524 515 573
69 454 520 503 568
70 444 516 491 564
71 432 512 480 560
72 420 508 468 556
73 420 508 468 556
74 409 504 457 553
75 398 500 446 549
76 386 496 434 545
77 375 492 423 541
78 364 488 412 537
79 364 488 412 537
80 353 485 401 533
81 342 481 390 530
82 331 477 379 526
83 320 473 368 522
84 310 470 357 519
85 310 470 357 519
86 299 466 347 515
87 288 463 337 511
88 278 459 327 508
89 274 455 321 504
90 283 451 331 500
91 283 451 331 500
92 291 448 339 497
93 298 444 346 493
94 306 440 354 490
95 313 436 361 486
96 320 433 368 482
97 320 433 368 482
98 327 429 375 479
99 334 426 382 475
100 341 422 389 472
101 347 419 395 468
102 354 416 402 465
103 354 416 402 465
104 361 412 408 461
105 367 408 415 458
106 374 405 421 455
107 381 402 427 451
108 387 399 434 448
109 387 399 434 448
110 393 395 440 445
111 399 392 446 442
112 405 389 452 439
113 411 386 458 436
114 417 383 464 432
115 417 383 464 432
116 423 380 470 429
117 429 377 476 426
118 435 374 482 423
119 440 371 487 420
120 446 368 493 417
121 446 368 493 417
122 451 365 499 415
123 457 363 504 412
124 463 359 510 409
125 468 357 515 406
126 473 354 521 403
127 473 354 521 403
128 479 351 526 400
129 484 349 531 398
130 489 346 536 395
131 495 343 541 392
132 499 340 546 390
133 499 340 546 390
134 505 338 551 387
135 509 335 556 385
136 515 333 561 382
137 519 330 566 380
138 525 328 571 377
139 525 328 571 377
140 529 326 576 375
141 534 323 580 372
142 538 321 584 370
143 545 318 589 367
144 550 316 594 365
145 550 316 594 365
146 553 313 598 363
147 557 311 603 361
148 561 309 607 358
149 565 306 611 356
150 569 304 615 354
151 569 304 615 354
152 574 302 620 351
153 578 300 624 349
154 582 298 628 347
155 586 296 632 345
156 590 293 636 343
157 590 293 636 343
158 594 291 640 341
159 598 289 644 339
160 602 287 648 337
161 606 285 652 335
162 610 283 656 333
163 610 283 656 333
164 613 281 660 331
165 617 279 663 329
166 621 278 667 326
167 625 276 670 324
168 628 274 674 323
169 628 274 674 323
170 632 272 678 321
171 635 270 682 319
172 639 268 685 317
173 642 266 688 315
174 645 264 692 313
175 645 264 692 313
176 649 262 695 311
177 653 260 698 309
178 656 259 702 308
179 659 256 705 306
180 663 255 708 305
181 663 255 708 305
182 665 253 711 303
183 669 252 715 301
184 672 250 718 299
185 675 248 721 298
186 678 246 724 296
187 678 246 724 296
188 681 245 727 294
189 684 243 729 293
190 687 242 733 291
191 689 240 735 289
192 693 238 738 288
193 693 238 738 288
194 695 237 741 286
195 698 236 744 285
196 701 234 746 284
197 703 233 749 282
198 707 231 752 281
199 707 231 752 281
200 709 230 755 279
201 711 228 757 278
202 714 227 760 277
203 717 226 762 275
204 719 224 765 274
205 719 224 765 274
206 722 223 768 273
207 725 222 770 271
208 727 220 772 270
209 729 219 775 269
210 732 218 777 267
211 732 218 777 267
212 735 216 779 266
213 737 215 782 265
214 739 214 784 264
215 741 212 786 263
216 743 212 788 261
217 743 212 788 261
218 745 210 791 260
219 747 209 793 259
220 749 208 795 258
221 751 206 797 257
222 754 205 799 255
223 754 205 799 255
224 756 204 801 254
225 758 203 803 253
226 759 203 805 252
227 761 201 807 251
228 763 200 809 250
229 763 200 809 250
230 765 199 811 249
231 767 198 812 248
232 769 197 814 247
233 771 196 816 246
234 773 195 818 245
235 773 195 818 245
236 775 195 820 244
237 777 193 822 243
238 778 192 823 242
239 780 192 825 241
240 781 191 827 241
241 781 191 827 241
242 783 190 828 240
243 785 189 830 239
244 787 188 832 238
245 788 187 833 237
246 789 187 835 236
247 789 187 835 236
248 791 186 836 236
249 793 185 838 235
250 794 184 839 234
251 795 183 841 233
252 797 182 842 233
253 797 182 842 233
254 798 182 843 232
255 800 181 845 231
256 801 181 846 230
257 803 180 848 229
258 804 179 849 229
259 804 179 849 229
260 805 178 850 228
261 806 178 852 228
262 807 177 853 227
263 809 177 854 227
264 810 176 855 226
265 810 176 855 226
266 811 176 856 225
267 812 175 857 225
268 813 174 858 225
269 814 174 859 224
270 815 173 861 223
271 815 173 861 223
272 816 173 862 223
273 817 172 862 223
274 818 172 863 222
275 819 171 864 221
276 820 171 865 221
277 820 171 865 221
278 821 170 866 221
279 822 170 867 220
280 823 170 868 220
281 823 169 869 219
282 825 169 869 219
283 825 169 869 219
284 825 168 870 219
285 826 168 871 218
286 827 168 872 218
287 827 167 872 218
288 828 167 873 217
289 828 167 873 217
290 829 166 873 217
291 829 166 874 217
292 830 166 874 216
293 830 166 875 216
294 831 166 876 216
295 831 166 876 216
296 831 165 876 215
297 832 165 877 215
298 832 164 877 215
299 833 164 877 215
300 833 164 878 214
301 833 164 878 214
302 833 164 878 214
303 833 164 878 214
304 834 164 879 214
305 834 164 879 214
306 835 164 880 213
307 835 164 880 213
308 835 163 880 213
309 835 163 880 213
310 835 163 880 213
311 835 163 880 213
312 835 163 881 213
313 835 163 881 213
314 835 163 881 213
315 835 163 881 213
316 836 163 881 213
