119 -1 -1 -1 -1
0 485 494 533 543
1 485 494 533 543
2 485 494 533 543
3 485 494 533 543
4 485 494 533 543
5 485 494 533 543
6 485 494 533 543
7 456 494 533 543
8 456 494 533 543
9 457 494 533 543
10 457 494 533 543
11 462 494 533 544
12 462 494 533 544
13 462 494 533 544
14 462 494 533 544
15 462 494 533 544
16 462 494 533 544
17 466 494 534 543
18 466 494 534 543
19 463 494 534 543
20 463 494 534 543
21 463 494 534 543
22 463 494 534 543
23 463 494 534 543
24 463 494 534 543
25 464 494 534 543
26 464 494 534 543
27 464 494 534 543
28 464 494 534 543
29 464 494 534 543
30 359 469 445 535
31 522 370 569 417
32 522 370 569 417
33 524 370 569 417
34 524 370 569 417
35 526 370 569 417
36 526 370 569 417
37 526 370 569 417
38 526 370 569 417
39 526 370 569 417
40 526 370 569 417
41 526 370 569 417
42 526 370 568 417
43 526 370 568 417
44 526 370 568 417
45 526 370 568 417
46 526 370 568 417
47 521 370 577 418
48 521 368 575 418
49 521 368 575 418
50 522 368 575 418
51 522 368 575 418
52 522 368 575 418
53 522 368 575 418
54 522 368 575 418
55 522 368 575 418
56 524 368 575 418
57 524 368 575 418
58 524 368 575 418
59 524 368 577 419
60 521 370 569 417
61 521 368 569 417
62 521 368 569 417
63 521 368 567 418
64 521 368 567 418
65 524 371 567 421
66 519 378 574 429
67 515 385 578 440
68 510 389 574 439
69 508 389 572 440
70 508 389 572 440
71 506 389 570 440
72 504 389 568 440
73 503 389 568 442
74 501 388 566 442
75 499 388 566 444
76 499 388 566 444
77 497 387 563 441
78 496 387 561 441
79 494 387 558 439
80 492 387 558 441
81 490 386 554 438
82 490 386 554 438
83 489 386 554 439
84 487 386 553 441
85 486 386 549 438
86 484 386 547 437
87 482 385 549 441
88 482 385 549 441
89 481 385 547 439
90 480 385 545 438
91 478 385 544 438
92 477 384 543 438
93 476 384 542 438
94 476 384 542 438
95 475 384 541 438
96 475 384 540 438
97 474 384 540 440
98 473 384 539 439
99 472 384 538 439
100 472 384 538 439
101 471 384 537 438
102 471 383 537 439
103 470 383 536 439
104 469 383 536 439
105 469 383 535 438
106 469 383 535 438
107 468 383 534 439
108 468 383 534 439
109 467 383 533 438
110 468 382 533 437
111 552 519 601 568
112 552 519 601 568
113 551 519 601 568
114 551 519 600 568
115 551 519 600 568
116 551 519 600 568
117 551 519 600 568
118 551 519 600 568
