133 -1 -1 -1 -1
0 428 315 489 369
1 428 315 489 369
2 428 315 489 369
3 428 315 489 369
4 428 315 489 369
5 428 315 489 369
6 428 315 489 369
7 428 315 489 369
8 428 315 489 369
9 428 315 489 369
10 428 315 489 370
11 428 315 489 370
12 428 315 489 370
13 427 316 489 369
14 412 320 467 374
15 390 326 450 378
16 371 331 428 384
17 350 336 404 384
18 350 336 404 384
19 329 337 386 392
20 308 337 366 390
21 288 338 348 391
22 270 338 329 392
23 252 339 311 392
24 252 339 311 392
25 238 339 292 393
26 221 342 280 394
27 236 339 293 394
28 245 338 304 394
29 252 338 313 393
30 253 338 314 392
31 262 337 322 392
32 270 337 330 391
33 278 337 338 391
34 286 336 346 391
35 294 335 354 391
36 294 335 354 391
37 302 335 362 390
38 310 335 370 390
39 318 334 378 389
40 325 333 385 389
41 332 333 393 389
42 332 333 393 389
43 338 333 400 388
44 344 332 408 388
45 352 332 416 388
46 358 332 422 388
47 366 331 429 387
48 366 331 429 387
49 372 331 435 386
50 379 331 442 386
51 386 331 448 384
52 392 330 454 384
53 398 330 460 384
54 398 330 460 384
55 404 330 466 383
56 410 329 472 383
57 415 329 478 385
58 421 329 483 384
59 427 329 489 384
60 426 329 488 382
61 432 328 494 382
62 437 328 499 382
63 442 328 504 382
64 447 328 509 382
65 452 327 514 381
66 452 327 514 381
67 456 327 518 380
68 461 327 523 380
69 465 327 528 382
70 470 326 532 382
71 474 326 536 380
72 474 326 536 380
73 478 326 540 381
74 482 326 544 381
75 486 325 548 381
76 490 325 552 380
77 493 325 556 380
78 493 325 556 380
79 497 325 559 379
80 500 325 562 380
81 504 324 566 380
82 507 324 569 379
83 511 324 572 379
84 511 324 572 379
85 514 324 576 380
86 516 323 578 379
87 519 323 581 378
88 522 323 584 379
89 525 322 587 379
90 525 323 587 378
91 527 323 590 379
92 530 323 593 379
93 532 323 595 380
94 534 323 597 379
95 488 502 537 551
96 488 502 537 551
97 487 501 536 551
98 487 501 535 551
99 487 500 535 550
100 486 500 535 550
101 486 499 535 549
102 486 499 535 549
103 485 499 534 548
104 485 498 534 548
105 485 498 534 547
106 485 498 534 547
107 485 497 534 547
108 485 497 534 547
109 485 497 534 546
110 485 496 533 546
111 485 496 533 545
112 485 496 533 545
113 485 496 533 545
114 485 496 533 545
115 485 495 533 545
116 485 495 533 544
117 484 495 533 544
118 484 495 533 544
119 484 495 533 544
120 485 495 533 544
121 485 495 533 544
122 485 494 533 544
123 485 494 533 544
124 485 494 533 544
125 485 494 533 544
126 485 494 533 544
127 484 494 533 544
128 485 494 533 544
129 485 494 533 544
130 485 494 533 544
131 485 494 533 544
132 485 494 533 544
