168 -1 -1 -1 -1
0 636 297 677 343
1 636 297 677 343
2 636 297 677 343
3 636 297 677 343
4 636 297 677 343
5 636 297 677 343
6 636 297 677 343
7 636 297 677 343
8 636 297 677 343
9 636 297 677 343
10 636 297 677 343
11 636 297 677 343
12 635 299 679 344
13 634 302 680 350
14 634 302 680 350
15 634 307 681 356
16 634 313 681 362
17 633 319 682 368
18 633 326 683 375
19 632 333 683 383
20 632 333 683 383
21 632 341 684 391
22 632 350 685 401
23 632 359 685 411
24 631 369 686 422
25 630 381 687 435
26 630 381 687 435
27 630 395 688 449
28 629 410 688 464
29 631 426 688 480
30 622 439 682 490
31 608 441 668 492
32 608 441 668 492
33 595 442 655 492
34 583 442 644 492
35 570 442 632 494
36 560 442 622 494
37 550 442 612 494
38 550 442 612 494
39 541 442 603 493
40 531 442 593 493
41 521 442 583 493
42 511 442 573 493
43 502 442 564 493
44 502 442 564 493
45 492 442 554 494
46 482 442 545 494
47 473 442 535 494
48 463 442 526 494
49 454 443 517 494
50 454 443 517 494
51 446 443 508 494
52 436 443 499 494
53 765 514 814 563
54 761 515 810 565
55 757 516 806 566
56 757 516 806 566
57 753 517 802 567
58 750 518 798 568
59 746 520 795 569
60 742 521 791 570
61 738 522 787 571
62 738 522 787 571
63 735 523 784 572
64 731 524 780 573
65 727 525 777 574
66 724 526 773 575
67 720 527 769 576
68 720 527 769 576
69 717 528 766 577
70 713 529 762 578
71 710 530 759 579
72 707 530 756 580
73 703 531 752 581
74 703 531 752 581
75 700 532 749 582
76 697 533 746 583
77 693 534 742 584
78 690 535 739 585
79 687 536 736 585
80 687 536 736 585
81 684 536 733 586
82 681 537 730 587
83 678 538 727 587
84 675 539 724 588
85 672 540 721 589
86 672 540 721 589
87 669 540 718 589
88 667 542 715 590
89 663 542 713 591
90 661 543 710 592
91 658 544 707 593
92 658 544 707 593
93 655 544 705 593
94 653 545 702 594
95 650 546 699 595
96 647 546 697 595
97 645 547 694 596
98 645 547 694 596
99 642 548 692 596
100 640 548 689 597
101 638 549 687 597
102 635 549 684 598
103 633 550 682 599
104 633 550 682 599
105 631 550 680 599
106 629 551 678 600
107 627 551 676 601
108 624 552 674 601
109 622 553 672 601
110 622 553 672 601
111 620 553 670 602
112 618 553 668 603
113 616 554 666 603
114 614 554 664 604
115 613 555 662 604
116 613 555 662 604
117 611 555 660 605
118 609 556 658 605
119 607 557 657 605
120 606 557 655 606
121 605 558 654 606
122 605 558 654 606
123 603 558 652 607
124 601 558 650 607
125 600 559 649 607
126 599 559 648 608
127 597 559 646 608
128 597 559 646 608
129 596 560 645 608
130 595 560 644 609
131 593 560 643 609
132 593 561 642 609
133 591 561 640 609
134 591 561 640 609
135 590 561 639 610
136 589 561 638 610
137 588 562 638 610
138 587 562 637 610
139 586 562 636 611
140 586 562 636 611
141 585 562 635 611
142 585 562 634 611
143 584 562 633 611
144 583 563 632 611
145 582 563 632 611
146 582 563 632 611
147 582 563 631 611
148 581 563 630 612
149 580 563 630 612
150 580 563 629 612
151 579 563 629 613
152 579 563 629 613
153 579 563 629 612
154 579 563 628 612
155 578 564 628 612
156 578 564 628 612
157 578 564 627 612
158 578 564 627 612
159 578 564 627 613
160 578 564 627 613
161 578 564 627 613
162 578 564 627 613
163 578 564 627 613
164 578 564 627 613
165 578 564 627 613
166 578 564 627 613
167 578 564 627 613
