128 -1 -1 -1 -1
0 857 226 888 267
1 857 226 888 267
2 857 226 888 267
3 851 214 883 257
4 851 214 883 257
5 851 214 883 257
6 851 214 883 257
7 851 214 883 257
8 851 214 883 257
9 851 214 883 257
10 851 214 883 257
11 851 214 883 257
12 743 349 777 391
13 743 349 777 391
14 740 350 787 397
15 738 360 787 409
16 738 360 787 409
17 738 366 787 414
18 737 373 787 421
19 737 373 787 421
20 736 379 787 429
21 734 395 786 444
22 734 395 786 444
23 733 403 786 453
24 732 412 786 463
25 732 412 786 463
26 730 422 786 474
27 728 443 785 496
28 728 443 785 496
29 726 456 783 509
30 724 469 783 522
31 724 469 783 522
32 723 473 783 524
33 721 474 781 526
34 721 474 781 526
35 720 475 781 527
36 719 476 780 528
37 719 476 780 528
38 718 477 779 529
39 717 479 778 530
40 717 479 778 530
41 716 480 778 532
42 716 481 776 532
43 716 481 776 532
44 714 482 776 534
45 713 483 774 535
46 713 483 774 535
47 712 485 774 536
48 711 485 773 537
49 711 485 773 537
50 710 486 772 539
51 889 495 937 544
52 889 495 937 544
53 889 496 938 546
54 890 497 939 547
55 890 497 939 547
56 891 499 940 548
57 893 501 942 551
58 893 501 942 551
59 894 503 943 552
60 895 504 944 554
61 895 504 944 554
62 896 505 944 555
63 897 507 946 557
64 897 507 946 557
65 898 509 947 558
66 899 510 948 560
67 899 510 948 560
68 900 511 948 561
69 901 513 950 563
70 901 513 950 563
71 901 514 950 564
72 902 515 951 565
73 902 515 951 565
74 903 516 952 566
75 904 518 953 568
76 904 518 953 568
77 905 519 953 569
78 905 520 954 570
79 905 520 954 570
80 905 520 955 571
81 907 522 955 572
82 907 522 955 572
83 907 523 956 573
84 907 524 957 574
85 907 524 957 574
86 908 524 957 575
87 909 526 958 576
88 909 526 958 576
89 910 526 959 576
90 910 527 959 577
91 910 527 959 577
92 911 528 959 578
93 911 529 960 579
94 911 529 960 579
95 911 529 960 579
96 912 530 961 580
97 912 530 961 580
98 912 530 961 580
99 912 531 961 581
100 912 531 961 581
101 913 532 962 581
102 913 532 962 582
103 913 532 962 582
104 913 532 962 582
105 913 533 962 583
106 913 533 962 583
107 913 533 962 583
108 913 533 962 583
109 913 533 962 583
110 913 534 962 583
111 913 534 962 584
112 913 534 962 584
113 913 534 962 584
114 913 534 962 584
115 913 534 962 584
116 913 534 962 584
117 913 534 962 584
118 913 534 962 584
119 913 534 962 584
120 913 534 962 583
121 913 534 962 583
122 913 534 962 583
123 913 534 962 583
124 913 534 962 583
125 913 534 962 583
126 913 534 962 583
127 913 534 962 583
