165 -1 -1 -1 -1
0 774 276 822 328
1 774 276 821 328
2 774 276 821 328
3 774 276 821 328
4 774 276 821 328
5 774 276 819 328
6 757 280 811 334
7 735 289 791 341
8 712 297 795 349
9 712 297 795 349
10 689 304 742 357
11 664 313 719 366
12 639 321 695 374
13 613 330 672 382
14 587 337 646 387
15 587 337 646 387
16 565 337 624 388
17 545 337 604 388
18 525 337 584 388
19 508 337 566 389
20 491 337 551 388
21 491 337 551 388
22 476 336 538 387
23 463 335 524 387
24 450 335 511 386
25 436 334 498 386
26 424 333 485 385
27 424 333 485 385
28 411 333 472 385
29 399 332 460 384
30 386 332 448 384
31 374 331 436 383
32 362 331 423 383
33 362 331 423 383
34 349 330 410 382
35 337 330 398 382
36 325 329 386 381
37 315 329 376 381
38 302 328 364 381
39 302 328 364 381
40 291 328 353 382
41 280 327 341 379
42 269 326 330 379
43 257 326 320 378
44 404 346 451 396
45 404 346 451 396
46 400 344 448 394
47 397 342 444 392
48 394 340 441 390
49 390 338 437 388
50 387 336 434 386
51 387 336 434 386
52 384 334 431 384
53 380 332 427 382
54 377 330 424 380
55 374 329 421 378
56 371 327 418 376
57 371 327 418 376
58 368 325 415 375
59 364 323 411 373
60 361 321 408 371
61 358 320 405 369
62 355 318 402 368
63 355 318 402 368
64 352 316 399 366
65 349 314 396 364
66 346 313 393 363
67 344 311 390 361
68 341 309 388 360
69 341 309 388 360
70 338 308 385 358
71 335 306 382 357
72 332 305 379 355
73 330 303 377 353
74 327 302 374 352
75 327 302 374 352
76 324 300 371 350
77 321 299 368 349
78 319 297 366 347
79 316 296 363 346
80 314 294 361 344
81 314 294 361 344
82 311 293 358 343
83 309 292 356 342
84 308 291 355 341
85 310 289 357 339
86 312 288 359 338
87 312 288 359 338
88 314 286 361 337
89 316 285 362 335
90 317 284 364 334
91 319 283 366 333
92 320 282 367 332
93 320 282 367 332
94 322 281 369 331
95 324 280 370 330
96 325 278 372 328
97 327 277 373 328
98 328 276 375 327
99 328 276 375 327
100 330 275 376 325
101 331 274 378 325
102 332 273 379 324
103 334 272 381 323
104 335 271 382 321
105 335 271 382 321
106 337 270 383 321
107 338 270 385 320
108 339 269 386 319
109 341 268 387 318
110 342 267 388 317
111 342 267 388 317
112 343 266 389 317
113 344 265 391 316
114 345 264 392 315
115 346 264 393 314
116 347 263 394 313
117 347 263 394 313
118 349 262 395 313
119 350 261 396 312
120 351 261 397 311
121 352 260 398 310
122 353 260 399 310
123 353 260 399 310
124 353 259 400 309
125 354 258 401 308
126 355 258 402 307
127 356 257 403 307
128 357 256 403 307
129 357 256 403 307
130 357 256 404 306
131 358 255 405 306
132 359 255 405 305
133 360 254 406 304
134 361 254 407 304
135 361 254 407 304
136 361 253 407 304
137 362 253 408 303
138 362 253 409 303
139 363 252 409 302
140 363 252 410 302
141 363 252 410 302
142 364 251 410 301
143 364 251 411 301
144 365 251 411 301
145 366 250 412 301
146 366 250 412 300
147 366 250 412 300
148 366 250 412 300
149 367 249 413 299
150 367 249 413 299
151 367 249 414 299
152 368 249 414 299
153 368 249 414 299
154 368 248 414 299
155 368 248 415 298
156 369 248 415 298
157 369 248 415 298
158 369 248 415 298
159 369 248 415 298
160 369 248 415 297
161 369 248 416 297
162 370 248 416 297
163 370 248 416 297
164 370 248 416 297
