279 -1 -1 -1 -1
0 290 333 351 387
1 290 333 351 387
2 289 334 351 387
3 289 334 350 387
4 289 333 349 386
5 289 333 349 386
6 276 352 333 408
7 244 367 306 419
8 246 366 307 418
9 272 340 331 415
10 294 358 352 412
11 294 358 352 413
12 312 355 372 409
13 330 351 391 405
14 350 348 408 401
15 366 345 425 398
16 384 341 442 395
17 384 341 442 395
18 400 338 458 391
19 415 335 473 388
20 430 332 488 385
21 446 329 503 382
22 460 326 518 379
23 460 326 518 379
24 474 324 532 376
25 488 321 546 374
26 502 319 559 371
27 681 493 730 542
28 676 489 724 537
29 676 489 724 537
30 672 482 720 532
31 668 478 716 527
32 664 473 712 523
33 660 468 708 518
34 656 464 704 513
35 656 464 704 513
36 653 459 701 509
37 649 455 697 504
38 645 450 694 500
39 642 446 690 495
40 638 441 687 491
41 638 441 687 491
42 635 436 683 486
43 631 432 679 482
44 627 428 676 477
45 624 424 672 473
46 621 420 669 469
47 621 420 669 469
48 617 415 665 465
49 614 411 662 461
50 611 407 658 457
51 608 403 655 453
52 604 399 652 449
53 604 399 652 449
54 601 395 649 445
55 598 391 646 441
56 595 387 643 437
57 592 384 639 433
58 589 380 636 429
59 589 380 636 429
60 586 376 633 426
61 583 373 630 422
62 580 369 627 419
63 577 366 624 415
64 574 362 621 411
65 574 362 621 411
66 571 359 618 408
67 568 355 615 405
68 565 351 613 401
69 563 348 610 398
70 560 345 607 394
71 560 345 607 394
72 557 342 604 391
73 555 338 602 388
74 552 335 599 385
75 549 332 596 381
76 547 328 594 378
77 547 328 594 378
78 544 325 591 375
79 541 322 589 372
80 539 319 586 369
81 537 316 583 366
82 534 313 581 363
83 534 313 581 363
84 531 310 578 360
85 529 307 576 357
86 526 304 573 354
87 524 301 571 351
88 521 298 568 349
89 521 298 568 349
90 519 295 566 345
91 517 292 563 342
92 514 290 561 339
93 512 287 559 337
94 510 284 556 334
95 510 284 556 334
96 507 281 554 331
97 505 279 552 329
98 503 276 549 326
99 501 274 547 324
100 498 271 545 321
101 498 271 545 321
102 496 269 542 319
103 494 266 540 316
104 492 264 538 314
105 490 261 536 311
106 488 259 534 309
107 488 259 534 309
108 486 256 532 307
109 483 254 529 304
110 481 252 527 302
111 479 249 525 299
112 477 247 523 297
113 477 247 523 297
114 475 245 521 295
115 473 242 519 293
116 471 240 517 291
117 469 238 515 288
118 468 236 513 286
119 468 236 513 286
120 466 234 511 284
121 464 232 510 282
122 462 230 508 280
123 460 228 506 278
124 458 226 504 275
125 458 226 504 275
126 456 224 502 273
127 455 222 500 271
128 453 220 499 269
129 451 218 497 267
130 449 216 495 265
131 449 216 495 265
132 448 214 493 264
133 446 212 492 261
134 444 210 490 259
135 443 208 488 258
136 441 206 487 256
137 441 206 487 256
138 439 204 485 254
139 438 203 483 253
140 436 201 482 251
141 435 199 480 249
142 433 198 479 247
143 433 198 479 247
144 432 196 477 246
145 430 194 476 244
146 429 192 474 243
147 427 191 473 241
148 426 189 471 239
149 426 189 471 239
150 424 188 470 237
151 423 186 469 236
152 422 184 467 235
153 420 183 466 233
154 419 181 464 231
155 419 181 464 231
156 417 180 463 230
157 416 178 462 229
158 415 177 460 227
159 414 175 459 225
160 412 174 458 224
161 412 174 458 224
162 411 172 456 223
163 410 171 455 221
164 409 170 454 220
165 408 168 452 218
166 406 167 451 217
167 406 167 451 217
168 405 166 450 215
169 404 164 449 214
170 403 163 447 213
171 402 162 446 212
172 400 161 445 211
173 400 161 445 211
174 399 159 444 209
175 398 158 443 208
176 397 157 442 207
177 396 156 441 206
178 395 155 440 205
179 395 155 440 205
180 394 154 439 204
181 393 153 438 203
182 391 152 437 202
183 390 150 436 201
184 389 149 435 200
185 389 149 435 200
186 388 148 433 199
187 388 147 433 197
188 386 146 432 197
189 386 145 431 196
190 385 144 430 195
191 385 144 430 195
192 384 143 429 194
193 383 142 428 193
194 382 141 427 192
195 381 141 426 191
196 380 140 425 190
197 380 140 425 190
198 379 139 424 189
199 378 138 423 188
200 378 137 422 188
201 377 136 422 187
202 376 135 421 186
203 376 135 421 186
204 375 134 420 185
205 374 134 419 184
206 374 133 418 183
207 373 132 418 183
208 372 132 417 182
209 372 132 417 182
210 372 131 416 181
211 371 130 416 180
212 370 129 415 179
213 370 129 414 179
214 369 128 414 178
215 369 128 414 178
216 368 128 413 178
217 368 127 412 177
218 367 126 412 177
219 366 126 411 176
220 366 125 410 175
221 366 125 410 175
222 365 125 410 175
223 365 124 409 174
224 364 123 409 174
225 364 123 408 173
226 363 122 408 173
227 363 122 408 173
228 362 122 407 172
229 362 121 407 172
230 361 121 406 171
231 361 121 406 171
232 360 120 405 170
233 360 120 405 170
234 360 120 405 170
235 360 119 404 169
236 359 119 404 169
237 359 119 403 169
238 359 118 403 169
239 359 118 403 169
240 358 118 403 168
241 358 118 402 167
242 357 117 402 168
243 357 117 402 167
244 357 117 401 167
245 357 117 401 167
246 356 116 401 167
247 356 116 401 167
248 356 116 400 166
249 356 116 400 166
250 355 116 400 165
251 355 116 400 165
252 355 115 400 165
253 355 115 400 165
254 355 115 399 165
255 355 115 399 165
256 354 115 399 165
257 354 115 399 165
258 354 115 399 164
259 354 115 399 164
260 354 115 399 164
261 354 115 399 164
262 354 114 399 164
263 354 114 399 164
264 354 114 399 164
265 354 114 399 164
266 354 114 399 164
267 354 114 399 164
268 354 114 399 164
269 354 114 399 164
270 354 114 399 164
271 354 114 399 164
272 354 114 399 164
273 354 114 399 164
274 354 114 399 164
275 354 114 399 164
276 354 114 399 164
277 354 114 399 164
278 354 114 399 164
