173 -1 -1 -1 -1
0 479 295 519 338
1 479 295 519 338
2 479 295 519 338
3 479 295 519 338
4 479 295 519 338
5 479 295 519 338
6 479 295 519 338
7 479 295 519 338
8 479 295 519 338
9 479 295 519 338
10 479 295 519 338
11 479 295 519 338
12 479 295 519 338
13 479 295 519 338
14 479 295 519 338
15 479 295 519 338
16 479 295 519 338
17 479 295 519 338
18 479 295 519 338
19 479 295 519 338
20 479 295 519 338
21 479 295 519 338
22 480 295 519 338
23 485 296 522 341
24 485 296 522 341
25 485 301 529 348
26 491 305 537 353
27 499 311 546 358
28 507 316 554 363
29 515 321 563 369
30 514 321 563 369
31 522 327 572 374
32 530 333 581 380
33 540 339 590 387
34 550 345 600 390
35 559 346 609 392
36 559 346 609 392
37 569 347 620 394
38 578 348 628 394
39 587 349 638 395
40 596 349 648 396
41 605 350 656 397
42 605 350 656 397
43 614 351 665 398
44 624 351 675 399
45 632 352 684 399
46 642 353 693 400
47 651 354 702 401
48 651 354 702 401
49 660 354 711 402
50 669 355 720 402
51 678 356 730 404
52 687 356 739 404
53 696 357 748 405
54 696 357 748 405
55 706 358 757 406
56 714 358 766 406
57 724 359 775 408
58 732 360 784 408
59 742 361 793 410
60 742 361 793 408
61 751 361 802 409
62 760 362 811 410
63 769 363 820 410
64 778 363 830 411
65 786 364 838 412
66 786 364 838 412
67 796 365 847 413
68 804 366 856 414
69 814 366 865 415
70 820 182 930 309
71 811 186 919 316
72 811 186 919 316
73 807 201 919 318
74 807 196 918 317
75 805 201 918 317
76 803 195 923 316
77 805 195 923 313
78 805 195 923 313
79 803 195 925 313
80 802 195 933 312
81 800 195 934 312
82 813 195 935 302
83 824 195 937 294
84 824 195 937 294
85 808 195 918 302
86 804 195 922 303
87 797 172 927 305
88 789 200 919 308
89 813 200 928 294
90 814 194 922 293
91 785 194 924 306
92 781 205 924 306
93 836 203 932 291
94 832 192 923 291
95 796 198 925 293
96 796 198 925 293
97 765 221 881 302
98 789 233 871 291
99 735 185 904 305
100 782 215 888 289
101 727 570 776 619
102 727 570 776 619
103 875 192 925 248
104 729 574 779 624
105 731 577 781 626
106 733 580 782 628
107 734 582 783 631
108 734 582 783 631
109 735 584 785 633
110 737 587 786 636
111 738 588 787 637
112 739 586 788 635
113 739 585 789 634
114 739 585 789 634
115 740 583 789 632
116 741 582 790 631
117 741 581 791 630
118 742 579 791 628
119 743 578 792 627
120 743 578 792 627
121 743 576 793 626
122 744 575 793 624
123 745 574 794 623
124 745 573 795 622
125 746 572 796 621
126 746 572 796 621
127 747 571 796 619
128 747 570 797 618
129 748 568 797 617
130 749 567 798 616
131 749 566 798 615
132 749 566 798 615
133 750 565 799 614
134 751 564 799 613
135 751 563 800 612
136 752 562 801 611
137 752 562 801 610
138 752 562 801 610
139 753 561 802 609
140 753 560 802 609
141 753 559 803 608
142 755 556 804 605
143 755 556 804 605
144 755 556 804 605
145 755 556 804 605
146 755 556 804 605
147 755 556 805 605
148 756 555 805 604
149 756 554 805 603
150 756 554 805 604
151 756 554 806 603
152 757 553 806 602
153 757 553 806 602
154 757 552 806 601
155 757 552 806 601
156 757 552 806 601
157 757 551 807 601
158 758 551 807 600
159 758 551 807 600
160 759 550 807 599
161 759 550 807 599
162 759 550 807 599
163 759 550 808 599
164 759 550 808 599
165 759 550 808 598
166 759 549 808 598
167 759 549 808 598
168 759 549 808 598
169 759 549 808 598
170 759 549 808 598
171 759 549 808 598
172 759 548 808 598
