277 -1 -1 -1 -1
0 666 343 739 403
1 666 343 739 403
2 666 343 739 403
3 666 343 739 402
4 666 343 739 402
5 666 343 739 402
6 666 343 739 402
7 666 343 739 402
8 666 343 739 402
9 666 343 739 402
10 666 344 739 402
11 666 344 739 403
12 666 344 739 403
13 666 344 739 403
14 666 344 739 403
15 666 344 739 403
16 666 344 739 403
17 666 344 739 403
18 664 345 738 405
19 662 347 738 407
20 660 349 736 411
21 660 349 736 411
22 659 351 736 413
23 656 353 735 416
24 655 357 734 419
25 653 358 734 420
26 652 361 734 423
27 652 361 734 423
28 651 363 733 426
29 650 366 732 428
30 648 369 730 431
31 646 371 729 433
32 644 374 728 435
33 644 374 728 435
34 642 377 727 439
35 640 380 726 442
36 638 383 725 445
37 643 386 724 449
38 634 389 723 453
39 634 389 723 453
40 640 393 712 442
41 630 396 721 459
42 628 400 719 463
43 625 404 718 467
44 623 407 717 471
45 623 407 717 471
46 620 411 716 476
47 618 416 714 480
48 615 420 712 484
49 612 425 711 489
50 608 429 709 495
51 608 429 709 495
52 606 434 707 499
53 602 440 705 505
54 598 445 704 510
55 595 451 701 516
56 590 457 698 523
57 590 457 698 523
58 587 464 697 529
59 583 471 694 535
60 578 478 692 543
61 574 486 689 552
62 568 493 686 560
63 568 493 686 560
64 563 501 683 568
65 557 510 680 577
66 552 519 676 587
67 546 529 671 596
68 541 540 663 607
69 541 540 663 607
70 530 551 626 616
71 461 561 556 627
72 394 571 493 635
73 329 581 428 647
74 266 586 364 680
75 266 586 364 680
76 412 578 460 627
77 404 570 452 619
78 396 563 445 612
79 388 556 436 605
80 380 550 427 599
81 380 550 427 599
82 372 544 420 593
83 364 538 412 587
84 356 532 404 581
85 348 526 396 575
86 341 520 389 569
87 341 520 389 569
88 334 514 381 563
89 326 508 374 558
90 318 503 366 552
91 310 497 359 546
92 304 492 351 541
93 304 492 351 541
94 296 486 344 536
95 289 481 337 531
96 282 476 329 525
97 275 470 323 520
98 270 465 317 515
99 270 465 317 515
100 277 460 324 510
101 283 456 331 505
102 289 451 336 500
103 295 446 343 496
104 301 442 348 491
105 301 442 348 491
106 307 437 354 487
107 312 432 360 482
108 318 428 365 478
109 324 424 370 473
110 329 420 376 469
111 329 420 376 469
112 334 415 381 465
113 340 411 386 461
114 345 407 392 457
115 350 403 397 453
116 355 399 402 449
117 355 399 402 449
118 360 395 407 445
119 365 391 412 441
120 370 386 417 437
121 375 382 422 433
122 380 379 427 429
123 380 379 427 429
124 385 375 431 425
125 389 372 436 421
126 394 368 441 418
127 399 364 446 414
128 403 360 450 410
129 403 360 450 410
130 407 357 455 407
131 412 353 459 403
132 417 350 463 399
133 421 346 468 396
134 425 343 472 393
135 425 343 472 393
136 429 339 476 389
137 434 336 480 385
138 438 332 484 382
139 442 329 489 379
140 447 326 493 376
141 447 326 493 376
142 451 323 497 373
143 455 320 501 369
144 459 316 505 366
145 463 314 509 363
146 466 310 512 360
147 466 310 512 360
148 470 307 516 357
149 474 304 520 354
150 477 302 523 351
151 481 298 527 347
152 485 295 531 344
153 485 295 531 344
154 489 292 534 341
155 493 290 538 339
156 496 287 542 336
157 499 284 545 333
158 503 281 549 331
159 503 281 549 331
160 506 278 552 328
161 509 276 555 325
162 513 273 559 323
163 516 270 562 320
164 519 268 565 317
165 519 268 565 317
166 523 265 568 315
167 526 263 571 312
168 529 260 575 309
169 532 258 578 307
170 535 255 581 304
171 535 255 581 304
172 539 252 584 302
173 541 250 587 299
174 545 247 590 297
175 547 245 593 295
176 550 243 595 292
177 550 243 595 292
178 553 240 598 290
179 555 238 601 287
180 558 236 604 285
181 561 233 606 283
182 564 231 609 281
183 564 231 609 281
184 566 230 612 278
185 569 230 614 277
186 571 228 617 275
187 574 228 620 275
188 576 227 622 275
189 576 227 622 275
190 578 226 624 275
191 580 225 626 274
192 583 224 628 273
193 585 224 631 273
194 587 224 633 273
195 587 224 633 273
196 589 224 635 272
197 591 223 637 272
198 593 223 639 272
199 595 223 641 271
200 597 222 643 271
201 597 222 643 271
202 599 222 645 271
203 601 222 647 271
204 603 222 649 270
205 605 221 651 270
206 607 221 652 270
207 607 221 652 270
208 608 220 654 269
209 610 220 655 269
210 611 220 657 269
211 613 220 659 269
212 615 220 660 269
213 615 220 660 269
214 616 219 662 268
215 617 219 663 268
216 619 219 665 267
217 621 218 666 267
218 622 218 667 267
219 622 218 667 267
220 623 218 669 267
221 624 218 670 267
222 625 217 671 267
223 627 217 672 267
224 628 218 673 267
225 628 218 673 267
226 629 218 675 267
227 631 217 675 266
228 631 217 677 266
229 633 217 677 266
230 633 217 678 266
231 633 217 678 266
232 634 216 679 265
233 635 216 681 265
234 635 216 681 265
235 637 216 682 265
236 637 216 683 265
237 637 216 683 265
238 638 216 683 265
239 639 216 684 265
240 639 216 685 265
241 640 216 685 265
242 641 216 686 265
243 641 216 686 265
244 641 216 687 265
245 642 216 687 265
246 642 216 688 265
247 643 215 688 265
248 643 215 688 265
249 643 215 688 265
250 643 215 689 264
251 643 215 689 264
252 644 215 689 264
253 644 215 689 264
254 644 215 690 264
255 644 215 690 264
256 644 215 690 264
257 645 215 690 264
258 645 215 690 264
259 645 215 690 264
260 645 215 690 264
261 645 215 690 264
262 645 215 690 264
263 645 215 690 264
264 645 215 690 264
265 645 215 690 264
266 645 215 690 264
267 645 215 690 264
268 645 215 690 264
269 645 215 690 264
270 645 214 690 263
271 645 214 690 263
272 645 214 690 263
273 645 214 690 263
274 645 214 690 263
275 645 214 690 263
276 645 214 690 263
