141 -1 -1 -1 -1
0 878 26 975 86
1 878 26 975 86
2 878 26 975 86
3 878 26 975 86
4 878 26 975 86
5 878 26 975 86
6 878 26 975 86
7 878 26 975 86
8 878 26 975 86
9 878 26 975 86
10 878 26 975 86
11 878 26 975 86
12 878 26 975 86
13 878 26 975 86
14 878 26 975 86
15 878 26 975 86
16 878 26 975 86
17 878 26 975 86
18 878 26 975 86
19 878 26 975 86
20 878 26 975 86
21 878 26 975 86
22 878 26 975 86
23 878 26 975 86
24 878 26 975 86
25 878 26 975 86
26 878 26 975 86
27 878 26 975 86
28 878 26 975 86
29 878 26 975 86
30 878 26 975 86
31 878 26 975 86
32 878 26 975 86
33 878 26 975 86
34 878 26 975 86
35 878 26 975 86
36 878 26 975 86
37 878 26 975 86
38 878 26 975 86
39 878 26 975 86
40 887 378 946 432
41 887 378 946 432
42 851 376 910 432
43 851 376 910 432
44 816 375 877 430
45 784 375 844 429
46 754 374 812 429
47 724 374 784 428
48 696 374 756 428
49 696 374 756 428
50 670 374 729 429
51 644 374 703 430
52 617 374 676 428
53 945 414 999 468
54 948 414 999 467
55 948 414 999 467
56 929 414 998 479
57 942 415 997 468
58 584 460 633 512
59 925 410 1009 477
60 923 411 1001 476
61 923 411 1001 476
62 945 409 1003 464
63 922 410 1000 473
64 925 409 1003 477
65 933 410 1005 474
66 942 409 1011 458
67 942 409 1011 458
68 558 459 607 508
69 555 459 604 508
70 552 457 601 507
71 550 456 598 507
72 547 456 595 507
73 547 456 595 507
74 544 456 593 506
75 541 457 590 506
76 538 456 587 506
77 536 456 585 505
78 533 455 582 505
79 533 455 582 505
80 531 454 579 505
81 528 454 577 505
82 526 454 575 504
83 523 454 572 504
84 521 454 570 504
85 521 454 570 504
86 519 454 567 503
87 517 454 565 503
88 514 454 563 503
89 512 454 561 502
90 510 454 559 502
91 510 454 559 502
92 508 454 557 502
93 506 452 555 502
94 504 453 553 501
95 502 452 551 501
96 500 452 549 501
97 500 452 549 501
98 499 452 547 500
99 497 450 545 500
100 495 450 543 500
101 493 450 542 500
102 492 450 540 499
103 492 450 540 499
104 490 449 539 499
105 489 450 537 499
106 487 450 536 499
107 486 449 534 499
108 484 449 533 499
109 484 449 533 499
110 483 448 532 498
111 482 448 530 498
112 480 447 529 498
113 479 448 528 498
114 478 448 527 497
115 478 448 527 497
116 477 449 525 497
117 476 449 524 497
118 475 447 523 497
119 474 447 522 497
120 473 446 521 497
121 473 446 521 497
122 472 446 521 497
123 471 446 520 497
124 470 447 519 497
125 469 445 518 496
126 469 446 517 496
127 469 446 517 496
128 468 445 517 496
129 467 448 516 496
130 467 447 516 496
131 466 445 515 496
132 466 445 515 496
133 466 445 515 496
134 465 446 514 496
135 465 444 514 496
136 465 445 513 496
137 465 444 513 496
138 464 445 513 495
139 464 445 513 495
140 464 444 512 495
