311 -1 -1 -1 -1
0 1225 250 1256 291
1 1225 250 1256 291
2 1226 250 1257 291
3 764 275 797 317
4 766 275 797 316
5 1228 249 1259 290
6 1229 248 1260 290
7 1229 248 1260 290
8 1230 248 1261 289
9 1230 248 1261 289
10 1231 248 1262 289
11 1232 247 1263 288
12 1233 247 1264 288
13 1233 247 1264 288
14 1233 247 1264 288
15 760 272 791 313
16 1235 246 1266 287
17 1236 246 1267 287
18 778 255 809 296
19 755 270 799 313
20 755 270 799 313
21 755 270 799 313
22 778 254 810 296
23 760 270 793 311
24 779 254 811 296
25 779 254 811 296
26 779 253 811 294
27 1242 244 1273 285
28 763 268 802 311
29 780 253 811 294
30 778 251 810 292
31 763 267 800 309
32 764 267 807 309
33 763 266 805 309
34 764 266 807 308
35 779 249 812 291
36 779 249 810 290
37 779 249 810 290
38 740 278 791 321
39 724 280 782 331
40 714 287 770 340
41 700 297 758 350
42 686 307 746 360
43 686 307 746 360
44 672 316 732 369
45 657 327 718 380
46 641 339 702 392
47 624 351 685 406
48 607 364 668 419
49 607 364 668 419
50 587 378 651 434
51 567 393 631 448
52 546 409 611 464
53 524 425 589 481
54 501 443 568 498
55 501 443 568 498
56 474 461 545 518
57 448 482 516 539
58 420 502 490 559
59 391 524 462 580
60 384 535 450 590
61 384 535 450 590
62 416 534 484 588
63 450 533 516 587
64 478 533 545 588
65 500 533 570 588
66 526 534 594 588
67 526 534 594 588
68 548 536 617 590
69 569 537 638 591
70 592 539 660 593
71 613 541 682 595
72 635 542 705 596
73 635 542 705 596
74 658 544 729 600
75 680 546 751 601
76 704 547 773 603
77 724 549 796 605
78 746 551 818 607
79 746 551 818 607
80 767 554 840 610
81 788 557 861 613
82 812 560 883 615
83 834 562 905 617
84 854 564 927 619
85 854 564 927 619
86 877 566 952 620
87 899 568 974 623
88 921 570 996 625
89 943 572 1018 627
90 964 574 1039 626
91 964 574 1039 626
92 986 576 1061 629
93 1009 578 1083 632
94 1024 579 1102 631
95 1038 577 1116 632
96 453 587 502 634
97 453 587 502 634
98 457 586 506 633
99 462 585 511 632
100 466 584 516 631
101 471 582 520 630
102 476 582 525 629
103 476 582 525 629
104 480 581 530 629
105 485 580 534 628
106 489 579 538 627
107 494 578 543 626
108 498 577 547 625
109 498 577 547 625
110 502 576 551 624
111 506 575 555 623
112 510 574 559 622
113 514 573 563 621
114 519 573 567 620
115 519 573 567 620
116 523 572 571 620
117 527 571 575 618
118 530 570 578 618
119 534 569 582 617
120 537 568 586 616
121 537 568 586 616
122 541 568 590 615
123 545 567 593 615
124 548 566 597 614
125 551 566 600 613
126 555 564 604 612
127 555 564 604 612
128 559 564 607 612
129 561 563 610 612
130 565 562 614 611
131 568 562 617 610
132 571 561 620 609
133 571 561 620 609
134 574 560 623 608
135 577 560 626 608
136 580 559 629 607
137 583 558 632 606
138 586 558 635 606
139 586 558 635 606
140 589 558 637 605
141 591 556 640 605
142 594 556 643 604
143 597 555 645 604
144 599 555 648 603
145 599 555 648 603
146 602 554 651 602
147 605 553 653 602
148 607 553 656 602
149 609 552 658 601
150 611 552 660 600
151 611 552 660 601
152 613 552 661 600
153 613 552 662 600
154 613 552 662 600
155 614 552 663 600
156 614 551 663 600
157 614 551 663 600
158 614 551 663 600
159 614 551 663 600
160 615 551 663 600
161 615 551 663 600
162 614 551 663 600
163 614 551 663 600
164 614 551 663 600
165 614 551 663 600
166 614 551 663 600
167 614 551 662 600
168 614 551 662 600
169 613 551 663 600
170 613 551 663 600
171 613 551 663 600
172 613 551 663 600
173 613 551 663 600
174 613 551 663 600
175 613 551 663 600
176 613 551 663 600
177 613 551 663 600
178 613 551 663 600
179 613 551 663 600
180 613 551 663 600
181 613 551 663 600
182 613 551 663 600
183 613 551 663 600
184 613 551 663 600
185 613 551 663 600
186 613 551 663 600
187 613 551 663 600
188 613 551 663 600
189 613 551 663 600
190 613 551 663 600
191 613 551 663 600
192 613 551 663 600
193 613 551 663 600
194 613 551 663 600
195 613 551 663 600
196 613 551 663 600
197 613 551 663 600
198 613 551 663 600
199 613 551 663 600
200 613 551 663 600
201 613 551 663 600
202 613 551 663 600
203 613 551 663 600
204 613 551 663 600
205 613 551 663 600
206 613 551 663 600
207 613 551 663 600
208 613 551 663 600
209 613 551 663 600
210 613 551 663 600
211 613 551 663 600
212 613 551 663 600
213 613 551 663 600
214 613 551 663 600
215 613 551 663 600
216 613 551 663 600
217 613 551 663 600
218 613 551 663 600
219 613 551 663 600
220 613 551 663 600
221 613 551 663 600
222 613 551 663 600
223 613 551 663 600
224 613 551 663 600
225 613 551 663 600
226 613 551 663 600
227 613 551 663 600
228 613 551 663 600
229 613 551 663 600
230 613 551 663 600
231 613 551 663 600
232 613 551 663 600
233 613 551 663 600
234 613 551 663 600
235 613 551 663 600
236 613 551 663 600
237 613 551 663 600
238 613 551 663 600
239 613 551 663 600
240 613 552 663 600
241 613 552 663 600
242 613 552 663 600
243 613 552 663 600
244 613 552 663 600
245 613 552 663 600
246 613 552 663 600
247 613 552 663 600
248 613 552 663 600
249 613 552 663 600
250 613 552 663 600
251 613 552 663 600
252 613 552 663 600
253 613 552 663 600
254 613 552 663 600
255 613 552 663 600
256 613 552 663 600
257 613 552 663 600
258 613 552 663 600
259 613 552 663 600
260 613 552 663 600
261 613 552 663 600
262 613 552 663 600
263 613 552 663 600
264 613 552 663 600
265 613 552 663 600
266 613 552 663 600
267 613 552 663 600
268 613 552 663 600
269 613 552 663 600
270 613 551 663 600
271 613 551 663 600
272 613 551 663 600
273 613 551 663 600
274 613 551 663 600
275 613 551 663 600
276 613 551 663 600
277 613 551 663 600
278 613 551 663 600
279 613 551 663 600
280 613 551 663 600
281 613 551 663 600
282 613 551 663 600
283 613 551 663 600
284 613 551 663 600
285 613 551 663 600
286 613 551 663 600
287 613 551 663 600
288 613 551 663 600
289 613 551 663 600
290 613 551 663 600
291 613 551 663 600
292 613 551 663 600
293 613 551 663 600
294 613 551 663 600
295 613 551 663 600
296 613 551 663 600
297 613 551 663 600
298 613 551 663 600
299 613 551 663 600
300 613 552 663 600
301 613 552 663 600
302 613 552 663 600
303 613 552 663 600
304 613 552 663 600
305 613 552 663 600
306 613 552 663 600
307 613 552 663 600
308 613 552 663 600
309 613 552 663 600
310 613 552 663 600
