293 -1 -1 -1 -1
0 374 330 424 388
1 374 331 424 388
2 374 331 424 388
3 374 335 424 388
4 374 335 424 388
5 374 335 424 388
6 374 335 424 388
7 373 335 424 387
8 373 335 424 387
9 372 337 423 390
10 371 341 423 394
11 370 346 422 397
12 369 348 421 401
13 368 351 420 405
14 368 351 420 405
15 367 355 420 408
16 365 354 419 412
17 364 353 419 416
18 363 352 418 419
19 362 352 417 422
20 362 352 417 422
21 361 351 417 426
22 360 351 416 429
23 359 378 416 433
24 358 381 416 436
25 357 384 415 439
26 357 384 415 439
27 356 387 415 442
28 355 390 415 446
29 354 394 415 449
30 353 397 414 453
31 352 401 414 457
32 352 401 414 457
33 352 405 413 461
34 351 410 413 466
35 350 414 413 470
36 349 418 413 475
37 348 423 412 481
38 347 423 412 481
39 346 428 412 486
40 345 434 411 492
41 343 440 410 498
42 342 446 410 504
43 362 451 429 507
44 362 451 429 507
45 382 456 448 512
46 400 462 468 519
47 418 467 486 524
48 437 473 506 530
49 458 479 525 536
50 458 479 525 536
51 476 486 545 542
52 497 492 566 549
53 518 499 588 556
54 540 506 610 563
55 562 513 633 570
56 562 513 633 570
57 586 521 658 578
58 610 529 682 586
59 636 538 708 595
60 639 531 716 588
61 643 522 719 579
62 643 522 719 579
63 648 515 723 572
64 653 508 727 565
65 659 502 732 559
66 664 497 737 554
67 669 492 742 549
68 669 492 742 549
69 674 487 746 544
70 679 483 751 539
71 683 478 755 534
72 688 474 759 529
73 692 470 762 525
74 692 470 762 525
75 696 465 765 521
76 700 462 768 517
77 703 458 771 513
78 706 455 774 510
79 542 450 590 501
80 542 450 590 501
81 551 443 599 495
82 559 437 607 489
83 567 430 615 482
84 575 401 625 476
85 584 401 632 470
86 584 401 632 470
87 586 400 640 463
88 600 406 648 458
89 586 400 656 452
90 586 394 663 446
91 623 389 671 441
92 623 389 671 441
93 631 383 679 435
94 638 378 687 429
95 646 372 694 423
96 653 366 701 418
97 661 361 709 413
98 661 361 709 413
99 668 355 716 407
100 675 350 723 402
101 682 345 730 397
102 689 340 737 391
103 697 334 744 386
104 697 334 744 386
105 703 330 751 381
106 710 324 757 376
107 717 319 764 371
108 723 314 771 366
109 730 309 777 361
110 730 309 777 361
111 737 304 784 357
112 743 300 790 352
113 749 295 797 347
114 756 290 803 342
115 762 286 809 338
116 762 286 809 338
117 768 281 815 333
118 774 277 821 328
119 781 272 827 324
120 787 268 833 319
121 793 264 839 315
122 793 264 839 315
123 799 259 845 311
124 805 254 851 307
125 810 250 857 302
126 815 246 863 298
127 821 242 868 294
128 821 242 868 294
129 827 238 874 290
130 833 234 879 286
131 839 230 885 282
132 844 226 890 277
133 849 222 896 273
134 849 222 896 273
135 855 218 901 270
136 860 214 906 266
137 865 210 911 262
138 871 206 916 258
139 876 202 922 254
140 876 202 922 255
141 881 199 927 251
142 886 195 932 247
143 891 192 937 243
144 896 188 942 240
145 893 185 939 237
146 893 185 939 237
147 889 182 935 234
148 885 180 931 231
149 881 176 927 228
150 878 174 923 225
151 874 171 919 223
152 874 171 919 223
153 870 168 916 220
154 867 165 912 217
155 863 162 908 215
156 859 160 905 212
157 856 157 901 209
158 856 157 901 209
159 853 155 897 207
160 849 152 894 204
161 846 150 890 201
162 842 147 887 199
163 839 144 884 196
164 839 144 884 196
165 835 142 880 193
166 832 139 877 191
167 829 137 874 189
168 826 134 871 186
169 823 132 867 184
170 823 132 867 184
171 819 130 864 181
172 816 128 861 179
173 813 125 858 176
174 811 123 855 174
175 807 120 852 172
176 807 120 852 172
177 804 118 849 170
178 801 116 846 167
179 798 114 843 165
180 795 112 840 163
181 793 110 837 161
182 793 110 837 161
183 790 108 834 159
184 787 105 832 157
185 784 103 829 155
186 781 101 826 153
187 779 99 823 151
188 779 99 823 151
189 776 97 821 149
190 774 95 818 146
191 771 93 815 144
192 768 91 813 142
193 766 89 810 140
194 766 89 810 140
195 763 87 807 139
196 761 85 805 137
197 759 84 803 135
198 756 81 800 133
199 753 80 798 131
200 753 80 798 131
201 751 78 795 129
202 749 76 793 127
203 747 74 791 126
204 745 72 788 124
205 742 70 786 122
206 742 70 786 122
207 740 69 784 120
208 737 67 781 119
209 735 66 779 117
210 733 64 777 115
211 731 62 775 113
212 731 62 775 113
213 729 61 773 112
214 727 59 771 110
215 725 58 768 109
216 723 56 766 107
217 721 54 764 105
218 721 54 764 105
219 719 53 762 104
220 717 51 760 102
221 715 50 758 101
222 713 48 757 99
223 711 47 755 98
224 711 47 755 98
225 709 46 753 96
226 707 44 751 95
227 705 42 749 93
228 704 42 747 92
229 703 42 746 93
230 703 42 746 93
231 701 43 745 94
232 700 44 744 95
233 699 45 742 97
234 697 46 741 97
235 696 47 740 98
236 696 47 740 98
237 695 48 739 99
238 694 48 738 100
239 693 49 737 101
240 692 50 735 101
241 690 51 734 102
242 690 51 734 102
243 689 53 733 103
244 688 52 732 104
245 687 55 731 104
246 686 54 730 105
247 685 55 729 106
248 685 55 729 106
249 684 56 728 107
250 683 56 727 107
251 682 57 726 108
252 681 58 725 109
253 680 58 724 110
254 680 58 724 110
255 679 59 723 110
256 678 60 722 111
257 677 60 721 111
258 677 61 720 112
259 676 62 720 113
260 676 62 719 113
261 675 62 719 113
262 674 62 718 114
263 673 63 717 115
264 673 64 716 115
265 672 64 715 116
266 672 64 715 116
267 671 65 715 116
268 671 65 714 117
269 670 66 713 117
270 669 66 713 117
271 669 66 712 118
272 669 66 712 118
273 668 67 711 118
274 667 67 711 119
275 667 68 710 119
276 666 68 709 120
277 665 69 709 120
278 665 69 709 120
279 665 69 709 120
280 665 70 708 120
281 664 70 707 120
282 663 70 707 120
283 663 70 706 121
284 663 70 706 121
285 663 71 706 121
286 662 72 705 121
287 661 72 705 121
288 661 72 704 121
289 660 72 704 121
290 661 72 704 121
291 660 72 703 121
292 660 72 703 121
