249 -1 -1 -1 -1
0 870 249 922 307
1 870 249 922 307
2 870 249 922 307
3 870 249 921 307
4 870 249 921 307
5 870 249 921 307
6 870 249 921 307
7 870 249 921 307
8 870 249 921 307
9 870 249 921 307
10 870 249 921 307
11 870 249 921 307
12 870 249 921 307
13 870 249 921 307
14 869 249 920 309
15 867 265 927 315
16 873 274 928 321
17 874 276 931 327
18 874 276 931 327
19 876 282 933 334
20 877 286 936 340
21 879 295 939 348
22 881 301 942 356
23 882 309 946 365
24 882 309 946 365
25 885 318 949 374
26 888 327 953 384
27 899 337 966 390
28 918 340 974 386
29 918 344 984 401
30 918 344 984 401
31 926 348 989 402
32 932 352 993 408
33 953 354 1015 400
34 981 356 1045 410
35 1002 357 1072 412
36 1002 357 1072 412
37 1031 359 1098 415
38 1057 361 1125 432
39 1084 363 1152 419
40 1111 365 1180 422
41 1138 368 1209 425
42 1138 368 1209 425
43 1166 371 1237 428
44 1194 374 1266 432
45 1223 378 1295 436
46 1252 383 1295 440
47 1071 394 1102 435
48 1071 394 1102 435
49 721 528 770 580
50 728 536 777 589
51 735 545 785 598
52 743 554 792 607
53 750 563 800 616
54 750 563 800 616
55 758 572 808 625
56 766 582 816 634
57 773 587 823 640
58 778 580 828 632
59 782 573 832 625
60 782 573 832 624
61 787 566 837 618
62 791 560 841 612
63 796 555 846 607
64 801 550 851 602
65 806 545 855 597
66 806 545 855 597
67 810 540 860 592
68 815 536 865 587
69 820 531 869 582
70 824 526 874 578
71 829 522 878 573
72 829 522 878 573
73 833 517 883 568
74 838 512 887 564
75 842 507 891 559
76 846 502 896 555
77 850 498 900 551
78 850 498 900 551
79 855 494 904 546
80 859 490 908 542
81 863 485 912 538
82 867 481 917 533
83 871 477 921 529
84 871 477 921 529
85 875 473 925 525
86 879 469 929 521
87 883 465 933 517
88 887 461 936 513
89 891 457 940 509
90 891 457 940 509
91 895 453 944 505
92 899 449 948 501
93 903 445 951 497
94 906 442 955 494
95 910 438 959 490
96 910 438 959 490
97 914 434 963 486
98 917 430 966 483
99 921 426 969 479
100 925 423 973 476
101 928 419 976 472
102 928 419 976 472
103 931 416 980 469
104 935 412 983 465
105 939 409 987 461
106 937 406 985 459
107 934 403 982 455
108 934 403 982 455
109 931 400 979 453
110 928 397 977 449
111 926 394 974 447
112 923 392 971 444
113 921 389 969 441
114 921 389 969 441
115 918 386 967 439
116 916 384 964 436
117 913 381 961 433
118 911 378 959 430
119 909 376 956 428
120 909 376 956 428
121 907 373 954 425
122 904 371 952 423
123 902 368 949 421
124 900 366 947 418
125 897 363 945 416
126 897 363 945 416
127 895 361 943 413
128 893 358 941 411
129 891 356 939 408
130 889 354 936 406
131 887 351 934 403
132 887 351 934 403
133 885 349 932 401
134 883 347 930 399
135 881 345 928 397
136 879 342 926 395
137 877 340 924 392
138 877 340 924 392
139 875 338 922 390
140 873 336 920 388
141 871 334 918 386
142 869 332 916 384
143 867 330 914 382
144 867 330 914 382
145 865 328 912 380
146 863 326 911 378
147 861 324 909 376
148 860 322 907 374
149 858 320 905 373
150 858 320 905 372
151 856 318 903 370
152 855 316 902 369
153 853 315 900 367
154 851 313 898 365
155 850 312 897 364
156 850 312 897 364
157 848 310 895 362
158 847 308 893 360
159 845 306 892 358
160 843 304 891 357
161 842 304 889 355
162 842 304 889 355
163 840 302 887 354
164 839 300 886 352
165 837 298 884 351
166 836 297 883 349
167 835 295 882 347
168 835 295 882 347
169 833 294 880 346
170 832 293 879 345
171 831 291 877 343
172 829 290 876 342
173 828 288 875 340
174 828 288 875 340
175 827 287 873 339
176 825 286 872 338
177 824 284 871 337
178 823 283 869 335
179 822 282 868 334
180 822 282 868 334
181 821 280 867 333
182 819 280 866 331
183 818 278 865 330
184 817 277 863 329
185 816 276 862 328
186 816 276 862 328
187 815 275 861 327
188 814 274 860 326
189 813 273 859 324
190 811 272 858 324
191 811 270 857 323
192 811 270 857 323
193 809 269 856 322
194 808 268 855 321
195 807 267 854 319
196 807 266 853 318
197 805 265 852 317
198 805 265 852 317
199 805 264 851 316
200 804 264 851 316
201 803 262 849 314
202 802 262 849 314
203 801 261 848 312
204 801 261 848 312
205 801 260 847 312
206 800 260 846 311
207 799 258 845 310
208 799 258 845 309
209 798 257 844 309
210 798 256 844 309
211 797 256 843 308
212 797 256 843 307
213 796 255 842 307
214 795 254 842 306
215 795 254 841 306
216 795 254 841 306
217 794 253 841 305
218 793 252 840 304
219 793 252 839 303
220 793 251 839 303
221 792 250 838 302
222 792 250 838 302
223 791 250 838 302
224 791 249 837 301
225 791 249 837 301
226 790 248 836 300
227 790 247 836 299
228 790 247 836 299
229 789 247 836 299
230 789 246 835 299
231 788 246 835 298
232 788 246 834 298
233 788 246 834 297
234 788 246 834 297
235 788 246 834 297
236 787 246 834 297
237 787 246 834 297
238 787 244 833 296
239 787 244 833 296
240 787 244 833 296
241 787 244 833 295
242 786 244 832 295
243 786 244 832 295
244 786 243 832 295
245 786 243 832 295
246 786 243 832 295
247 785 242 832 295
248 785 242 832 295
