256 -1 -1 -1 -1
0 748 332 779 373
1 748 332 779 373
2 748 332 779 373
3 748 332 779 373
4 748 332 779 373
5 748 332 779 373
6 748 332 779 373
7 660 305 691 346
8 660 305 691 346
9 748 332 779 373
10 748 332 779 373
11 748 332 779 373
12 749 340 783 382
13 756 355 801 400
14 750 369 808 417
15 748 371 814 428
16 748 371 814 428
17 752 371 818 428
18 757 371 822 428
19 761 370 828 427
20 765 369 830 426
21 768 367 835 425
22 768 367 835 425
23 771 365 838 421
24 774 362 841 419
25 777 359 844 415
26 780 356 846 412
27 782 353 848 409
28 782 353 848 409
29 784 349 849 405
30 786 345 850 400
31 787 341 850 396
32 789 338 852 393
33 790 334 852 388
34 790 334 852 388
35 792 331 852 386
36 793 328 854 382
37 795 325 856 379
38 796 323 857 377
39 797 320 858 374
40 797 320 858 374
41 799 317 860 371
42 800 315 860 370
43 802 312 861 365
44 804 310 860 360
45 805 308 861 358
46 805 308 861 358
47 808 306 862 354
48 808 303 863 353
49 1218 196 1278 251
50 1220 190 1295 245
51 1228 184 1295 239
52 1228 184 1295 239
53 1239 178 1295 233
54 1247 174 1295 228
55 1253 168 1295 222
56 917 557 964 607
57 931 557 978 606
58 931 557 978 606
59 945 556 992 605
60 958 556 1005 604
61 972 555 1020 604
62 984 555 1032 605
63 974 554 1021 603
64 974 554 1021 603
65 963 554 1011 603
66 954 553 1002 602
67 945 552 993 601
68 936 551 984 601
69 928 551 976 600
70 928 551 976 600
71 919 550 967 599
72 911 550 958 599
73 902 549 950 598
74 894 548 942 598
75 886 548 933 597
76 886 548 933 597
77 877 547 926 596
78 869 546 917 595
79 861 546 910 595
80 853 546 902 595
81 845 545 894 594
82 845 545 894 594
83 838 544 886 593
84 830 544 878 593
85 822 543 870 592
86 815 542 862 592
87 807 542 855 591
88 807 542 855 591
89 799 542 848 591
90 792 542 840 590
91 785 540 833 590
92 777 540 826 589
93 770 540 818 589
94 770 540 818 589
95 763 539 811 588
96 755 538 804 587
97 749 538 797 587
98 742 537 790 586
99 735 537 783 585
100 735 537 783 585
101 728 536 777 585
102 721 536 769 584
103 714 536 762 583
104 707 535 756 583
105 701 534 750 583
106 701 534 750 583
107 694 534 743 582
108 688 534 736 581
109 681 533 730 581
110 675 533 724 581
111 669 532 717 581
112 669 532 717 581
113 662 532 711 580
114 656 531 704 580
115 650 531 698 579
116 644 530 692 579
117 638 530 686 578
118 638 530 686 578
119 632 530 680 578
120 626 530 674 578
121 620 529 668 577
122 614 529 662 577
123 609 528 657 577
124 609 528 657 577
125 603 528 651 576
126 597 528 646 576
127 592 527 640 575
128 586 527 634 575
129 581 526 629 575
130 581 526 629 575
131 575 526 623 574
132 570 526 618 573
133 565 526 613 573
134 559 525 607 573
135 555 525 602 573
136 555 525 602 573
137 549 524 597 572
138 544 524 592 572
139 539 524 587 572
140 534 523 582 571
141 529 523 577 571
142 529 523 577 571
143 524 522 572 571
144 519 522 567 571
145 514 522 562 570
146 509 522 558 570
147 505 521 553 570
148 505 521 553 570
149 500 521 549 569
150 495 521 544 569
151 491 521 539 569
152 487 520 535 569
153 483 520 531 569
154 483 520 531 569
155 478 520 526 568
156 473 519 522 568
157 469 519 518 568
158 465 519 514 567
159 461 519 509 567
160 461 519 509 567
161 457 518 505 567
162 453 518 501 567
163 449 518 497 566
164 445 518 493 566
165 441 517 489 566
166 441 517 489 566
167 437 517 486 566
168 433 517 482 566
169 429 517 478 565
170 426 516 474 565
171 422 516 471 565
172 422 516 471 565
173 418 516 467 565
174 415 516 463 564
175 411 516 460 565
176 408 516 457 564
177 405 516 453 564
178 405 516 453 564
179 401 515 450 564
180 398 515 447 564
181 395 515 443 563
182 392 515 440 564
183 389 515 437 563
184 389 515 437 563
185 385 514 434 563
186 383 514 431 563
187 379 514 428 563
188 377 514 425 563
189 374 514 422 563
190 374 514 422 563
191 371 514 420 562
192 368 514 417 563
193 366 514 414 563
194 363 514 411 562
195 360 514 409 562
196 360 514 409 562
197 358 513 406 562
198 355 513 404 562
199 353 513 401 562
200 351 513 399 562
201 348 512 397 562
202 348 512 397 562
203 346 512 394 562
204 344 512 392 561
205 341 512 390 561
206 339 512 388 561
207 337 512 386 561
208 337 512 386 561
209 335 512 384 561
210 333 512 382 561
211 331 512 380 561
212 329 512 378 561
213 327 512 376 561
214 327 512 376 561
215 325 512 374 561
216 324 511 373 561
217 323 511 371 561
218 321 511 369 561
219 319 511 368 560
220 319 511 368 560
221 317 511 366 561
222 316 511 365 560
223 315 511 363 561
224 313 511 362 560
225 312 511 361 560
226 312 511 361 560
227 312 511 359 560
228 314 511 358 560
229 313 510 357 560
230 315 510 356 560
231 311 511 355 560
232 311 511 355 560
233 315 511 353 560
234 313 511 353 560
235 310 510 352 559
236 313 511 351 559
237 309 510 351 560
238 309 510 351 560
239 308 510 349 559
240 300 510 349 559
241 300 510 349 559
242 300 510 348 560
243 303 510 347 559
244 303 510 347 559
245 300 510 347 559
246 305 510 346 559
247 298 510 346 559
248 298 510 346 559
249 298 510 346 559
250 298 510 346 559
251 298 510 346 559
252 297 511 345 559
253 297 510 345 559
254 297 510 345 559
255 296 511 345 559
