115 -1 -1 -1 -1
0 642 349 673 390
1 642 349 673 390
2 642 349 673 390
3 642 349 673 390
4 642 349 673 390
5 642 349 673 390
6 642 349 673 390
7 642 349 673 390
8 642 349 673 390
9 642 349 673 390
10 642 349 673 390
11 642 349 673 390
12 642 349 673 390
13 642 349 673 390
14 642 349 673 390
15 683 350 719 393
16 690 354 721 395
17 689 351 745 398
18 689 351 745 398
19 692 353 740 399
20 694 353 752 401
21 697 353 756 403
22 700 354 759 402
23 702 354 761 403
24 702 354 761 403
25 704 353 764 402
26 707 353 767 402
27 710 352 770 403
28 712 352 772 402
29 714 351 774 401
30 715 351 774 401
31 716 350 776 400
32 718 349 778 399
33 720 349 781 399
34 722 348 784 399
35 724 347 786 399
36 724 347 786 399
37 726 347 788 398
38 728 346 790 397
39 729 345 791 396
40 730 344 793 395
41 732 343 794 394
42 732 343 794 394
43 733 342 796 393
44 734 340 797 392
45 734 339 798 391
46 734 337 798 389
47 733 335 797 387
48 733 335 797 387
49 732 333 797 385
50 731 331 796 383
51 730 329 795 381
52 729 328 794 379
53 728 326 793 377
54 728 326 793 377
55 727 324 792 376
56 726 322 792 374
57 726 320 791 371
58 725 318 791 369
59 725 315 790 367
60 725 316 790 367
61 724 313 790 365
62 724 311 790 363
63 724 309 789 360
64 723 306 789 358
65 722 304 789 358
66 722 304 789 358
67 721 302 788 356
68 720 301 787 353
69 718 299 786 352
70 718 297 785 350
71 716 295 785 350
72 716 295 785 350
73 716 294 783 347
74 715 292 783 346
75 714 290 782 344
76 713 289 781 342
77 712 287 781 340
78 712 287 781 340
79 712 285 781 339
80 710 284 780 338
81 710 282 780 337
82 709 281 777 332
83 708 279 776 331
84 708 279 776 331
85 706 277 775 330
86 704 276 774 329
87 702 274 771 326
88 699 273 770 326
89 697 272 768 324
90 698 272 767 323
91 696 271 766 323
92 694 269 765 322
93 693 268 763 320
94 691 267 762 319
95 689 265 760 318
96 689 265 760 318
97 688 264 759 318
98 686 264 758 318
99 686 263 758 316
100 685 262 758 316
101 684 261 756 315
102 684 261 756 315
103 728 424 776 474
104 728 424 776 474
105 728 424 776 474
106 728 424 776 474
107 728 424 776 474
108 728 424 776 474
109 728 424 776 474
110 728 424 776 473
111 728 424 776 473
112 728 424 776 474
113 727 424 776 474
114 727 424 776 474
