263 -1 -1 -1 -1
0 600 338 656 390
1 600 338 656 390
2 600 338 656 390
3 600 338 656 390
4 600 338 656 390
5 600 338 656 390
6 600 338 656 390
7 600 338 656 390
8 600 338 656 390
9 600 338 656 390
10 600 338 656 389
11 600 337 656 389
12 600 337 656 389
13 600 338 656 389
14 601 337 657 388
15 601 336 657 388
16 601 338 657 388
17 600 336 657 387
18 600 336 657 387
19 599 340 655 391
20 597 334 655 394
21 596 343 654 397
22 594 346 653 399
23 593 348 652 402
24 593 348 652 402
25 591 351 651 405
26 590 353 650 408
27 588 355 650 410
28 588 357 650 412
29 587 360 650 414
30 587 360 650 414
31 586 361 650 417
32 585 363 650 419
33 585 365 650 421
34 584 368 650 423
35 584 369 650 426
36 584 369 650 426
37 583 372 650 428
38 582 374 650 431
39 582 377 650 433
40 580 379 650 436
41 578 381 650 439
42 578 381 650 439
43 576 384 649 442
44 574 387 649 445
45 572 390 647 448
46 570 393 646 452
47 567 396 645 455
48 567 396 645 455
49 564 399 644 459
50 561 403 642 463
51 558 407 641 468
52 554 412 638 474
53 551 417 636 478
54 551 417 636 478
55 547 421 635 483
56 543 427 632 489
57 538 434 627 497
58 533 441 624 504
59 527 449 621 513
60 527 449 621 514
61 530 458 615 513
62 516 469 611 532
63 510 480 592 539
64 440 488 530 548
65 401 489 495 550
66 401 489 495 550
67 413 480 508 542
68 427 472 522 534
69 440 464 534 526
70 452 458 545 520
71 464 452 556 513
72 464 452 556 513
73 475 446 568 508
74 485 442 578 504
75 494 438 587 500
76 503 434 595 495
77 510 430 603 494
78 510 430 603 494
79 519 427 610 490
80 838 487 886 536
81 836 482 884 532
82 834 476 882 526
83 832 470 880 521
84 832 470 880 521
85 830 465 878 515
86 828 460 876 510
87 826 455 874 505
88 824 450 872 500
89 823 445 870 495
90 823 445 870 495
91 821 440 868 490
92 819 435 867 485
93 817 430 865 480
94 816 425 863 475
95 814 420 862 470
96 814 420 862 470
97 812 415 860 465
98 810 410 858 461
99 809 406 856 456
100 807 401 855 451
101 805 397 853 447
102 805 397 853 447
103 804 392 851 442
104 802 388 850 438
105 800 383 848 433
106 799 379 846 429
107 797 374 845 425
108 797 374 845 425
109 796 370 843 421
110 794 366 841 417
111 793 362 840 413
112 791 358 839 409
113 790 354 837 404
114 790 354 837 404
115 788 350 835 400
116 787 346 834 396
117 785 342 833 392
118 784 338 831 388
119 783 334 830 384
120 783 334 830 384
121 781 330 828 380
122 780 326 827 377
123 778 323 825 373
124 777 319 824 369
125 776 315 823 365
126 776 315 823 365
127 775 312 821 362
128 773 308 820 358
129 772 304 819 355
130 771 301 818 351
131 769 298 816 348
132 769 298 816 348
133 768 294 815 345
134 767 291 814 341
135 766 288 812 338
136 765 284 811 334
137 764 281 810 331
138 764 281 810 331
139 763 278 809 328
140 761 274 808 324
141 760 271 807 321
142 759 268 805 318
143 758 265 804 315
144 758 265 804 315
145 757 262 803 312
146 756 259 802 309
147 755 256 801 306
148 754 253 800 303
149 753 250 799 300
150 753 250 799 300
151 752 248 798 297
152 751 244 797 295
153 750 242 796 292
154 749 239 795 289
155 748 236 794 286
156 748 236 794 286
157 747 233 793 284
158 746 231 792 281
159 745 228 791 278
160 744 225 790 276
161 743 222 789 273
162 743 222 789 273
163 742 220 788 271
164 741 217 787 268
165 740 215 786 265
166 740 212 785 263
167 739 210 784 260
168 739 210 784 260
169 738 207 784 258
170 737 205 782 255
171 736 203 782 253
172 735 200 781 250
173 735 198 780 248
174 735 198 780 248
175 734 195 779 245
176 734 195 780 245
177 735 194 781 244
178 736 193 782 244
179 737 193 783 243
180 737 193 782 243
181 738 192 784 242
182 738 191 784 241
183 739 191 785 241
184 740 190 786 240
185 741 190 786 240
186 741 190 786 240
187 741 189 787 239
188 742 189 788 239
189 743 188 788 238
190 743 188 789 238
191 744 187 790 237
192 744 187 790 237
193 745 187 790 237
194 745 186 791 236
195 746 186 791 236
196 746 185 792 236
197 747 185 792 235
198 747 185 792 235
199 747 185 793 234
200 748 184 793 234
201 748 184 794 234
202 749 184 794 234
203 749 183 795 233
204 749 183 795 233
205 750 183 795 233
206 750 182 796 233
207 751 182 796 232
208 751 182 796 232
209 751 182 796 232
210 751 182 796 232
211 752 182 797 232
212 752 182 797 231
213 752 181 798 231
214 753 181 798 231
215 753 181 798 231
216 753 181 798 231
217 753 181 798 231
218 753 181 799 230
219 753 180 799 230
220 753 180 799 230
221 754 180 799 230
222 754 180 799 230
223 754 180 799 230
224 754 180 799 230
225 754 180 800 230
226 754 180 800 230
227 754 180 800 230
228 754 180 800 230
229 754 180 800 230
230 754 180 800 230
231 754 180 800 230
232 754 180 800 230
233 754 180 800 230
234 754 180 800 230
235 754 180 800 230
236 754 180 800 230
237 754 180 800 230
238 754 180 800 230
239 754 180 800 230
240 754 180 800 230
241 754 180 800 230
242 754 180 800 230
243 754 180 800 230
244 754 180 800 230
245 754 180 800 230
246 754 180 800 230
247 754 180 800 230
248 754 180 800 230
249 754 180 800 230
250 754 180 800 230
251 754 180 800 230
252 754 180 800 230
253 754 180 800 230
254 754 180 800 230
255 754 180 800 230
256 754 180 800 230
257 754 180 800 230
258 754 180 800 230
259 754 180 800 230
260 754 180 800 230
261 754 180 800 230
262 754 180 800 230
