265 -1 -1 -1 -1
0 705 576 824 654
1 705 576 822 656
2 705 576 820 656
3 705 576 820 656
4 705 576 823 656
5 705 575 822 656
6 705 575 817 656
7 705 575 821 656
8 705 575 822 656
9 705 575 822 656
10 705 575 822 656
11 705 575 822 656
12 705 575 819 656
13 705 575 821 656
14 705 575 821 656
15 705 575 821 656
16 705 575 821 656
17 705 575 821 656
18 705 575 821 656
19 705 575 821 656
20 705 575 821 656
21 705 575 821 656
22 705 575 821 656
23 705 575 821 656
24 705 575 821 656
25 705 575 808 654
26 705 575 808 654
27 705 575 808 654
28 705 575 816 656
29 705 575 822 656
30 705 577 822 656
31 705 577 822 656
32 705 576 817 654
33 705 576 817 654
34 705 576 818 654
35 705 576 818 654
36 614 534 733 640
37 613 533 733 638
38 620 535 818 654
39 620 535 818 654
40 625 536 803 646
41 626 535 795 642
42 627 534 831 654
43 631 535 790 638
44 632 534 787 636
45 632 534 787 636
46 634 534 831 646
47 625 529 811 638
48 626 529 808 636
49 630 531 815 636
50 628 530 811 636
51 628 530 811 636
52 628 530 819 636
53 593 510 823 638
54 593 510 860 640
55 595 510 802 642
56 597 510 815 644
57 597 510 815 644
58 599 510 791 646
59 605 512 798 650
60 644 534 799 649
61 644 532 810 650
62 644 530 805 656
63 644 530 805 656
64 611 508 813 648
65 626 518 804 652
66 626 518 808 651
67 598 498 811 647
68 595 496 801 656
69 595 496 801 656
70 627 518 811 656
71 628 518 800 656
72 628 518 801 656
73 609 510 801 656
74 627 525 804 646
75 627 525 804 646
76 653 544 807 646
77 696 568 807 645
78 653 555 801 645
79 655 561 801 653
80 653 565 799 653
81 653 565 799 653
82 646 566 801 654
83 629 566 800 654
84 568 558 806 652
85 461 542 806 652
86 403 534 807 652
87 403 534 807 652
88 621 568 807 654
89 621 568 807 652
90 606 566 809 652
91 671 576 809 652
92 671 576 809 652
93 671 576 809 652
94 671 576 809 652
95 671 576 809 652
96 671 576 809 652
97 671 576 809 652
98 671 576 809 652
99 671 576 809 652
100 609 566 809 652
101 609 566 809 652
102 609 566 809 652
103 609 566 809 652
104 609 566 809 652
105 609 566 809 652
106 609 566 809 652
107 609 566 809 652
108 609 566 809 652
109 609 566 809 652
110 609 566 809 652
111 609 566 809 652
112 400 482 484 548
113 402 477 490 562
114 407 473 497 559
115 413 470 503 556
116 419 466 509 553
117 419 466 509 553
118 425 462 516 549
119 431 458 523 547
120 437 454 530 543
121 443 450 538 540
122 450 446 545 537
123 450 446 545 537
124 456 442 553 534
125 463 438 561 531
126 470 435 568 528
127 476 431 576 524
128 483 427 584 522
129 483 427 584 522
130 489 423 591 518
131 495 419 599 516
132 502 416 607 513
133 508 413 614 511
134 531 410 623 509
135 531 410 623 509
136 521 408 630 508
137 528 406 638 506
138 535 404 646 505
139 543 403 653 505
140 551 402 662 505
141 551 402 662 505
142 560 401 672 506
143 565 401 682 506
144 570 406 649 506
145 575 400 692 506
146 579 399 697 506
147 579 399 697 506
148 584 398 702 504
149 589 395 707 502
150 594 390 712 490
151 599 385 718 486
152 613 378 722 480
153 613 378 722 480
154 608 368 725 477
155 612 356 729 462
156 615 344 732 447
157 618 333 735 439
158 620 323 738 428
159 620 323 738 428
160 623 313 740 418
161 624 301 742 405
162 625 291 744 394
163 626 281 744 386
164 628 271 746 376
165 628 271 746 376
166 629 262 747 370
167 630 254 748 358
168 631 245 749 349
169 633 237 751 342
170 635 230 752 334
171 635 230 752 334
172 636 221 753 324
173 638 214 754 317
174 639 207 754 314
175 640 201 754 304
176 641 195 756 298
177 641 195 756 298
178 642 190 755 290
179 643 184 756 288
180 644 180 757 284
181 646 174 758 279
182 647 170 759 274
183 647 170 759 273
184 648 166 760 268
185 649 161 760 264
186 650 157 760 259
187 749 60 791 108
188 626 484 747 620
189 626 484 747 620
190 659 501 747 615
191 697 541 746 618
192 750 56 794 108
193 751 55 795 107
194 753 54 796 105
195 753 54 796 105
196 754 53 797 104
197 755 52 798 103
198 756 51 799 102
199 757 50 800 101
200 758 48 801 100
201 758 48 801 100
202 759 48 802 99
203 760 46 803 98
204 760 46 804 97
205 761 46 805 97
206 762 46 805 98
207 762 46 805 98
208 763 46 806 99
209 764 48 807 99
210 764 48 808 100
211 765 49 808 100
212 766 49 809 101
213 766 49 809 101
214 766 49 810 101
215 768 50 811 102
216 768 50 811 102
217 768 51 812 103
218 769 51 813 103
219 769 51 813 103
220 769 52 813 104
221 770 52 814 104
222 771 53 814 104
223 771 53 815 105
224 772 53 815 105
225 772 53 815 105
226 772 54 816 105
227 773 54 816 106
228 773 55 817 106
229 774 55 817 107
230 774 55 818 107
231 774 55 818 107
232 775 56 818 107
233 775 56 818 107
234 775 56 819 108
235 776 57 819 108
236 776 57 820 108
237 776 57 820 108
238 777 57 820 109
239 777 57 821 109
240 777 57 821 109
241 778 57 821 109
242 778 58 822 109
243 778 58 822 109
244 778 58 822 109
245 779 58 822 109
246 779 58 822 110
247 779 58 823 110
248 779 58 823 110
249 779 58 823 110
250 779 58 823 110
251 779 58 823 110
252 780 58 823 110
253 780 58 823 110
254 780 58 823 111
255 780 58 823 111
256 780 58 823 111
257 780 58 823 111
258 780 58 823 111
259 780 59 823 111
260 780 59 823 111
261 780 59 823 111
262 780 59 824 111
263 780 59 824 111
264 780 59 824 111
