267 -1 -1 -1 -1
0 823 90 882 166
1 823 90 882 166
2 805 41 882 166
3 805 41 882 166
4 805 41 882 166
5 805 41 882 166
6 805 41 882 166
7 805 41 882 166
8 805 54 882 166
9 805 41 882 166
10 805 55 882 166
11 805 55 882 166
12 805 54 882 166
13 805 54 882 166
14 805 54 882 166
15 805 55 882 166
16 827 94 874 166
17 827 94 874 166
18 829 94 874 166
19 829 96 874 166
20 807 397 861 441
21 942 370 1003 411
22 410 322 453 366
23 410 322 453 366
24 805 398 845 441
25 941 370 1001 411
26 940 370 999 411
27 803 398 843 441
28 939 369 976 411
29 939 369 976 411
30 939 370 974 411
31 801 396 856 441
32 21 386 66 429
33 800 395 856 439
34 938 368 997 410
35 938 368 997 410
36 799 368 855 441
37 22 386 57 429
38 798 395 853 440
39 756 364 809 406
40 796 374 854 440
41 796 374 854 440
42 796 373 853 440
43 603 362 652 405
44 793 377 852 440
45 935 366 995 409
46 797 377 857 442
47 797 377 857 442
48 801 401 862 452
49 809 409 873 471
50 809 409 873 471
51 818 430 885 493
52 818 430 885 493
53 818 430 885 493
54 823 442 892 506
55 837 459 901 510
56 837 459 901 510
57 843 459 912 514
58 851 459 921 513
59 851 459 921 513
60 850 459 922 524
61 843 465 881 523
62 836 457 909 522
63 831 455 903 520
64 825 452 895 517
65 825 452 895 517
66 820 449 891 514
67 815 446 887 511
68 811 443 882 508
69 807 440 878 505
70 803 437 874 502
71 803 437 874 502
72 799 434 871 499
73 796 432 867 496
74 793 430 865 494
75 790 427 862 492
76 787 426 858 490
77 787 426 858 490
78 785 424 856 488
79 783 422 854 487
80 781 420 851 485
81 779 418 850 483
82 777 417 848 481
83 777 417 848 481
84 775 415 846 479
85 834 44 887 123
86 865 266 912 318
87 863 262 909 314
88 860 258 907 311
89 860 258 907 311
90 858 255 904 307
91 855 251 902 304
92 853 248 899 301
93 851 245 897 297
94 848 241 895 294
95 848 241 895 294
96 845 238 892 290
97 843 235 890 287
98 841 232 887 284
99 839 228 885 281
100 837 226 883 278
101 837 226 883 278
102 835 222 881 275
103 833 219 879 272
104 830 216 876 269
105 828 213 874 266
106 826 210 872 262
107 826 210 872 262
108 824 207 870 260
109 822 204 868 257
110 820 201 866 254
111 818 198 863 251
112 816 196 861 248
113 816 196 861 248
114 814 193 860 245
115 812 190 858 243
116 810 188 856 240
117 808 185 854 237
118 806 183 852 234
119 806 183 852 234
120 804 180 850 232
121 802 177 848 229
122 801 174 846 226
123 799 172 844 224
124 797 170 843 221
125 797 170 843 221
126 795 167 841 219
127 793 165 839 216
128 792 162 837 214
129 790 160 835 212
130 788 158 833 209
131 788 158 833 209
132 787 155 832 207
133 785 153 830 205
134 783 150 829 203
135 782 148 827 200
136 780 146 825 198
137 780 146 825 198
138 779 144 824 196
139 777 142 822 193
140 776 140 821 191
141 774 137 819 189
142 773 135 818 187
143 773 135 818 187
144 771 133 816 185
145 770 131 815 183
146 768 129 813 180
147 767 127 812 178
148 765 125 811 176
149 765 125 811 176
150 764 123 809 174
151 763 121 808 172
152 761 119 806 171
153 760 117 805 168
154 759 116 804 167
155 759 116 804 167
156 757 114 802 165
157 756 112 801 163
158 755 110 800 161
159 754 108 798 159
160 752 106 797 158
161 752 106 797 158
162 751 104 796 156
163 750 102 795 154
164 749 101 793 153
165 747 99 792 151
166 746 97 791 149
167 746 97 791 149
168 745 96 790 148
169 744 94 789 146
170 743 92 787 144
171 742 91 787 143
172 741 89 785 141
173 741 89 785 141
174 739 88 784 139
175 739 86 783 138
176 738 85 782 136
177 737 83 781 135
178 735 82 780 133
179 735 82 780 133
180 735 80 779 132
181 733 79 778 130
182 733 77 777 129
183 732 76 776 128
184 731 74 775 126
185 731 74 775 126
186 730 73 774 125
187 729 72 773 124
188 727 70 772 122
189 727 69 771 121
190 726 68 770 120
191 726 68 770 120
192 725 67 769 118
193 724 66 768 117
194 723 64 767 116
195 722 63 766 114
196 721 62 766 113
197 721 62 766 113
198 721 61 765 112
199 720 60 764 111
200 719 58 763 110
201 718 57 762 108
202 717 56 762 107
203 717 56 762 107
204 717 56 761 106
205 716 54 760 105
206 715 54 759 104
207 715 52 758 103
208 714 52 758 102
209 714 52 758 102
210 713 50 757 101
211 712 50 756 100
212 712 48 756 99
213 711 46 755 98
214 710 46 754 97
215 710 46 754 97
216 709 44 753 96
217 709 44 753 96
218 708 42 752 94
219 708 42 751 93
220 707 42 751 93
221 707 42 751 93
222 707 42 750 94
223 706 43 750 94
224 706 44 750 95
225 706 44 748 96
226 705 44 749 96
227 705 44 749 96
228 705 45 749 97
229 705 45 749 97
230 704 46 748 97
231 704 46 748 98
232 704 47 748 98
233 704 47 748 98
234 703 47 747 99
235 703 48 747 99
236 703 48 747 99
237 703 48 746 100
238 702 49 746 100
239 702 49 746 100
240 702 49 746 100
241 702 50 746 100
242 701 50 746 101
243 701 50 745 101
244 701 50 745 102
245 701 50 745 102
246 701 50 745 102
247 701 50 745 102
248 701 51 745 102
249 701 51 744 103
250 700 51 744 103
251 700 51 744 103
252 700 51 744 103
253 700 51 744 103
254 700 52 744 103
255 700 52 744 103
256 700 52 744 103
257 700 52 744 103
258 700 52 744 103
259 699 52 744 104
260 699 52 744 104
261 699 52 744 104
262 699 53 744 104
263 699 53 744 104
264 699 53 743 104
265 699 53 743 104
266 699 53 743 104
