203 -1 -1 -1 -1
0 294 338 354 382
1 294 338 354 382
2 934 473 971 516
3 293 339 359 382
4 293 339 359 382
5 293 340 359 382
6 293 340 359 382
7 293 340 359 382
8 293 338 372 382
9 292 338 372 383
10 292 338 372 383
11 292 339 352 383
12 310 341 352 383
13 310 341 352 383
14 310 341 352 383
15 292 340 357 383
16 292 340 355 383
17 292 340 372 383
18 292 340 339 382
19 292 340 339 382
20 291 340 338 382
21 291 340 338 382
22 291 340 338 382
23 291 340 338 382
24 307 341 352 384
25 307 341 352 384
26 309 342 351 384
27 307 341 351 384
28 307 341 351 384
29 307 341 351 384
30 308 342 351 384
31 308 342 351 384
32 308 342 351 384
33 308 342 351 384
34 308 342 351 384
35 308 342 351 384
36 307 342 357 384
37 307 342 357 384
38 307 342 357 384
39 307 342 357 384
40 290 341 357 384
41 290 341 357 384
42 290 341 357 384
43 290 341 357 384
44 290 341 351 384
45 290 341 351 384
46 290 341 357 384
47 290 341 351 384
48 290 341 351 384
49 290 341 351 384
50 290 341 351 384
51 290 341 351 384
52 290 341 351 384
53 290 341 351 384
54 290 341 351 384
55 290 341 351 384
56 290 341 351 384
57 290 341 351 384
58 290 341 351 384
59 290 341 351 384
60 290 342 356 384
61 290 342 356 384
62 290 341 356 384
63 290 341 356 384
64 337 322 370 382
65 290 342 356 384
66 934 475 965 516
67 934 475 965 516
68 304 342 355 384
69 335 324 369 382
70 289 342 353 385
71 288 342 354 385
72 288 342 353 385
73 288 342 353 385
74 288 342 353 385
75 288 342 353 385
76 287 342 353 385
77 287 341 367 386
78 305 344 353 392
79 305 344 353 392
80 310 348 359 400
81 309 349 365 408
82 309 324 372 416
83 328 372 379 425
84 334 382 387 435
85 334 382 387 435
86 343 392 396 445
87 351 403 405 457
88 360 415 416 469
89 370 428 427 483
90 380 442 440 499
91 380 442 440 499
92 392 459 453 515
93 408 471 468 525
94 422 471 483 525
95 435 472 496 525
96 446 472 507 525
97 446 472 507 525
98 457 472 518 526
99 469 472 529 526
100 480 472 540 526
101 491 472 551 526
102 502 472 563 526
103 502 472 563 526
104 513 473 574 526
105 524 473 585 527
106 535 473 595 527
107 546 473 606 527
108 429 482 478 533
109 429 482 478 533
110 518 40 590 139
111 440 484 489 536
112 445 486 494 537
113 523 40 589 120
114 525 40 588 120
115 525 40 588 120
116 522 40 587 120
117 466 492 515 543
118 513 41 586 138
119 515 45 584 130
120 517 41 592 123
121 517 41 592 123
122 515 40 586 124
123 515 37 594 118
124 520 31 586 106
125 501 501 550 553
126 506 503 555 554
127 506 503 555 554
128 511 504 560 556
129 516 506 565 557
130 520 507 570 558
131 525 508 574 560
132 529 510 579 561
133 529 510 579 561
134 534 511 584 562
135 539 512 588 563
136 544 514 593 565
137 548 515 597 566
138 553 516 602 567
139 553 516 602 567
140 557 517 607 569
141 561 518 611 570
142 563 518 611 570
143 563 518 612 570
144 564 519 613 570
145 564 519 613 570
146 565 519 614 570
147 566 519 615 571
148 566 519 615 571
149 567 519 615 571
150 567 519 616 571
151 567 519 616 571
152 568 519 616 571
153 568 519 617 571
154 569 519 618 571
155 569 519 618 571
156 569 519 618 571
157 569 519 618 571
158 570 519 619 571
159 570 520 619 571
160 570 520 619 571
161 570 520 619 571
162 570 520 619 571
163 570 520 619 571
164 570 519 619 571
165 570 519 619 571
166 570 519 619 571
167 570 519 619 571
168 570 519 619 571
169 570 519 619 571
170 570 519 619 571
171 570 519 619 571
172 570 520 619 571
173 570 520 619 571
174 570 520 619 571
175 570 520 619 571
176 570 520 619 571
177 570 520 619 571
178 570 520 619 572
179 570 520 619 572
180 570 520 619 572
181 570 520 619 572
182 570 520 619 572
183 570 520 619 572
184 570 520 619 572
185 570 520 619 572
186 570 520 619 572
187 570 520 619 572
188 570 520 619 572
189 570 520 619 572
190 570 520 619 572
191 570 520 619 572
192 570 520 619 572
193 570 520 619 572
194 570 520 619 572
195 570 520 619 572
196 570 520 619 572
197 570 520 619 572
198 570 520 619 572
199 570 520 619 572
200 570 520 619 572
201 570 520 619 572
202 570 520 619 572
