313 -1 -1 -1 -1
0 437 287 489 340
1 437 287 489 340
2 437 287 489 340
3 437 287 489 340
4 437 287 489 340
5 437 289 489 340
6 437 289 489 340
7 437 289 489 340
8 437 289 489 340
9 437 289 489 340
10 437 289 489 340
11 437 289 489 340
12 437 289 489 340
13 437 289 489 340
14 437 289 489 340
15 437 289 489 340
16 437 289 489 340
17 437 289 489 340
18 438 289 489 339
19 438 289 489 339
20 438 288 489 339
21 438 288 489 339
22 438 288 489 339
23 438 288 489 339
24 438 288 489 339
25 438 288 489 339
26 438 288 489 339
27 438 288 489 339
28 438 288 489 339
29 438 288 489 339
30 438 289 489 339
31 438 289 489 339
32 438 289 489 339
33 438 289 489 339
34 438 289 489 339
35 438 289 489 339
36 438 289 489 339
37 438 289 489 339
38 438 290 489 339
39 438 290 489 339
40 448 288 500 339
41 461 293 514 347
42 476 298 530 351
43 491 304 547 358
44 508 310 564 364
45 508 310 564 364
46 525 316 583 372
47 544 323 602 378
48 564 329 623 384
49 588 337 642 382
50 608 337 668 393
51 608 337 668 393
52 630 338 691 394
53 652 338 713 394
54 675 338 736 394
55 697 338 759 394
56 721 338 782 394
57 721 338 782 394
58 745 339 807 395
59 770 339 832 395
60 797 339 859 396
61 822 339 886 396
62 852 339 914 397
63 852 339 914 397
64 879 340 944 397
65 909 342 976 399
66 942 344 1008 401
67 975 346 1042 404
68 1009 349 1077 407
69 1009 349 1077 407
70 1044 353 1114 411
71 1080 356 1150 415
72 1117 360 1188 419
73 1153 363 1228 430
74 1193 367 1268 426
75 1193 367 1268 426
76 1247 370 1295 412
77 650 262 689 306
78 650 262 689 307
79 650 262 687 307
80 650 264 687 307
81 650 264 687 307
82 650 264 687 308
83 650 264 687 308
84 651 264 687 308
85 651 264 687 308
86 771 495 820 546
87 771 495 820 546
88 787 513 836 567
89 795 524 845 577
90 804 534 853 588
91 812 545 862 599
92 821 556 871 609
93 821 556 871 609
94 830 567 879 620
95 839 578 888 631
96 847 589 897 641
97 852 580 902 633
98 856 570 906 623
99 856 570 906 623
100 860 562 909 614
101 864 554 914 607
102 868 547 918 599
103 872 540 922 592
104 877 533 926 586
105 877 533 926 586
106 881 526 930 579
107 885 520 934 572
108 889 513 938 566
109 893 506 942 559
110 897 500 946 553
111 897 500 946 553
112 901 494 950 546
113 905 488 954 540
114 909 481 958 534
115 913 475 962 528
116 917 469 965 522
117 917 469 965 522
118 921 463 969 516
119 924 458 973 510
120 928 452 976 504
121 931 446 979 499
122 935 440 983 493
123 935 440 983 493
124 939 434 987 487
125 942 429 990 482
126 941 424 989 476
127 937 419 986 472
128 934 414 983 467
129 934 414 983 467
130 930 410 979 462
131 927 405 975 458
132 924 400 972 453
133 921 396 969 449
134 917 392 965 444
135 917 392 965 444
136 914 387 962 440
137 911 382 959 435
138 908 378 957 431
139 905 374 953 427
140 902 370 950 422
141 902 370 950 422
142 899 366 947 418
143 897 361 944 414
144 894 357 941 410
145 891 354 938 406
146 888 350 935 402
147 888 350 935 402
148 885 346 933 398
149 883 342 930 394
150 880 338 927 390
151 877 334 924 386
152 875 330 921 382
153 875 330 921 382
154 872 326 919 378
155 869 322 916 375
156 867 319 913 371
157 864 315 911 367
158 862 312 909 364
159 862 312 909 364
160 859 308 906 360
161 857 304 904 357
162 855 301 901 353
163 852 298 899 350
164 850 294 897 346
165 850 294 897 346
166 847 291 894 343
167 845 288 892 340
168 843 284 890 336
169 841 281 887 333
170 839 278 885 330
171 839 278 885 330
172 837 274 883 327
173 835 272 881 324
174 832 268 879 321
175 830 265 877 317
176 828 262 875 315
177 828 262 875 315
178 826 260 873 312
179 824 256 870 309
180 822 254 868 305
181 820 250 866 303
182 818 248 864 300
183 818 248 864 300
184 816 245 862 297
185 814 242 860 294
186 813 240 858 292
187 811 237 857 289
188 809 234 855 286
189 809 234 855 286
190 807 232 853 284
191 805 229 851 281
192 804 226 850 279
193 802 224 848 276
194 800 221 846 273
195 800 221 846 273
196 799 218 844 271
197 797 216 842 268
198 795 213 841 266
199 793 211 839 263
200 792 209 837 261
201 792 209 837 261
202 791 206 836 259
203 789 204 834 256
204 787 202 833 254
205 786 199 831 252
206 784 197 830 249
207 784 197 830 249
208 783 195 828 247
209 781 192 827 245
210 780 190 825 242
211 778 188 824 240
212 777 186 822 238
213 777 186 822 238
214 775 184 821 235
215 774 182 819 234
216 773 179 818 231
217 771 177 817 230
218 770 175 815 228
219 770 175 815 228
220 769 173 814 226
221 767 171 813 224
222 766 169 811 221
223 765 168 810 219
224 764 166 809 217
225 764 166 809 217
226 762 164 808 216
227 761 162 806 214
228 760 160 805 212
229 759 158 804 210
230 758 156 803 208
231 758 156 803 208
232 757 154 801 207
233 755 153 800 205
234 754 151 799 203
235 753 150 798 201
236 752 147 797 199
237 752 147 797 199
238 751 146 795 198
239 749 144 794 196
240 749 143 793 195
241 747 141 792 193
242 747 140 791 191
243 747 140 791 191
244 745 138 790 190
245 744 136 789 188
246 743 135 788 187
247 742 133 787 185
248 741 132 786 184
249 741 132 786 184
250 740 130 785 182
251 739 129 784 181
252 738 127 783 179
253 737 126 782 178
254 736 124 781 176
255 736 124 781 176
256 735 123 780 175
257 735 122 779 174
258 734 121 778 173
259 733 119 777 171
260 732 118 776 170
261 732 118 776 170
262 731 117 775 169
263 730 115 775 167
264 729 114 774 166
265 729 113 773 165
266 728 112 772 163
267 728 112 772 163
268 727 110 771 162
269 726 109 771 161
270 725 108 770 160
271 725 107 769 159
272 724 106 768 158
273 724 106 768 158
274 723 105 767 157
275 722 104 767 155
276 722 103 766 154
277 721 102 765 153
278 720 100 764 152
279 720 100 764 152
280 719 99 764 151
281 719 98 763 150
282 718 97 762 149
283 718 96 762 148
284 717 95 761 147
285 717 95 761 147
286 717 94 761 146
287 716 94 760 145
288 715 93 759 145
289 714 92 759 144
290 714 91 758 143
291 714 91 758 143
292 713 90 758 142
293 713 89 757 141
294 712 88 757 140
295 711 87 756 139
296 711 87 755 138
297 711 87 755 138
298 711 86 755 138
299 710 85 754 137
300 709 85 754 136
301 709 84 753 135
302 708 83 753 135
303 708 83 753 135
304 708 82 752 134
305 708 82 752 133
306 707 81 751 132
307 707 80 751 132
308 706 80 750 131
309 706 80 750 131
310 706 79 750 131
311 705 78 750 130
312 705 78 749 129
