93 -1 -1 -1 -1
0 624 330 676 376
1 624 330 676 376
2 624 330 676 376
3 624 330 676 376
4 624 330 676 376
5 624 330 676 376
6 624 330 675 375
7 624 330 675 375
8 624 330 675 375
9 624 330 675 375
10 624 330 675 375
11 627 332 679 378
12 632 332 683 381
13 632 332 683 381
14 637 337 687 386
15 640 342 695 391
16 645 346 698 393
17 650 350 701 396
18 652 351 710 400
19 652 351 710 400
20 656 351 713 400
21 659 350 716 400
22 663 350 720 400
23 666 349 723 399
24 668 349 726 399
25 668 349 726 399
26 671 348 729 398
27 674 348 732 398
28 677 347 735 397
29 680 346 738 396
30 682 345 740 394
31 682 345 740 394
32 685 344 743 394
33 688 343 745 392
34 691 343 748 391
35 694 342 751 391
36 696 342 753 391
37 696 342 753 391
38 699 342 755 391
39 701 343 758 391
40 704 343 761 392
41 708 344 764 392
42 711 344 765 392
43 711 344 765 392
44 714 344 770 392
45 716 344 772 392
46 718 346 776 393
47 720 346 778 393
48 722 346 780 394
49 722 346 780 394
50 725 346 783 393
51 727 346 785 393
52 729 346 787 394
53 731 346 789 394
54 737 346 790 394
55 737 346 790 394
56 739 346 792 395
57 741 346 794 397
58 737 347 796 397
59 738 347 797 397
60 740 347 798 397
61 740 347 798 397
62 737 425 785 475
63 737 425 786 475
64 738 425 786 475
65 739 425 787 475
66 740 425 788 475
67 740 425 788 475
68 741 425 789 475
69 741 425 789 475
70 742 425 790 475
71 742 425 790 475
72 743 425 791 475
73 743 425 791 475
74 743 425 791 475
75 744 425 792 475
76 744 425 792 475
77 744 425 792 475
78 744 425 792 475
79 744 425 792 475
80 745 425 793 475
81 745 425 793 475
82 745 425 793 475
83 745 424 793 475
84 745 424 793 475
85 745 424 793 475
86 745 424 793 475
87 745 424 793 475
88 745 424 793 475
89 745 424 793 475
90 745 424 793 474
91 745 424 793 474
92 745 424 793 474
