176 -1 -1 -1 -1
0 1031 82 1067 140
1 1031 82 1067 138
2 1031 82 1067 138
3 1031 82 1065 135
4 1031 82 1065 135
5 217 222 260 264
6 1031 83 1065 136
7 1031 83 1065 136
8 1031 83 1065 136
9 1031 84 1065 136
10 1031 84 1065 136
11 1031 84 1065 136
12 167 218 248 270
13 167 218 248 270
14 167 218 248 270
15 167 218 248 270
16 167 218 248 270
17 167 218 248 270
18 167 218 248 270
19 167 218 248 270
20 167 218 248 270
21 167 218 248 270
22 167 218 248 270
23 167 218 248 270
24 167 218 248 270
25 167 218 248 270
26 167 218 248 270
27 167 218 248 270
28 167 218 248 270
29 157 218 248 270
30 161 214 240 272
31 161 214 240 272
32 161 214 240 272
33 161 214 240 272
34 161 214 240 272
35 161 214 240 272
36 161 214 240 272
37 161 214 240 272
38 161 214 240 272
39 161 214 240 272
40 161 214 240 272
41 161 214 240 272
42 161 214 240 272
43 161 214 240 272
44 161 214 240 272
45 161 214 240 272
46 161 214 240 272
47 161 214 240 272
48 161 214 240 272
49 161 214 240 272
50 161 214 240 272
51 161 214 240 272
52 161 214 240 272
53 161 214 240 272
54 161 214 240 272
55 161 214 240 272
56 161 214 240 272
57 161 214 240 272
58 161 214 240 272
59 161 214 240 272
60 586 330 634 381
61 584 327 631 377
62 584 327 631 377
63 582 324 629 375
64 580 322 627 371
65 578 318 625 369
66 576 316 623 366
67 574 313 621 363
68 574 313 621 363
69 572 310 619 360
70 570 308 617 357
71 568 305 615 355
72 566 302 613 352
73 564 300 611 349
74 564 300 611 349
75 562 297 609 347
76 561 294 607 344
77 559 292 605 342
78 557 289 603 339
79 555 287 602 337
80 555 287 602 337
81 554 284 600 334
82 552 282 598 332
83 550 279 596 329
84 549 277 595 327
85 547 275 593 325
86 547 275 593 325
87 545 272 591 322
88 543 270 589 320
89 541 268 588 318
90 540 266 586 315
91 538 263 585 313
92 538 263 585 313
93 537 261 583 311
94 535 259 581 309
95 533 257 580 306
96 532 255 578 305
97 530 253 576 303
98 530 253 576 303
99 529 251 575 301
100 527 249 574 299
101 526 247 572 297
102 524 244 571 295
103 523 243 569 293
104 523 243 569 293
105 522 240 568 291
106 521 238 566 289
107 519 237 565 287
108 517 235 563 285
109 516 233 562 283
110 516 233 562 283
111 515 231 561 281
112 514 229 559 279
113 512 228 558 277
114 511 226 557 276
115 510 224 555 274
116 510 224 555 274
117 508 223 554 273
118 507 221 553 271
119 506 219 552 269
120 505 217 551 267
121 504 216 549 266
122 504 216 549 266
123 503 214 548 264
124 502 212 547 263
125 501 211 546 261
126 500 210 545 260
127 499 208 544 258
128 499 208 544 258
129 498 206 543 257
130 497 205 542 255
131 496 204 541 254
132 495 202 540 252
133 494 201 539 251
134 494 201 539 251
135 493 200 538 250
136 492 198 537 248
137 491 197 536 247
138 490 196 535 246
139 489 194 534 245
140 489 194 534 245
141 488 193 533 243
142 487 192 533 242
143 486 190 532 241
144 486 189 531 239
145 485 188 530 238
146 485 188 530 238
147 484 187 529 237
148 483 186 528 236
149 482 184 527 234
150 482 183 527 233
151 481 182 526 231
152 481 182 526 231
153 480 181 525 231
154 479 180 524 229
155 479 179 524 228
156 478 178 523 227
157 477 177 522 226
158 477 177 522 226
159 476 176 521 225
160 476 175 521 225
161 475 174 520 223
162 474 173 519 223
163 474 172 519 221
164 474 172 519 221
165 473 171 518 221
166 472 170 518 220
167 472 169 517 219
168 471 168 517 219
169 471 168 516 217
170 471 168 516 217
171 470 167 516 217
172 470 166 515 216
173 469 165 515 215
174 469 164 514 214
175 468 164 513 213
