128 -1 -1 -1 -1
0 427 158 482 229
1 427 158 482 226
2 427 158 483 226
3 427 158 483 226
4 427 158 483 226
5 427 158 483 226
6 427 160 482 228
7 427 160 482 228
8 536 316 587 360
9 536 316 587 360
10 427 160 482 226
11 427 160 482 230
12 427 160 484 229
13 427 158 484 229
14 427 160 483 229
15 427 160 483 229
16 427 160 483 229
17 427 160 483 229
18 584 335 638 384
19 592 335 645 384
20 425 158 482 229
21 425 158 482 229
22 606 335 658 383
23 612 335 665 384
24 618 336 672 385
25 624 336 678 386
26 631 336 684 385
27 631 336 684 385
28 638 336 692 385
29 644 336 698 386
30 649 336 704 386
31 655 337 710 387
32 662 337 716 387
33 662 337 716 387
34 668 337 723 387
35 674 337 729 388
36 680 337 735 388
37 686 337 741 388
38 692 337 747 388
39 692 337 747 388
40 698 337 752 388
41 704 337 758 389
42 710 338 764 389
43 716 338 770 389
44 722 339 776 390
45 722 339 776 390
46 728 339 782 390
47 733 339 788 390
48 739 339 793 390
49 744 340 799 391
50 750 340 804 391
51 750 340 804 391
52 755 341 810 392
53 760 341 815 392
54 766 342 821 392
55 771 342 826 393
56 776 342 832 394
57 776 342 832 394
58 781 343 836 394
59 713 464 760 513
60 714 466 762 515
61 716 467 764 516
62 718 468 766 517
63 718 468 766 517
64 720 470 768 519
65 722 470 770 519
66 724 472 772 521
67 725 473 774 522
68 727 474 775 524
69 727 474 775 524
70 729 475 777 525
71 731 477 779 526
72 733 478 781 527
73 735 479 782 528
74 736 480 784 529
75 736 480 784 529
76 737 481 786 531
77 739 482 787 531
78 741 483 789 532
79 742 484 791 533
80 744 485 792 534
81 744 485 792 534
82 745 486 794 535
83 747 487 795 536
84 748 488 797 537
85 749 489 798 538
86 751 490 800 539
87 751 490 800 539
88 752 491 801 540
89 753 492 802 541
90 755 493 803 542
91 756 494 805 543
92 757 494 806 544
93 757 494 806 544
94 759 495 807 545
95 760 496 808 546
96 761 497 810 546
97 762 497 811 547
98 763 498 812 548
99 763 498 812 548
100 765 499 813 548
101 765 500 814 549
102 766 500 815 549
103 767 501 816 551
104 769 502 817 551
105 769 502 817 551
106 769 502 818 552
107 770 503 819 552
108 771 504 820 553
109 772 504 821 553
110 773 504 821 554
111 773 504 821 554
112 773 505 822 555
113 774 505 823 555
114 775 506 824 555
115 776 506 824 556
116 777 507 825 556
117 777 507 825 556
118 777 507 826 557
119 778 508 826 557
120 778 508 827 558
121 779 509 828 558
122 779 509 828 558
123 779 509 828 558
124 780 509 829 559
125 780 510 829 559
126 781 510 830 559
127 781 510 830 560
