177 -1 -1 -1 -1
0 631 268 652 289
1 632 269 652 289
2 632 268 652 288
3 631 268 651 288
4 632 269 652 289
5 632 269 652 289
6 632 269 652 289
7 632 269 652 289
8 632 268 652 288
9 633 269 653 289
10 632 268 652 288
11 633 269 653 289
12 633 269 653 289
13 632 269 652 289
14 632 269 652 289
15 633 269 653 289
16 632 268 652 288
17 633 268 653 288
18 632 268 652 288
19 631 268 651 288
20 623 269 643 289
21 612 270 632 290
22 602 270 622 290
23 593 271 613 291
24 584 270 604 290
25 581 269 601 289
26 573 270 593 290
27 564 270 584 290
28 554 270 574 290
29 545 270 565 290
30 537 270 557 290
31 536 270 556 290
32 528 270 548 290
33 519 270 539 290
34 508 269 528 289
35 500 269 520 289
36 491 269 511 289
37 490 269 510 289
38 484 269 504 289
39 475 269 495 289
40 466 269 486 289
41 457 269 477 289
42 448 269 468 289
43 447 269 467 289
44 442 268 462 288
45 432 268 452 288
46 423 268 443 288
47 415 268 435 288
48 406 268 426 288
49 405 268 425 288
50 398 268 418 288
51 390 268 410 288
52 381 268 401 288
53 373 268 393 288
54 363 268 383 288
55 361 267 381 287
56 356 268 376 288
57 348 268 368 288
58 340 268 360 288
59 330 266 350 286
60 322 265 342 285
61 322 265 342 285
62 317 267 337 287
63 308 269 328 289
64 305 270 325 290
65 305 270 325 290
66 308 268 328 288
67 310 265 330 285
68 311 264 331 284
69 311 265 331 285
70 310 266 330 286
71 309 267 329 287
72 309 268 329 288
73 309 267 329 287
74 309 266 329 286
75 309 266 329 286
76 309 265 329 285
77 309 265 329 285
78 309 265 329 285
79 309 266 329 286
80 309 267 329 287
81 308 267 328 287
82 308 267 328 287
83 309 267 329 287
84 309 266 329 286
85 309 265 329 285
86 308 265 328 285
87 308 266 328 286
88 308 266 328 286
89 308 266 328 286
90 308 266 328 286
91 308 266 328 286
92 308 266 328 286
93 308 266 328 286
94 308 266 328 286
95 308 266 328 286
96 308 267 328 287
97 308 267 328 287
98 308 266 328 286
99 308 266 328 286
100 308 265 328 285
101 308 265 328 285
102 308 265 328 285
103 309 265 329 285
104 309 266 329 286
105 309 267 329 287
106 309 267 329 287
107 309 266 329 286
108 308 265 328 285
109 308 265 328 285
110 308 266 328 286
111 309 267 329 287
112 309 267 329 287
113 309 267 329 287
114 308 267 328 287
115 308 267 328 287
116 308 266 328 286
117 308 265 328 285
118 308 265 328 285
119 307 266 327 286
120 307 267 327 287
121 307 267 327 287
122 307 267 327 287
123 307 267 327 287
124 308 267 328 287
125 308 267 328 287
126 307 266 327 286
127 307 265 327 285
128 307 266 327 286
129 307 267 327 287
130 307 268 327 288
131 307 268 327 288
132 307 268 327 288
133 307 267 327 287
134 308 266 328 286
135 309 265 329 285
136 309 265 329 285
137 309 265 329 285
138 308 265 328 285
139 308 266 328 286
140 308 267 328 287
141 309 267 329 287
142 309 266 329 286
143 309 266 329 286
144 308 266 328 286
145 307 266 327 286
146 307 266 327 286
147 307 266 327 286
148 308 266 328 286
149 308 267 328 287
150 309 267 329 287
151 309 268 329 288
152 309 268 329 288
153 309 268 329 288
154 310 267 330 287
155 309 267 329 287
156 309 267 329 287
157 309 267 329 287
158 310 267 330 287
159 310 267 330 287
160 310 267 330 287
161 310 267 330 287
162 310 266 330 286
163 310 265 330 285
164 310 264 330 284
165 310 265 330 285
166 309 266 329 286
167 309 267 329 287
168 310 266 330 286
169 311 265 331 285
170 311 264 331 284
171 311 264 331 284
172 310 264 330 284
173 309 264 329 284
174 309 265 329 285
175 309 266 329 286
