177 -1 -1 -1 -1
0 735 212 756 233
1 737 212 757 232
2 737 213 757 233
3 736 212 756 232
4 737 212 757 232
5 737 212 757 232
6 737 212 757 232
7 736 212 756 232
8 737 212 757 232
9 735 213 755 233
10 737 212 757 232
11 737 212 757 232
12 735 214 755 234
13 735 214 755 234
14 725 223 745 243
15 706 236 726 256
16 689 246 709 266
17 673 257 693 277
18 656 268 676 288
19 653 269 673 289
20 649 277 669 297
21 645 288 665 308
22 644 299 664 319
23 642 308 662 328
24 640 317 660 337
25 640 318 660 338
26 639 325 659 345
27 637 333 657 353
28 636 341 656 361
29 636 348 656 368
30 634 355 654 375
31 634 355 654 375
32 634 361 654 381
33 634 368 654 388
34 634 375 654 395
35 634 381 654 401
36 633 389 653 409
37 634 389 654 409
38 634 395 654 415
39 633 400 653 420
40 633 402 653 422
41 633 404 653 424
42 634 406 654 426
43 634 408 654 428
44 634 410 654 430
45 633 412 653 432
46 633 413 653 433
47 632 416 652 436
48 632 419 652 439
49 632 420 652 440
50 632 421 652 441
51 633 422 653 442
52 635 423 655 443
53 637 424 657 444
54 639 426 659 446
55 639 427 659 447
56 640 428 660 448
57 641 430 661 450
58 641 431 661 451
59 641 432 661 452
60 642 435 662 455
61 643 436 663 456
62 643 436 663 456
63 644 438 664 458
64 646 439 666 459
65 646 441 666 461
66 647 441 667 461
67 648 441 668 461
68 648 441 668 461
69 647 441 667 461
70 646 442 666 462
71 646 443 666 463
72 647 444 667 464
73 647 444 667 464
74 647 444 667 464
75 648 444 668 464
76 649 444 669 464
77 651 444 671 464
78 652 445 672 465
79 652 445 672 465
80 653 444 673 464
81 654 444 674 464
82 655 444 675 464
83 656 444 676 464
84 657 444 677 464
85 658 445 678 465
86 658 445 678 465
87 659 445 679 465
88 660 444 680 464
89 660 444 680 464
90 661 444 681 464
91 662 444 682 464
92 662 444 682 464
93 663 444 683 464
94 663 444 683 464
95 664 444 684 464
96 665 444 685 464
97 665 444 685 464
98 665 444 685 464
99 665 444 685 464
100 665 444 685 464
101 666 444 686 464
102 666 444 686 464
103 667 444 687 464
104 667 444 687 464
105 667 444 687 464
106 667 444 687 464
107 667 444 687 464
108 667 444 687 464
109 667 444 687 464
110 667 444 687 464
111 667 443 687 463
112 666 443 686 463
113 666 444 686 464
114 667 444 687 464
115 667 444 687 464
116 666 444 686 464
117 666 444 686 464
118 667 444 687 464
119 667 444 687 464
120 667 444 687 464
121 667 443 687 463
122 667 443 687 463
123 667 443 687 463
124 667 443 687 463
125 667 443 687 463
126 667 444 687 464
127 667 444 687 464
128 666 444 686 464
129 667 443 687 463
130 667 443 687 463
131 667 443 687 463
132 667 443 687 463
133 667 444 687 464
134 667 444 687 464
135 667 444 687 464
136 666 444 686 464
137 666 444 686 464
138 666 444 686 464
139 666 444 686 464
140 667 443 687 463
141 667 443 687 463
142 667 443 687 463
143 667 444 687 464
144 666 444 686 464
145 666 444 686 464
146 667 443 687 463
147 667 443 687 463
148 667 443 687 463
149 666 444 686 464
150 666 445 686 465
151 666 445 686 465
152 666 445 686 465
153 666 445 686 465
154 666 444 686 464
155 666 444 686 464
156 666 444 686 464
157 666 444 686 464
158 666 444 686 464
159 666 445 686 465
160 666 445 686 465
161 666 445 686 465
162 667 445 687 465
163 667 445 687 465
164 666 444 686 464
165 666 444 686 464
166 667 444 687 464
167 667 444 687 464
168 666 444 686 464
169 666 444 686 464
170 667 444 687 464
171 667 444 687 464
172 666 445 686 465
173 666 445 686 465
174 666 445 686 465
175 666 444 686 464
