231 -1 -1 -1 -1
0 282 516 305 539
1 283 517 305 539
2 283 517 305 539
3 282 517 304 539
4 283 517 305 539
5 283 517 305 539
6 283 517 305 539
7 284 517 306 539
8 286 514 308 536
9 292 502 314 524
10 301 490 323 512
11 307 478 329 500
12 308 476 330 498
13 312 469 334 491
14 319 459 341 481
15 327 448 349 470
16 333 438 355 460
17 339 430 361 452
18 340 428 362 450
19 344 421 366 443
20 350 412 372 434
21 356 403 378 425
22 362 394 384 416
23 367 386 389 408
24 368 385 390 407
25 371 379 393 401
26 377 369 399 391
27 383 361 405 383
28 388 353 410 375
29 393 345 415 367
30 394 344 416 366
31 398 338 420 360
32 402 330 424 352
33 408 322 430 344
34 413 314 435 336
35 418 307 440 329
36 419 306 441 328
37 422 301 444 323
38 426 293 448 315
39 431 285 453 307
40 435 278 457 300
41 440 271 462 293
42 441 269 463 291
43 444 265 466 287
44 448 259 470 281
45 452 252 474 274
46 456 245 478 267
47 461 238 483 260
48 462 236 484 258
49 465 232 487 254
50 469 226 491 248
51 473 219 495 241
52 477 213 499 235
53 481 206 503 228
54 482 204 504 226
55 484 200 506 222
56 488 194 510 216
57 492 188 514 210
58 496 181 518 203
59 500 175 522 197
60 501 174 523 196
61 503 171 525 193
62 506 165 528 187
63 510 159 532 181
64 515 153 537 175
65 519 147 541 169
66 520 145 542 167
67 522 142 544 164
68 526 137 548 159
69 529 133 551 155
70 529 131 551 153
71 528 129 550 151
72 527 129 549 151
73 525 128 547 150
74 522 127 544 149
75 520 126 542 148
76 519 125 541 147
77 517 124 539 146
78 517 123 539 145
79 517 122 539 144
80 516 120 538 142
81 514 118 536 140
82 512 117 534 139
83 510 116 532 138
84 509 116 531 138
85 509 115 531 137
86 508 114 530 136
87 506 112 528 134
88 505 110 527 132
89 503 108 525 130
90 503 108 525 130
91 502 107 524 129
92 501 105 523 127
93 500 102 522 124
94 499 100 521 122
95 497 98 519 120
96 497 98 519 120
97 497 97 519 119
98 496 96 518 118
99 494 94 516 116
100 492 93 514 115
101 491 92 513 114
102 492 92 514 114
103 491 90 513 112
104 490 89 512 111
105 489 88 511 110
106 488 87 510 109
107 486 85 508 107
108 486 85 508 107
109 485 84 507 106
110 484 83 506 105
111 483 82 505 104
112 482 81 504 103
113 482 80 504 102
114 482 79 504 101
115 481 79 503 101
116 480 78 502 100
117 478 76 500 98
118 477 74 499 96
119 476 73 498 95
120 476 73 498 95
121 476 73 498 95
122 475 72 497 94
123 474 71 496 93
124 474 70 496 92
125 474 69 496 91
126 473 68 495 90
127 472 67 494 89
128 472 66 494 88
129 471 65 493 87
130 470 64 492 86
131 469 63 491 85
132 469 63 491 85
133 469 63 491 85
134 468 62 490 84
135 467 61 489 83
136 466 59 488 81
137 466 57 488 79
138 466 56 488 78
139 465 56 487 78
140 465 56 487 78
141 464 55 486 77
142 463 53 485 75
143 462 52 484 74
144 462 52 484 74
145 462 52 484 74
146 462 52 484 74
147 461 51 483 73
148 460 50 482 72
149 460 49 482 71
150 460 49 482 71
151 460 49 482 71
152 459 48 481 70
153 458 46 480 68
154 457 46 479 68
155 457 46 479 68
156 457 45 479 67
157 457 45 479 67
158 457 44 479 66
159 456 43 478 65
160 455 44 477 66
161 455 44 477 66
162 455 43 477 65
163 455 43 477 65
164 455 42 477 64
165 454 42 476 64
166 453 41 475 63
167 453 41 475 63
168 454 41 476 63
169 454 40 476 62
170 453 40 475 62
171 453 40 475 62
172 452 39 474 61
173 452 39 474 61
174 452 39 474 61
175 452 39 474 61
176 451 38 473 60
177 451 39 473 61
178 452 39 474 61
179 453 38 475 60
180 453 38 475 60
181 453 38 475 60
182 452 38 474 60
183 452 38 474 60
184 452 38 474 60
185 452 38 474 60
186 452 38 474 60
187 451 38 473 60
188 450 39 472 61
189 450 39 472 61
190 449 39 471 61
191 449 39 471 61
192 450 39 472 61
193 450 39 472 61
194 450 39 472 61
195 449 38 471 60
196 449 38 471 60
197 449 38 471 60
198 450 39 472 61
199 450 39 472 61
200 450 39 472 61
201 450 39 472 61
202 449 39 471 61
203 449 39 471 61
204 449 38 471 60
205 450 38 472 60
206 450 38 472 60
207 450 39 472 61
208 450 39 472 61
209 449 38 471 60
210 449 37 471 59
211 449 37 471 59
212 449 38 471 60
213 449 38 471 60
214 449 38 471 60
215 449 37 471 59
216 449 37 471 59
217 449 38 471 60
218 449 38 471 60
219 448 38 470 60
220 448 38 470 60
221 448 38 470 60
222 449 38 471 60
223 449 38 471 60
224 448 38 470 60
225 449 38 471 60
226 449 38 471 60
227 449 38 471 60
228 449 38 471 60
229 448 38 470 60
