231 -1 -1 -1 -1
0 539 125 557 143
1 538 126 555 143
2 538 126 555 143
3 537 126 554 143
4 538 126 555 143
5 538 126 555 143
6 538 126 555 143
7 538 126 555 143
8 539 126 556 143
9 539 126 556 143
10 540 126 557 143
11 539 126 556 143
12 539 126 556 143
13 539 126 556 143
14 539 126 556 143
15 539 126 556 143
16 539 126 556 143
17 538 126 555 143
18 538 126 555 143
19 539 126 556 143
20 538 126 555 143
21 537 126 554 143
22 538 126 555 143
23 538 126 555 143
24 538 126 555 143
25 538 126 555 143
26 537 126 554 143
27 538 126 555 143
28 538 126 555 143
29 538 126 555 143
30 538 126 555 143
31 537 126 554 143
32 537 126 554 143
33 537 126 554 143
34 538 126 555 143
35 537 126 554 143
36 538 126 555 143
37 537 126 554 143
38 537 126 554 143
39 537 126 554 143
40 537 126 554 143
41 537 126 554 143
42 537 126 554 143
43 538 126 555 143
44 537 126 554 143
45 538 126 555 143
46 538 126 555 143
47 537 126 554 143
48 537 126 554 143
49 537 126 554 143
50 537 126 554 143
51 537 126 554 143
52 537 126 554 143
53 537 126 554 143
54 538 126 555 143
55 538 127 555 144
56 538 127 555 144
57 538 127 555 144
58 537 126 554 143
59 538 127 555 144
60 538 127 555 144
61 539 127 556 144
62 539 127 556 144
63 539 127 556 144
64 539 127 556 144
65 539 127 556 144
66 539 127 556 144
67 538 127 555 144
68 541 126 558 143
69 543 127 560 144
70 545 124 562 141
71 548 121 565 138
72 549 120 566 137
73 554 117 571 134
74 559 113 576 130
75 563 110 580 127
76 567 107 584 124
77 571 105 588 122
78 572 104 589 121
79 575 102 592 119
80 577 100 594 117
81 581 96 598 113
82 585 93 602 110
83 588 91 605 108
84 589 91 606 108
85 591 89 608 106
86 595 86 612 103
87 599 83 616 100
88 602 80 619 97
89 606 78 623 95
90 606 78 623 95
91 609 75 626 92
92 613 73 630 90
93 616 70 633 87
94 620 68 637 85
95 623 65 640 82
96 624 65 641 82
97 625 64 642 81
98 629 61 646 78
99 633 58 650 75
100 637 56 654 73
101 640 54 657 71
102 640 54 657 71
103 640 52 657 69
104 643 50 660 67
105 646 48 663 65
106 650 47 667 64
107 652 47 669 64
108 652 47 669 64
109 654 48 671 65
110 656 49 673 66
111 659 50 676 67
112 661 52 678 69
113 663 53 680 70
114 664 52 681 69
115 665 54 682 71
116 666 55 683 72
117 668 56 685 73
118 671 57 688 74
119 673 57 690 74
120 672 57 689 74
121 675 58 692 75
122 678 59 695 76
123 680 60 697 77
124 683 61 700 78
125 684 63 701 80
126 684 63 701 80
127 687 64 704 81
128 689 65 706 82
129 690 66 707 83
130 692 66 709 83
131 694 68 711 85
132 693 68 710 85
133 695 69 712 86
134 697 70 714 87
135 700 71 717 88
136 701 72 718 89
137 703 73 720 90
138 704 73 721 90
139 705 75 722 92
140 706 75 723 92
141 709 76 726 93
142 710 77 727 94
143 711 78 728 95
144 712 79 729 96
145 713 80 730 97
146 714 80 731 97
147 716 81 733 98
148 718 82 735 99
149 719 83 736 100
150 720 83 737 100
151 721 83 738 100
152 723 84 740 101
153 725 85 742 102
154 727 86 744 103
155 728 87 745 104
156 728 87 745 104
157 728 88 745 105
158 731 88 748 105
159 734 90 751 107
160 734 91 751 108
161 736 91 753 108
162 736 91 753 108
163 737 91 754 108
164 738 92 755 109
165 739 93 756 110
166 740 94 757 111
167 741 95 758 112
168 742 95 759 112
169 744 96 761 113
170 745 97 762 114
171 746 97 763 114
172 748 97 765 114
173 749 98 766 115
174 749 98 766 115
175 750 99 767 116
176 752 99 769 116
177 752 100 769 117
178 754 101 771 118
179 755 101 772 118
180 754 101 771 118
181 755 102 772 119
182 757 103 774 120
183 757 103 774 120
184 759 104 776 121
185 760 105 777 122
186 760 105 777 122
187 760 105 777 122
188 761 105 778 122
189 763 106 780 123
190 764 107 781 124
191 765 107 782 124
192 765 107 782 124
193 766 107 783 124
194 767 107 784 124
195 768 108 785 125
196 769 108 786 125
197 770 109 787 126
198 770 109 787 126
199 770 109 787 126
200 770 110 787 127
201 772 111 789 128
202 772 111 789 128
203 773 111 790 128
204 773 111 790 128
205 773 112 790 129
206 774 111 791 128
207 776 112 793 129
208 776 111 793 128
209 776 112 793 129
210 776 112 793 129
211 776 112 793 129
212 777 113 794 130
213 778 113 795 130
214 779 113 796 130
215 779 113 796 130
216 779 113 796 130
217 780 114 797 131
218 780 114 797 131
219 781 114 798 131
220 782 114 799 131
221 782 114 799 131
222 781 114 798 131
223 781 114 798 131
224 782 115 799 132
225 782 115 799 132
226 783 115 800 132
227 783 115 800 132
228 783 116 800 133
229 784 115 801 132
