328 -1 -1 -1 -1
0 545 319 564 338
1 545 319 563 337
2 546 320 564 338
3 545 320 563 338
4 546 320 564 338
5 545 320 563 338
6 544 320 562 338
7 545 320 563 338
8 545 320 563 338
9 546 320 564 338
10 545 320 563 338
11 545 320 563 338
12 545 320 563 338
13 545 320 563 338
14 545 320 563 338
15 545 320 563 338
16 545 320 563 338
17 546 320 564 338
18 545 320 563 338
19 545 320 563 338
20 545 320 563 338
21 545 320 563 338
22 545 319 563 337
23 545 320 563 338
24 545 320 563 338
25 545 320 563 338
26 545 320 563 338
27 545 320 563 338
28 545 320 563 338
29 546 319 564 337
30 545 320 563 338
31 545 319 563 337
32 545 320 563 338
33 545 320 563 338
34 545 320 563 338
35 546 320 564 338
36 545 320 563 338
37 545 320 563 338
38 545 320 563 338
39 545 320 563 338
40 546 320 564 338
41 546 320 564 338
42 549 321 567 339
43 558 323 576 341
44 569 325 587 343
45 571 325 589 343
46 577 327 595 345
47 586 328 604 346
48 594 330 612 348
49 601 332 619 350
50 608 334 626 352
51 609 334 627 352
52 614 335 632 353
53 623 336 641 354
54 630 338 648 356
55 637 339 655 357
56 646 340 664 358
57 647 340 665 358
58 652 342 670 360
59 660 344 678 362
60 668 345 686 363
61 676 346 694 364
62 681 348 699 366
63 682 349 700 367
64 688 349 706 367
65 696 351 714 369
66 704 352 722 370
67 711 353 729 371
68 718 355 736 373
69 719 355 737 373
70 725 356 743 374
71 732 358 750 376
72 740 359 758 377
73 746 361 764 379
74 754 362 772 380
75 755 362 773 380
76 759 363 777 381
77 767 365 785 383
78 775 366 793 384
79 781 367 799 385
80 787 369 805 387
81 788 369 806 387
82 794 370 812 388
83 801 372 819 390
84 807 373 825 391
85 813 375 831 393
86 821 376 839 394
87 823 376 841 394
88 827 377 845 395
89 832 378 850 396
90 839 380 857 398
91 846 381 864 399
92 853 383 871 401
93 854 383 872 401
94 858 383 876 401
95 867 385 885 403
96 874 386 892 404
97 880 387 898 405
98 885 389 903 407
99 886 389 904 407
100 891 390 909 408
101 899 391 917 409
102 906 393 924 411
103 912 394 930 412
104 918 395 936 413
105 919 396 937 414
106 923 396 941 414
107 929 398 947 416
108 935 399 953 417
109 941 400 959 418
110 947 401 965 419
111 949 401 967 419
112 953 403 971 421
113 959 404 977 422
114 964 404 982 422
115 963 405 981 423
116 958 406 976 424
117 957 406 975 424
118 954 407 972 425
119 951 408 969 426
120 948 409 966 427
121 947 410 965 428
122 943 411 961 429
123 942 411 960 429
124 940 411 958 429
125 936 412 954 430
126 933 413 951 431
127 932 413 950 431
128 929 415 947 433
129 928 415 946 433
130 926 415 944 433
131 924 416 942 434
132 921 416 939 434
133 918 417 936 435
134 915 418 933 436
135 914 418 932 436
136 913 418 931 436
137 911 419 929 437
138 909 420 927 438
139 906 420 924 438
140 904 421 922 439
141 903 421 921 439
142 901 422 919 440
143 900 423 918 441
144 898 423 916 441
145 895 424 913 442
146 892 424 910 442
147 891 424 909 442
148 890 425 908 443
149 887 425 905 443
150 886 425 904 443
151 883 426 901 444
152 882 427 900 445
153 883 427 901 445
154 881 427 899 445
155 878 428 896 446
156 876 429 894 447
157 874 429 892 447
158 873 429 891 447
159 874 430 892 448
160 872 430 890 448
161 869 430 887 448
162 867 430 885 448
163 867 431 885 449
164 865 432 883 450
165 865 432 883 450
166 864 432 882 450
167 861 432 879 450
168 859 432 877 450
169 859 433 877 451
170 857 433 875 451
171 857 433 875 451
172 855 433 873 451
173 854 434 872 452
174 853 435 871 453
175 852 434 870 452
176 851 434 869 452
177 852 435 870 453
178 852 435 870 453
179 849 435 867 453
180 847 435 865 453
181 846 436 864 454
182 846 436 864 454
183 846 436 864 454
184 843 436 861 454
185 842 436 860 454
186 843 436 861 454
187 842 436 860 454
188 840 437 858 455
189 840 437 858 455
190 840 437 858 455
191 839 437 857 455
192 839 437 857 455
193 838 438 856 456
194 837 438 855 456
195 836 437 854 455
196 837 437 855 455
197 837 438 855 456
198 835 438 853 456
199 835 438 853 456
200 836 438 854 456
201 836 438 854 456
202 836 438 854 456
203 836 438 854 456
204 835 438 853 456
205 835 438 853 456
206 835 439 853 457
207 835 439 853 457
208 835 438 853 456
209 835 438 853 456
210 834 438 852 456
211 834 438 852 456
212 834 438 852 456
213 833 438 851 456
214 833 438 851 456
215 834 438 852 456
216 834 438 852 456
217 834 438 852 456
218 834 438 852 456
219 834 438 852 456
220 834 438 852 456
221 834 438 852 456
222 833 438 851 456
223 834 438 852 456
224 834 438 852 456
225 834 438 852 456
226 834 438 852 456
227 834 438 852 456
228 834 438 852 456
229 834 438 852 456
230 835 438 853 456
231 835 438 853 456
232 834 438 852 456
233 834 438 852 456
234 835 438 853 456
235 834 438 852 456
236 835 438 853 456
237 835 438 853 456
238 835 438 853 456
239 834 438 852 456
240 834 438 852 456
241 834 438 852 456
242 834 438 852 456
243 834 438 852 456
244 834 438 852 456
245 834 438 852 456
246 834 438 852 456
247 834 438 852 456
248 833 438 851 456
249 834 438 852 456
250 834 438 852 456
251 833 438 851 456
252 833 438 851 456
253 833 438 851 456
254 835 438 853 456
255 834 438 852 456
256 834 438 852 456
257 834 438 852 456
258 834 438 852 456
259 834 438 852 456
260 834 438 852 456
261 835 438 853 456
262 834 438 852 456
263 834 438 852 456
264 834 438 852 456
265 834 438 852 456
266 834 438 852 456
267 834 438 852 456
268 834 438 852 456
269 834 438 852 456
270 835 438 853 456
271 834 438 852 456
272 834 438 852 456
273 835 438 853 456
274 834 438 852 456
275 834 438 852 456
276 834 438 852 456
277 834 438 852 456
278 835 438 853 456
279 834 438 852 456
280 834 438 852 456
281 834 438 852 456
282 834 438 852 456
283 834 438 852 456
284 834 438 852 456
285 834 438 852 456
286 834 438 852 456
287 834 438 852 456
288 834 438 852 456
289 834 438 852 456
290 834 438 852 456
291 834 438 852 456
292 834 438 852 456
293 834 438 852 456
294 834 438 852 456
295 835 438 853 456
296 835 438 853 456
297 834 438 852 456
298 834 438 852 456
299 835 438 853 456
300 835 438 853 456
301 835 438 853 456
302 835 437 853 455
303 835 437 853 455
304 835 437 853 455
305 835 437 853 455
306 835 437 853 455
307 835 437 853 455
308 835 437 853 455
309 835 438 853 456
310 835 437 853 455
311 835 437 853 455
312 836 437 854 455
313 835 438 853 456
314 835 437 853 455
315 835 437 853 455
316 835 437 853 455
317 835 437 853 455
318 835 437 853 455
319 835 437 853 455
320 835 437 853 455
321 835 437 853 455
322 835 437 853 455
323 835 437 853 455
324 835 437 853 455
325 835 438 853 456
326 835 437 853 455
