328 -1 -1 -1 -1
0 449 60 466 77
1 449 60 465 76
2 450 60 466 76
3 449 60 465 76
4 449 60 465 76
5 450 60 466 76
6 449 60 465 76
7 449 60 465 76
8 449 61 465 77
9 449 61 465 77
10 449 62 465 78
11 448 61 464 77
12 451 70 467 86
13 455 78 471 94
14 458 90 474 106
15 458 91 474 107
16 460 98 476 114
17 463 108 479 124
18 466 117 482 133
19 469 126 485 142
20 472 135 488 151
21 472 136 488 152
22 475 145 491 161
23 478 152 494 168
24 481 164 497 180
25 484 174 500 190
26 487 183 503 199
27 487 185 503 201
28 489 192 505 208
29 492 203 508 219
30 497 214 513 230
31 500 224 516 240
32 502 234 518 250
33 503 236 519 252
34 505 245 521 261
35 509 256 525 272
36 513 267 529 283
37 516 278 532 294
38 519 289 535 305
39 519 291 535 307
40 522 299 538 315
41 527 311 543 327
42 529 324 545 340
43 521 334 537 350
44 514 343 530 359
45 513 344 529 360
46 509 353 525 369
47 503 363 519 379
48 498 374 514 390
49 492 385 508 401
50 487 395 503 411
51 486 396 502 412
52 481 406 497 422
53 475 417 491 433
54 469 428 485 444
55 464 439 480 455
56 458 451 474 467
57 458 452 474 468
58 453 460 469 476
59 446 473 462 489
60 440 486 456 502
61 433 497 449 513
62 428 510 444 526
63 427 511 443 527
64 422 521 438 537
65 416 534 432 550
66 410 546 426 562
67 403 559 419 575
68 396 572 412 588
69 395 573 411 589
70 390 584 406 600
71 383 595 399 611
72 377 599 393 615
73 374 592 390 608
74 374 581 390 597
75 374 579 390 595
76 372 572 388 588
77 370 562 386 578
78 368 554 384 570
79 365 546 381 562
80 363 538 379 554
81 362 537 378 553
82 360 531 376 547
83 358 523 374 539
84 355 516 371 532
85 353 509 369 525
86 351 502 367 518
87 351 501 367 517
88 349 495 365 511
89 347 488 363 504
90 344 481 360 497
91 342 474 358 490
92 340 468 356 484
93 339 467 355 483
94 337 461 353 477
95 335 455 351 471
96 333 448 349 464
97 331 442 347 458
98 329 435 345 451
99 329 435 345 451
100 327 430 343 446
101 325 423 341 439
102 323 417 339 433
103 321 411 337 427
104 319 405 335 421
105 319 405 335 421
106 317 400 333 416
107 315 394 331 410
108 313 388 329 404
109 312 382 328 398
110 309 376 325 392
111 308 375 324 391
112 308 371 324 387
113 309 365 325 381
114 312 360 328 376
115 315 356 331 372
116 318 351 334 367
117 319 351 335 367
118 321 347 337 363
119 324 342 340 358
120 325 337 341 353
121 327 332 343 348
122 330 328 346 344
123 330 327 346 343
124 332 323 348 339
125 334 319 350 335
126 337 314 353 330
127 339 310 355 326
128 341 306 357 322
129 341 305 357 321
130 343 301 359 317
131 345 297 361 313
132 347 293 363 309
133 349 288 365 304
134 351 284 367 300
135 351 284 367 300
136 352 280 368 296
137 355 276 371 292
138 357 272 373 288
139 359 268 375 284
140 361 264 377 280
141 361 264 377 280
142 363 261 379 277
143 365 257 381 273
144 366 252 382 268
145 368 248 384 264
146 369 245 385 261
147 370 245 386 261
148 371 242 387 258
149 373 238 389 254
150 375 234 391 250
151 376 230 392 246
152 377 227 393 243
153 377 226 393 242
154 379 223 395 239
155 381 220 397 236
156 383 216 399 232
157 384 212 400 228
158 385 209 401 225
159 385 209 401 225
160 386 206 402 222
161 388 203 404 219
162 389 199 405 215
163 391 196 407 212
164 392 193 408 209
165 392 193 408 209
166 393 190 409 206
167 395 187 411 203
168 396 183 412 199
169 397 180 413 196
170 398 177 414 193
171 398 177 414 193
172 400 175 416 191
173 401 171 417 187
174 402 168 418 184
175 403 165 419 181
176 405 163 421 179
177 404 163 420 179
178 405 160 421 176
179 407 157 423 173
180 409 154 425 170
181 410 151 426 167
182 411 148 427 164
183 412 148 428 164
184 413 145 429 161
185 414 143 430 159
186 415 139 431 155
187 415 137 431 153
188 416 135 432 151
189 417 134 433 150
190 417 132 433 148
191 418 129 434 145
192 419 126 435 142
193 421 125 437 141
194 422 122 438 138
195 422 121 438 137
196 422 120 438 136
197 424 117 440 133
198 425 114 441 130
199 426 113 442 129
200 426 110 442 126
201 426 110 442 126
202 428 108 444 124
203 429 105 445 121
204 429 103 445 119
205 430 101 446 117
206 431 99 447 115
207 431 98 447 114
208 431 97 447 113
209 432 95 448 111
210 434 93 450 109
211 435 91 451 107
212 435 89 451 105
213 435 88 451 104
214 435 87 451 103
215 437 84 453 100
216 438 82 454 98
217 439 80 455 96
218 439 78 455 94
219 439 78 455 94
220 440 76 456 92
221 441 74 457 90
222 442 72 458 88
223 443 70 459 86
224 444 68 460 84
225 444 68 460 84
226 444 67 460 83
227 444 64 460 80
228 445 63 461 79
229 446 60 462 76
230 447 58 463 74
231 447 58 463 74
232 448 57 464 73
233 449 55 465 71
234 449 54 465 70
235 451 51 467 67
236 453 50 469 66
237 452 50 468 66
238 451 48 467 64
239 453 47 469 63
240 454 46 470 62
241 454 46 470 62
242 454 46 470 62
243 454 46 470 62
244 455 47 471 63
245 455 48 471 64
246 455 49 471 65
247 455 50 471 66
248 455 51 471 67
249 455 51 471 67
250 456 52 472 68
251 455 53 471 69
252 456 55 472 71
253 456 55 472 71
254 456 56 472 72
255 456 56 472 72
256 456 57 472 73
257 456 58 472 74
258 456 59 472 75
259 456 59 472 75
260 456 60 472 76
261 456 60 472 76
262 456 60 472 76
263 457 61 473 77
264 456 62 472 78
265 457 63 473 79
266 457 63 473 79
267 457 63 473 79
268 457 64 473 80
269 457 65 473 81
270 457 66 473 82
271 457 66 473 82
272 458 67 474 83
273 458 67 474 83
274 458 67 474 83
275 457 68 473 84
276 458 69 474 85
277 459 70 475 86
278 459 70 475 86
279 458 70 474 86
280 458 72 474 88
281 459 72 475 88
282 458 72 474 88
283 459 73 475 89
284 459 74 475 90
285 459 74 475 90
286 459 74 475 90
287 459 74 475 90
288 458 75 474 91
289 459 76 475 92
290 458 76 474 92
291 458 75 474 91
292 459 76 475 92
293 458 77 474 93
294 459 78 475 94
295 459 77 475 93
296 459 78 475 94
297 459 78 475 94
298 459 78 475 94
299 459 78 475 94
300 459 79 475 95
301 459 79 475 95
302 459 79 475 95
303 460 79 476 95
304 460 80 476 96
305 460 80 476 96
306 460 80 476 96
307 460 81 476 97
308 460 81 476 97
309 459 81 475 97
310 460 81 476 97
311 461 80 477 96
312 460 81 476 97
313 461 82 477 98
314 461 82 477 98
315 461 82 477 98
316 460 82 476 98
317 460 83 476 99
318 460 83 476 99
319 461 83 477 99
320 461 83 477 99
321 461 83 477 99
322 460 82 476 98
323 461 83 477 99
324 461 82 477 98
325 461 82 477 98
326 461 82 477 98
