223 -1 -1 -1 -1
0 625 44 643 62
1 625 44 642 61
2 626 44 643 61
3 626 44 643 61
4 626 44 643 61
5 626 44 643 61
6 626 44 643 61
7 627 44 644 61
8 628 45 645 62
9 637 54 654 71
10 646 64 663 81
11 654 75 671 92
12 661 84 678 101
13 663 86 680 103
14 669 93 686 110
15 678 103 695 120
16 686 113 703 130
17 695 122 712 139
18 703 132 720 149
19 705 134 722 151
20 711 141 728 158
21 720 151 737 168
22 731 163 748 180
23 741 173 758 190
24 750 184 767 201
25 752 186 769 203
26 758 193 775 210
27 768 205 785 222
28 779 217 796 234
29 790 228 807 245
30 800 240 817 257
31 803 244 820 261
32 809 250 826 267
33 818 262 835 279
34 830 275 847 292
35 841 287 858 304
36 852 299 869 316
37 855 302 872 319
38 862 310 879 327
39 873 322 890 339
40 885 336 902 353
41 898 350 915 367
42 909 363 926 380
43 913 366 930 383
44 921 375 938 392
45 933 389 950 406
46 945 403 962 420
47 956 415 973 432
48 966 421 983 438
49 969 420 986 437
50 967 421 984 438
51 960 422 977 439
52 955 423 972 440
53 952 424 969 441
54 949 426 966 443
55 948 427 965 444
56 947 429 964 446
57 945 432 962 449
58 941 434 958 451
59 938 436 955 453
60 936 438 953 455
61 935 437 952 454
62 935 440 952 457
63 935 444 952 461
64 935 448 952 465
65 934 452 951 469
66 932 456 949 473
67 932 457 949 474
68 932 459 949 476
69 930 462 947 479
70 928 465 945 482
71 927 468 944 485
72 925 469 942 486
73 925 470 942 487
74 924 472 941 489
75 923 475 940 492
76 921 478 938 495
77 919 481 936 498
78 918 484 935 501
79 917 484 934 501
80 916 486 933 503
81 915 489 932 506
82 915 492 932 509
83 912 495 929 512
84 909 496 926 513
85 908 496 925 513
86 905 496 922 513
87 901 493 918 510
88 895 489 912 506
89 891 486 908 503
90 886 484 903 501
91 885 484 902 501
92 882 483 899 500
93 877 481 894 498
94 872 479 889 496
95 868 477 885 494
96 864 476 881 493
97 863 475 880 492
98 860 474 877 491
99 856 472 873 489
100 851 470 868 487
101 847 469 864 486
102 844 467 861 484
103 843 467 860 484
104 840 466 857 483
105 836 464 853 481
106 831 462 848 479
107 827 461 844 478
108 823 459 840 476
109 823 459 840 476
110 820 459 837 476
111 816 457 833 474
112 812 455 829 472
113 809 454 826 471
114 806 452 823 469
115 805 452 822 469
116 802 451 819 468
117 798 449 815 466
118 794 448 811 465
119 791 447 808 464
120 788 446 805 463
121 788 446 805 463
122 785 445 802 462
123 781 443 798 460
124 778 442 795 459
125 776 441 793 458
126 772 439 789 456
127 771 439 788 456
128 768 438 785 455
129 765 437 782 454
130 763 436 780 453
131 760 435 777 452
132 757 434 774 451
133 756 434 773 451
134 754 433 771 450
135 751 432 768 449
136 748 431 765 448
137 745 430 762 447
138 743 429 760 446
139 742 429 759 446
140 741 428 758 445
141 738 426 755 443
142 735 425 752 442
143 732 425 749 442
144 730 424 747 441
145 730 424 747 441
146 728 423 745 440
147 725 421 742 438
148 723 419 740 436
149 721 419 738 436
150 718 418 735 435
151 718 418 735 435
152 716 417 733 434
153 713 416 730 433
154 711 415 728 432
155 709 414 726 431
156 707 414 724 431
157 707 413 724 430
158 705 413 722 430
159 703 413 720 430
160 701 412 718 429
161 699 411 716 428
162 697 410 714 427
163 697 410 714 427
164 695 410 712 427
165 694 408 711 425
166 692 407 709 424
167 691 407 708 424
168 689 406 706 423
169 689 406 706 423
170 687 405 704 422
171 685 405 702 422
172 683 404 700 421
173 682 403 699 420
174 680 403 697 420
175 680 403 697 420
176 679 403 696 420
177 677 402 694 419
178 676 401 693 418
179 675 401 692 418
180 674 401 691 418
181 673 401 690 418
182 672 401 689 418
183 671 400 688 417
184 670 400 687 417
185 668 400 685 417
186 668 399 685 416
187 667 399 684 416
188 667 398 684 415
189 665 397 682 414
190 664 396 681 413
191 663 396 680 413
192 662 397 679 414
193 662 397 679 414
194 661 396 678 413
195 660 395 677 412
196 660 395 677 412
197 658 394 675 411
198 658 394 675 411
199 658 394 675 411
200 657 394 674 411
201 657 394 674 411
202 655 393 672 410
203 654 393 671 410
204 655 393 672 410
205 655 393 672 410
206 654 393 671 410
207 653 393 670 410
208 652 393 669 410
209 652 392 669 409
210 652 392 669 409
211 652 392 669 409
212 651 392 668 409
213 650 392 667 409
214 650 391 667 408
215 650 391 667 408
216 649 391 666 408
217 649 391 666 408
218 649 392 666 409
219 649 392 666 409
220 649 391 666 408
221 649 391 666 408
