223 -1 -1 -1 -1
0 964 426 985 447
1 964 426 984 446
2 965 426 985 446
3 965 426 985 446
4 964 426 984 446
5 965 426 985 446
6 964 426 984 446
7 965 426 985 446
8 965 426 985 446
9 965 426 985 446
10 965 426 985 446
11 964 426 984 446
12 964 426 984 446
13 964 426 984 446
14 965 426 985 446
15 965 426 985 446
16 965 426 985 446
17 964 426 984 446
18 964 426 984 446
19 965 426 985 446
20 965 426 985 446
21 965 426 985 446
22 965 427 985 447
23 964 426 984 446
24 965 427 985 447
25 965 426 985 446
26 964 426 984 446
27 964 426 984 446
28 965 426 985 446
29 965 426 985 446
30 965 426 985 446
31 964 426 984 446
32 964 426 984 446
33 964 426 984 446
34 964 427 984 447
35 964 426 984 446
36 964 426 984 446
37 964 426 984 446
38 964 426 984 446
39 965 426 985 446
40 965 426 985 446
41 965 426 985 446
42 964 426 984 446
43 965 426 985 446
44 965 426 985 446
45 964 426 984 446
46 965 426 985 446
47 965 427 985 447
48 969 437 989 457
49 970 439 990 459
50 972 450 992 470
51 974 464 994 484
52 974 477 994 497
53 972 489 992 509
54 972 501 992 521
55 972 501 992 521
56 971 511 991 531
57 971 522 991 542
58 970 532 990 552
59 970 542 990 562
60 970 552 990 572
61 970 553 990 573
62 972 561 992 581
63 972 573 992 593
64 970 583 990 603
65 969 593 989 613
66 969 597 989 617
67 969 597 989 617
68 965 591 985 611
69 961 583 981 603
70 957 575 977 595
71 955 569 975 589
72 951 562 971 582
73 951 562 971 582
74 947 557 967 577
75 945 551 965 571
76 940 545 960 565
77 936 539 956 559
78 934 535 954 555
79 934 534 954 554
80 932 529 952 549
81 930 523 950 543
82 927 517 947 537
83 922 511 942 531
84 920 507 940 527
85 919 507 939 527
86 919 505 939 525
87 920 506 940 526
88 921 508 941 528
89 923 508 943 528
90 924 508 944 528
91 923 508 943 528
92 925 509 945 529
93 925 508 945 528
94 927 509 947 529
95 928 509 948 529
96 928 509 948 529
97 928 510 948 530
98 930 509 950 529
99 931 510 951 530
100 931 510 951 530
101 931 511 951 531
102 930 510 950 530
103 930 510 950 530
104 932 510 952 530
105 932 510 952 530
106 931 510 951 530
107 931 510 951 530
108 931 511 951 531
109 931 510 951 530
110 932 510 952 530
111 931 510 951 530
112 932 510 952 530
113 932 511 952 531
114 933 511 953 531
115 933 511 953 531
116 932 511 952 531
117 933 511 953 531
118 933 511 953 531
119 933 511 953 531
120 932 511 952 531
121 933 511 953 531
122 932 511 952 531
123 933 511 953 531
124 932 510 952 530
125 933 511 953 531
126 933 511 953 531
127 933 511 953 531
128 932 511 952 531
129 932 511 952 531
130 932 511 952 531
131 932 511 952 531
132 932 511 952 531
133 932 511 952 531
134 932 511 952 531
135 932 511 952 531
136 932 511 952 531
137 932 511 952 531
138 933 511 953 531
139 933 511 953 531
140 933 511 953 531
141 932 511 952 531
142 932 511 952 531
143 932 511 952 531
144 933 511 953 531
145 932 511 952 531
146 932 511 952 531
147 933 510 953 530
148 932 510 952 530
149 932 510 952 530
150 933 510 953 530
151 932 509 952 529
152 932 510 952 530
153 932 510 952 530
154 932 510 952 530
155 932 510 952 530
156 933 510 953 530
157 933 510 953 530
158 932 510 952 530
159 932 510 952 530
160 932 510 952 530
161 932 510 952 530
162 932 510 952 530
163 933 510 953 530
164 933 510 953 530
165 932 510 952 530
166 932 510 952 530
167 932 510 952 530
168 932 510 952 530
169 932 510 952 530
170 933 510 953 530
171 932 510 952 530
172 932 510 952 530
173 932 510 952 530
174 932 510 952 530
175 932 510 952 530
176 932 510 952 530
177 932 510 952 530
178 933 510 953 530
179 932 510 952 530
180 932 510 952 530
181 932 510 952 530
182 932 510 952 530
183 932 510 952 530
184 932 510 952 530
185 932 510 952 530
186 932 510 952 530
187 932 510 952 530
188 932 510 952 530
189 932 510 952 530
190 932 510 952 530
191 932 510 952 530
192 932 510 952 530
193 932 510 952 530
194 932 510 952 530
195 932 510 952 530
196 932 510 952 530
197 932 510 952 530
198 932 510 952 530
199 932 511 952 531
200 932 510 952 530
201 932 510 952 530
202 932 510 952 530
203 932 510 952 530
204 932 510 952 530
205 932 510 952 530
206 932 511 952 531
207 932 510 952 530
208 932 510 952 530
209 932 510 952 530
210 933 510 953 530
211 932 510 952 530
212 932 510 952 530
213 932 510 952 530
214 933 510 953 530
215 933 510 953 530
216 932 511 952 531
217 932 511 952 531
218 932 510 952 530
219 932 510 952 530
220 933 510 953 530
221 932 510 952 530
