333 -1 -1 -1 -1
0 615 264 635 284
1 616 265 635 284
2 616 265 635 284
3 615 265 634 284
4 615 265 634 284
5 615 265 634 284
6 616 265 635 284
7 616 265 635 284
8 615 265 634 284
9 615 265 634 284
10 615 265 634 284
11 616 265 635 284
12 616 265 635 284
13 615 265 634 284
14 616 265 635 284
15 615 265 634 284
16 615 265 634 284
17 616 265 635 284
18 616 265 635 284
19 615 265 634 284
20 615 265 634 284
21 615 265 634 284
22 615 265 634 284
23 616 265 635 284
24 615 265 634 284
25 616 265 635 284
26 615 265 634 284
27 611 268 630 287
28 611 268 630 287
29 600 263 619 282
30 580 256 599 275
31 561 249 580 268
32 546 244 565 263
33 533 239 552 258
34 530 238 549 257
35 522 234 541 253
36 509 229 528 248
37 494 225 513 244
38 483 220 502 239
39 472 216 491 235
40 469 215 488 234
41 461 213 480 232
42 451 208 470 227
43 439 203 458 222
44 427 199 446 218
45 416 196 435 215
46 414 196 433 215
47 407 193 426 212
48 396 188 415 207
49 383 183 402 202
50 372 179 391 198
51 364 177 383 196
52 362 176 381 195
53 357 175 376 194
54 356 171 375 190
55 363 168 382 187
56 375 164 394 183
57 383 160 402 179
58 384 160 403 179
59 389 159 408 178
60 396 156 415 175
61 402 153 421 172
62 408 150 427 169
63 413 146 432 165
64 414 145 433 164
65 418 141 437 160
66 424 139 443 158
67 432 139 451 158
68 438 136 457 155
69 443 134 462 153
70 444 134 463 153
71 448 131 467 150
72 455 129 474 148
73 459 127 478 146
74 465 124 484 143
75 469 122 488 141
76 471 122 490 141
77 474 120 493 139
78 479 116 498 135
79 485 113 504 132
80 490 110 509 129
81 495 107 514 126
82 496 107 515 126
83 500 105 519 124
84 505 103 524 122
85 511 100 530 119
86 516 98 535 117
87 521 95 540 114
88 522 95 541 114
89 525 93 544 112
90 530 91 549 110
91 536 91 555 110
92 546 110 565 129
93 553 135 572 154
94 554 144 573 163
95 550 138 569 157
96 549 136 568 155
97 549 136 568 155
98 549 137 568 156
99 549 137 568 156
100 549 136 568 155
101 549 136 568 155
102 549 137 568 156
103 549 137 568 156
104 549 137 568 156
105 549 136 568 155
106 549 137 568 156
107 550 137 569 156
108 549 137 568 156
109 550 137 569 156
110 549 136 568 155
111 549 137 568 156
112 549 137 568 156
113 549 137 568 156
114 549 137 568 156
115 549 136 568 155
116 549 136 568 155
117 549 137 568 156
118 550 137 569 156
119 549 137 568 156
120 549 137 568 156
121 549 136 568 155
122 550 136 569 155
123 549 137 568 156
124 549 136 568 155
125 549 136 568 155
126 549 136 568 155
127 550 137 569 156
128 550 137 569 156
129 549 136 568 155
130 550 137 569 156
131 549 136 568 155
132 549 136 568 155
133 549 136 568 155
134 549 137 568 156
135 549 137 568 156
136 549 136 568 155
137 549 136 568 155
138 549 136 568 155
139 549 136 568 155
140 549 137 568 156
141 549 136 568 155
142 549 136 568 155
143 550 137 569 156
144 550 137 569 156
145 550 137 569 156
146 549 137 568 156
147 549 137 568 156
148 550 137 569 156
149 548 137 567 156
150 548 137 567 156
151 549 137 568 156
152 548 137 567 156
153 548 137 567 156
154 548 137 567 156
155 548 137 567 156
156 548 137 567 156
157 548 136 567 155
158 548 137 567 156
159 549 137 568 156
160 548 136 567 155
161 548 136 567 155
162 548 137 567 156
163 548 137 567 156
164 549 137 568 156
165 549 137 568 156
166 548 137 567 156
167 548 137 567 156
168 548 137 567 156
169 548 137 567 156
170 548 137 567 156
171 548 137 567 156
172 548 137 567 156
173 548 137 567 156
174 548 137 567 156
175 548 137 567 156
176 548 136 567 155
177 548 137 567 156
178 548 137 567 156
179 549 137 568 156
180 550 136 569 155
181 550 137 569 156
182 550 137 569 156
183 550 137 569 156
184 550 137 569 156
185 550 136 569 155
186 549 136 568 155
187 550 137 569 156
188 550 136 569 155
189 550 137 569 156
190 550 137 569 156
191 550 137 569 156
192 550 136 569 155
193 551 137 570 156
194 550 137 569 156
195 550 137 569 156
196 550 137 569 156
197 550 137 569 156
198 549 137 568 156
199 550 137 569 156
200 550 137 569 156
201 550 137 569 156
202 550 137 569 156
203 550 137 569 156
204 550 137 569 156
205 550 137 569 156
206 550 137 569 156
207 550 137 569 156
208 551 137 570 156
209 551 137 570 156
210 551 137 570 156
211 551 137 570 156
212 551 137 570 156
213 551 137 570 156
214 552 137 571 156
215 552 137 571 156
216 551 137 570 156
217 551 137 570 156
218 551 137 570 156
219 551 137 570 156
220 550 137 569 156
221 550 137 569 156
222 550 137 569 156
223 550 137 569 156
224 550 137 569 156
225 551 137 570 156
226 551 137 570 156
227 551 137 570 156
228 550 137 569 156
229 550 137 569 156
230 551 137 570 156
231 550 137 569 156
232 550 137 569 156
233 551 137 570 156
234 551 137 570 156
235 550 137 569 156
236 550 137 569 156
237 550 137 569 156
238 550 137 569 156
239 550 137 569 156
240 550 137 569 156
241 549 137 568 156
242 550 137 569 156
243 551 137 570 156
244 551 137 570 156
245 551 137 570 156
246 551 137 570 156
247 551 137 570 156
248 551 137 570 156
249 551 137 570 156
250 550 137 569 156
251 550 137 569 156
252 551 137 570 156
253 551 137 570 156
254 551 137 570 156
255 550 137 569 156
256 550 137 569 156
257 550 137 569 156
258 550 137 569 156
259 550 137 569 156
260 551 137 570 156
261 551 137 570 156
262 551 137 570 156
263 550 137 569 156
264 550 137 569 156
265 551 137 570 156
266 551 137 570 156
267 551 137 570 156
268 551 137 570 156
269 549 137 568 156
270 549 137 568 156
271 550 137 569 156
272 550 137 569 156
273 550 137 569 156
274 549 137 568 156
275 549 137 568 156
276 549 137 568 156
277 549 137 568 156
278 549 137 568 156
279 549 137 568 156
280 549 137 568 156
281 550 137 569 156
282 550 137 569 156
283 550 137 569 156
284 549 137 568 156
285 549 137 568 156
286 549 137 568 156
287 549 137 568 156
288 550 137 569 156
289 550 137 569 156
290 550 137 569 156
291 549 137 568 156
292 549 137 568 156
293 549 137 568 156
294 549 137 568 156
295 549 137 568 156
296 549 137 568 156
297 550 137 569 156
298 549 137 568 156
299 549 137 568 156
300 550 137 569 156
301 549 137 568 156
302 549 137 568 156
303 550 136 569 155
304 550 137 569 156
305 550 137 569 156
306 550 137 569 156
307 549 137 568 156
308 549 137 568 156
309 549 137 568 156
310 550 137 569 156
311 550 137 569 156
312 550 137 569 156
313 550 137 569 156
314 549 137 568 156
315 550 137 569 156
316 550 137 569 156
317 549 137 568 156
318 550 137 569 156
319 550 137 569 156
320 550 137 569 156
321 550 137 569 156
322 550 137 569 156
323 550 137 569 156
324 549 137 568 156
325 549 137 568 156
326 549 137 568 156
327 550 137 569 156
328 550 137 569 156
329 549 137 568 156
330 549 137 568 156
331 549 137 568 156
