333 -1 -1 -1 -1
0 809 562 834 587
1 809 563 833 587
2 809 563 833 587
3 810 563 834 587
4 810 563 834 587
5 809 563 833 587
6 807 558 831 582
7 798 540 822 564
8 783 517 807 541
9 771 498 795 522
10 768 495 792 519
11 761 481 785 505
12 750 463 774 487
13 737 446 761 470
14 726 429 750 453
15 715 413 739 437
16 712 409 736 433
17 707 397 731 421
18 698 381 722 405
19 688 364 712 388
20 678 349 702 373
21 668 335 692 359
22 665 332 689 356
23 661 322 685 346
24 653 307 677 331
25 643 292 667 316
26 632 276 656 300
27 626 265 650 289
28 625 263 649 287
29 634 261 658 285
30 647 255 671 279
31 657 248 681 272
32 663 240 687 264
33 669 232 693 256
34 670 230 694 254
35 673 225 697 249
36 679 217 703 241
37 685 209 709 233
38 691 201 715 225
39 696 195 720 219
40 697 193 721 217
41 701 188 725 212
42 706 181 730 205
43 711 173 735 197
44 716 166 740 190
45 721 159 745 183
46 722 156 746 180
47 725 152 749 176
48 730 146 754 170
49 735 139 759 163
50 739 133 763 157
51 744 128 768 152
52 746 127 770 151
53 749 124 773 148
54 753 119 777 143
55 758 112 782 136
56 763 105 787 129
57 767 99 791 123
58 769 97 793 121
59 771 91 795 115
60 774 84 798 108
61 779 77 803 101
62 783 71 807 95
63 787 64 811 88
64 790 59 814 83
65 792 55 816 79
66 795 49 819 73
67 800 43 824 67
68 804 39 828 63
69 808 37 832 61
70 810 38 834 62
71 812 40 836 64
72 815 43 839 67
73 820 46 844 70
74 825 50 849 74
75 830 54 854 78
76 832 56 856 80
77 834 59 858 83
78 837 63 861 87
79 842 67 866 91
80 848 72 872 96
81 852 77 876 101
82 853 79 877 103
83 856 81 880 105
84 860 84 884 108
85 865 88 889 112
86 870 93 894 117
87 875 97 899 121
88 877 98 901 122
89 880 100 904 124
90 884 106 908 130
91 887 112 911 136
92 891 115 915 139
93 895 118 919 142
94 897 119 921 143
95 900 121 924 145
96 900 124 924 148
97 898 128 922 152
98 895 131 919 155
99 893 133 917 157
100 893 133 917 157
101 892 134 916 158
102 892 137 916 161
103 891 140 915 164
104 890 143 914 167
105 888 146 912 170
106 887 147 911 171
107 886 149 910 173
108 885 152 909 176
109 883 155 907 179
110 882 158 906 182
111 881 161 905 185
112 880 162 904 186
113 879 164 903 188
114 877 167 901 191
115 876 171 900 195
116 875 174 899 198
117 873 177 897 201
118 872 177 896 201
119 872 179 896 203
120 870 182 894 206
121 869 186 893 210
122 867 189 891 213
123 866 192 890 216
124 865 193 889 217
125 864 195 888 219
126 863 198 887 222
127 861 201 885 225
128 859 204 883 228
129 858 207 882 231
130 857 208 881 232
131 856 210 880 234
132 855 213 879 237
133 854 217 878 241
134 852 220 876 244
135 850 223 874 247
136 850 224 874 248
137 849 226 873 250
138 848 229 872 253
139 847 232 871 256
140 845 235 869 259
141 843 238 867 262
142 842 239 866 263
143 841 241 865 265
144 840 244 864 268
145 839 247 863 271
146 837 250 861 274
147 835 253 859 277
148 835 254 859 278
149 834 255 858 279
150 833 258 857 282
151 831 261 855 285
152 830 265 854 289
153 829 268 853 292
154 828 268 852 292
155 827 270 851 294
156 826 273 850 297
157 825 276 849 300
158 823 279 847 303
159 821 282 845 306
160 821 282 845 306
161 820 284 844 308
162 819 287 843 311
163 817 290 841 314
164 816 293 840 317
165 815 296 839 320
166 814 297 838 321
167 813 299 837 323
168 811 302 835 326
169 810 305 834 329
170 809 308 833 332
171 807 310 831 334
172 807 311 831 335
173 806 313 830 337
174 805 315 829 339
175 804 318 828 342
176 803 321 827 345
177 801 323 825 347
178 800 324 824 348
179 799 326 823 350
180 797 329 821 353
181 796 331 820 355
182 794 334 818 358
183 793 337 817 361
184 793 338 817 362
185 792 339 816 363
186 791 342 815 366
187 789 345 813 369
188 787 347 811 371
189 786 350 810 374
190 786 350 810 374
191 785 352 809 376
192 784 355 808 379
193 782 357 806 381
194 781 359 805 383
195 781 362 805 386
196 780 363 804 387
197 779 365 803 389
198 778 368 802 392
199 777 370 801 394
200 775 373 799 397
201 774 375 798 399
202 774 376 798 400
203 773 378 797 402
204 772 379 796 403
205 770 382 794 406
206 769 384 793 408
207 767 387 791 411
208 767 388 791 412
209 766 389 790 413
210 764 391 788 415
211 762 394 786 418
212 762 396 786 420
213 761 398 785 422
214 760 399 784 423
215 759 401 783 425
216 758 403 782 427
217 758 405 782 429
218 757 408 781 432
219 756 410 780 434
220 755 410 779 434
221 754 412 778 436
222 753 414 777 438
223 751 417 775 441
224 750 419 774 443
225 749 421 773 445
226 749 421 773 445
227 748 423 772 447
228 747 425 771 449
229 746 427 770 451
230 745 430 769 454
231 745 432 769 456
232 746 432 770 456
233 744 434 768 458
234 743 436 767 460
235 742 438 766 462
236 741 440 765 464
237 740 443 764 467
238 740 443 764 467
239 738 444 762 468
240 736 446 760 470
241 735 448 759 472
242 734 450 758 474
243 733 452 757 476
244 733 452 757 476
245 733 453 757 477
246 733 455 757 479
247 732 457 756 481
248 730 459 754 483
249 730 460 754 484
250 730 461 754 485
251 731 462 755 486
252 730 464 754 488
253 730 466 754 490
254 727 468 751 492
255 726 470 750 494
256 725 470 749 494
257 724 471 748 495
258 724 473 748 497
259 723 474 747 498
260 722 475 746 499
261 722 477 746 501
262 721 477 745 501
263 721 478 745 502
264 720 480 744 504
265 720 482 744 506
266 719 483 743 507
267 719 484 743 508
268 719 484 743 508
269 722 486 746 510
270 721 487 745 511
271 720 489 744 513
272 719 490 743 514
273 718 491 742 515
274 718 491 742 515
275 718 492 742 516
276 717 494 741 518
277 716 495 740 519
278 716 496 740 520
279 715 498 739 522
280 715 498 739 522
281 715 499 739 523
282 715 500 739 524
283 715 501 739 525
284 715 502 739 526
285 714 503 738 527
286 713 503 737 527
287 712 504 736 528
288 712 506 736 530
289 713 507 737 531
290 711 507 735 531
291 710 508 734 532
292 710 508 734 532
293 710 509 734 533
294 709 510 733 534
295 708 511 732 535
296 708 512 732 536
297 709 513 733 537
298 709 514 733 538
299 708 514 732 538
300 707 515 731 539
301 707 516 731 540
302 707 517 731 541
303 706 517 730 541
304 706 517 730 541
305 705 518 729 542
306 705 519 729 543
307 705 520 729 544
308 705 520 729 544
309 706 521 730 545
310 705 521 729 545
311 705 522 729 546
312 705 522 729 546
313 705 523 729 547
314 705 523 729 547
315 704 523 728 547
316 704 523 728 547
317 704 524 728 548
318 704 525 728 549
319 704 525 728 549
320 704 525 728 549
321 704 525 728 549
322 703 525 727 549
323 703 526 727 550
324 703 526 727 550
325 703 526 727 550
326 703 526 727 550
327 702 527 726 551
328 702 527 726 551
329 702 527 726 551
330 702 527 726 551
331 701 527 725 551
