302 -1 -1 -1 -1
0 758 76 776 94
1 759 77 776 94
2 759 76 776 93
3 759 77 776 94
4 758 83 775 100
5 756 96 773 113
6 755 98 772 115
7 753 108 770 125
8 751 121 768 138
9 749 134 766 151
10 748 144 765 161
11 747 156 764 173
12 747 158 764 175
13 746 166 763 183
14 743 180 760 197
15 741 193 758 210
16 740 204 757 221
17 739 217 756 234
18 739 219 756 236
19 738 228 755 245
20 735 241 752 258
21 733 255 750 272
22 732 268 749 285
23 730 281 747 298
24 729 282 746 299
25 728 291 745 308
26 727 306 744 323
27 725 320 742 337
28 723 334 740 351
29 721 348 738 365
30 721 350 738 367
31 719 361 736 378
32 717 377 734 394
33 715 393 732 410
34 712 408 729 425
35 710 423 727 440
36 711 425 728 442
37 709 437 726 454
38 707 454 724 471
39 705 472 722 489
40 715 484 732 501
41 729 494 746 511
42 731 496 748 513
43 740 506 757 523
44 751 520 768 537
45 761 533 778 550
46 771 547 788 564
47 782 561 799 578
48 783 562 800 579
49 791 573 808 590
50 802 588 819 605
51 813 597 830 614
52 821 594 838 611
53 828 582 845 599
54 829 579 846 596
55 834 571 851 588
56 839 561 856 578
57 846 551 863 568
58 852 542 869 559
59 859 534 876 551
60 860 533 877 550
61 865 527 882 544
62 871 520 888 537
63 878 513 895 530
64 884 505 901 522
65 890 498 907 515
66 890 498 907 515
67 895 492 912 509
68 901 484 918 501
69 908 477 925 494
70 914 471 931 488
71 919 464 936 481
72 920 464 937 481
73 924 458 941 475
74 930 451 947 468
75 936 444 953 461
76 942 438 959 455
77 947 432 964 449
78 948 432 965 449
79 952 426 969 443
80 958 420 975 437
81 964 414 981 431
82 961 408 978 425
83 953 403 970 420
84 952 403 969 420
85 949 398 966 415
86 944 392 961 409
87 940 387 957 404
88 935 382 952 399
89 931 377 948 394
90 930 377 947 394
91 927 372 944 389
92 922 367 939 384
93 918 362 935 379
94 914 358 931 375
95 910 353 927 370
96 909 353 926 370
97 906 349 923 366
98 902 343 919 360
99 898 339 915 356
100 894 334 911 351
101 890 330 907 347
102 890 330 907 347
103 887 326 904 343
104 883 321 900 338
105 879 317 896 334
106 876 312 893 329
107 872 308 889 325
108 872 308 889 325
109 869 304 886 321
110 865 300 882 317
111 862 296 879 313
112 858 291 875 308
113 855 288 872 305
114 855 287 872 304
115 852 284 869 301
116 848 279 865 296
117 845 275 862 292
118 842 272 859 289
119 838 268 855 285
120 838 268 855 285
121 835 264 852 281
122 832 260 849 277
123 829 257 846 274
124 826 253 843 270
125 823 249 840 266
126 822 249 839 266
127 820 246 837 263
128 817 242 834 259
129 814 238 831 255
130 811 235 828 252
131 808 231 825 248
132 808 231 825 248
133 806 228 823 245
134 803 225 820 242
135 800 221 817 238
136 797 217 814 234
137 794 215 811 232
138 794 214 811 231
139 792 212 809 229
140 789 208 806 225
141 786 205 803 222
142 784 202 801 219
143 781 198 798 215
144 781 198 798 215
145 779 196 796 213
146 776 193 793 210
147 774 189 791 206
148 771 186 788 203
149 770 183 787 200
150 769 183 786 200
151 767 181 784 198
152 764 177 781 194
153 762 174 779 191
154 760 171 777 188
155 757 169 774 186
156 757 169 774 186
157 756 166 773 183
158 753 163 770 180
159 750 160 767 177
160 748 157 765 174
161 746 155 763 172
162 745 155 762 172
163 744 152 761 169
164 742 149 759 166
165 739 146 756 163
166 736 142 753 159
167 735 141 752 158
168 735 141 752 158
169 734 139 751 156
170 731 136 748 153
171 730 135 747 152
172 730 134 747 151
173 731 134 748 151
174 730 134 747 151
175 730 133 747 150
176 730 132 747 149
177 730 132 747 149
178 729 131 746 148
179 731 130 748 147
180 732 131 749 148
181 732 131 749 148
182 732 130 749 147
183 731 130 748 147
184 732 128 749 145
185 731 128 748 145
186 731 128 748 145
187 732 128 749 145
188 731 127 748 144
189 732 127 749 144
190 732 127 749 144
191 732 126 749 143
192 732 126 749 143
193 732 126 749 143
194 732 125 749 142
195 732 124 749 141
196 731 124 748 141
197 732 124 749 141
198 732 125 749 142
199 732 124 749 141
200 733 124 750 141
201 732 124 749 141
202 732 123 749 140
203 732 123 749 140
204 732 123 749 140
205 732 123 749 140
206 732 123 749 140
207 733 123 750 140
208 733 123 750 140
209 733 123 750 140
210 733 123 750 140
211 733 123 750 140
212 733 123 750 140
213 733 123 750 140
214 732 122 749 139
215 733 122 750 139
216 733 122 750 139
217 733 122 750 139
218 733 122 750 139
219 732 123 749 140
220 733 122 750 139
221 733 122 750 139
222 733 122 750 139
223 733 122 750 139
224 733 122 750 139
225 733 122 750 139
226 733 122 750 139
227 733 122 750 139
228 733 122 750 139
229 733 122 750 139
230 734 122 751 139
231 733 122 750 139
232 733 122 750 139
233 734 122 751 139
234 733 122 750 139
235 733 122 750 139
236 733 122 750 139
237 733 122 750 139
238 733 122 750 139
239 732 122 749 139
240 733 122 750 139
241 733 122 750 139
242 733 122 750 139
243 732 122 749 139
244 733 122 750 139
245 733 122 750 139
246 732 122 749 139
247 733 122 750 139
248 732 122 749 139
249 732 122 749 139
250 733 122 750 139
251 733 122 750 139
252 733 122 750 139
253 733 122 750 139
254 733 122 750 139
255 732 122 749 139
256 733 122 750 139
257 733 122 750 139
258 732 122 749 139
259 733 122 750 139
260 733 122 750 139
261 733 122 750 139
262 733 122 750 139
263 732 122 749 139
264 733 122 750 139
265 732 122 749 139
266 733 122 750 139
267 733 122 750 139
268 733 122 750 139
269 733 122 750 139
270 733 122 750 139
271 734 122 751 139
272 733 122 750 139
273 733 122 750 139
274 734 122 751 139
275 733 122 750 139
276 733 122 750 139
277 733 122 750 139
278 733 122 750 139
279 733 122 750 139
280 733 122 750 139
281 733 122 750 139
282 734 122 751 139
283 733 122 750 139
284 733 122 750 139
285 733 122 750 139
286 733 122 750 139
287 733 122 750 139
288 733 122 750 139
289 733 122 750 139
290 733 122 750 139
291 733 122 750 139
292 733 122 750 139
293 733 122 750 139
294 733 122 750 139
295 733 122 750 139
296 733 122 750 139
297 733 122 750 139
298 733 122 750 139
299 733 122 750 139
300 733 122 750 139
