302 -1 -1 -1 -1
0 683 469 707 493
1 684 469 707 492
2 684 469 707 492
3 683 469 706 492
4 684 469 707 492
5 683 469 706 492
6 683 469 706 492
7 683 469 706 492
8 683 469 706 492
9 684 469 707 492
10 683 469 706 492
11 683 469 706 492
12 683 469 706 492
13 683 469 706 492
14 683 469 706 492
15 683 469 706 492
16 684 469 707 492
17 684 469 707 492
18 683 469 706 492
19 683 469 706 492
20 683 469 706 492
21 683 469 706 492
22 683 469 706 492
23 683 469 706 492
24 683 469 706 492
25 683 469 706 492
26 683 469 706 492
27 684 469 707 492
28 684 469 707 492
29 683 470 706 493
30 684 469 707 492
31 684 470 707 493
32 683 470 706 493
33 683 470 706 493
34 684 469 707 492
35 683 470 706 493
36 684 469 707 492
37 684 469 707 492
38 684 470 707 493
39 677 469 700 492
40 667 474 690 497
41 650 478 673 501
42 634 476 657 499
43 617 476 640 499
44 611 476 634 499
45 607 477 630 500
46 606 480 629 503
47 601 489 624 512
48 600 494 623 517
49 590 501 613 524
50 578 508 601 531
51 566 511 589 534
52 555 514 578 537
53 545 518 568 541
54 542 518 565 541
55 535 521 558 544
56 524 525 547 548
57 513 529 536 552
58 504 531 527 554
59 492 536 515 559
60 489 537 512 560
61 484 540 507 563
62 474 543 497 566
63 461 547 484 570
64 449 550 472 573
65 439 554 462 577
66 436 554 459 577
67 428 557 451 580
68 419 560 442 583
69 409 564 432 587
70 398 568 421 591
71 386 571 409 594
72 382 571 405 594
73 375 575 398 598
74 365 579 388 602
75 353 582 376 605
76 341 586 364 609
77 329 589 352 612
78 327 589 350 612
79 321 590 344 613
80 310 592 333 615
81 299 593 322 616
82 291 593 314 616
83 284 592 307 615
84 282 592 305 615
85 278 592 301 615
86 269 592 292 615
87 263 590 286 613
88 259 589 282 612
89 260 586 283 609
90 261 586 284 609
91 266 586 289 609
92 272 585 295 608
93 276 584 299 607
94 280 582 303 605
95 284 580 307 603
96 285 580 308 603
97 290 579 313 602
98 296 577 319 600
99 302 576 325 599
100 305 575 328 598
101 309 574 332 597
102 310 574 333 597
103 315 573 338 596
104 319 571 342 594
105 324 570 347 593
106 327 569 350 592
107 332 568 355 591
108 334 568 357 591
109 337 567 360 590
110 340 566 363 589
111 343 564 366 587
112 347 563 370 586
113 351 562 374 585
114 352 562 375 585
115 355 562 378 585
116 359 561 382 584
117 362 560 385 583
118 368 559 391 582
119 373 558 396 581
120 374 558 397 581
121 374 557 397 580
122 378 555 401 578
123 383 555 406 578
124 387 554 410 577
125 391 553 414 576
126 392 554 415 577
127 394 553 417 576
128 398 552 421 575
129 402 551 425 574
130 406 551 429 574
131 407 549 430 572
132 406 549 429 572
133 410 549 433 572
134 414 548 437 571
135 418 548 441 571
136 421 547 444 570
137 423 546 446 569
138 422 546 445 569
139 426 546 449 569
140 430 545 453 568
141 432 544 455 567
142 435 543 458 566
143 438 542 461 565
144 438 542 461 565
145 439 542 462 565
146 442 541 465 564
147 446 540 469 563
148 450 539 473 562
149 451 539 474 562
150 452 539 475 562
151 455 539 478 562
152 455 539 478 562
153 458 538 481 561
154 461 537 484 560
155 464 537 487 560
156 465 538 488 561
157 466 537 489 560
158 467 535 490 558
159 470 535 493 558
160 471 534 494 557
161 473 534 496 557
162 473 534 496 557
163 475 534 498 557
164 477 533 500 556
165 479 533 502 556
166 482 533 505 556
167 483 533 506 556
168 483 533 506 556
169 485 532 508 555
170 488 532 511 555
171 489 531 512 554
172 490 531 513 554
173 491 530 514 553
174 492 531 515 554
175 494 531 517 554
176 497 531 520 554
177 498 530 521 553
178 498 530 521 553
179 499 529 522 552
180 499 529 522 552
181 500 529 523 552
182 501 529 524 552
183 503 529 526 552
184 504 529 527 552
185 504 529 527 552
186 504 529 527 552
187 506 529 529 552
188 508 528 531 551
189 509 528 532 551
190 509 528 532 551
191 510 528 533 551
192 511 529 534 552
193 511 529 534 552
194 513 528 536 551
195 513 527 536 550
196 512 528 535 551
197 513 527 536 550
198 513 527 536 550
199 514 527 537 550
200 514 527 537 550
201 515 527 538 550
202 516 527 539 550
203 517 527 540 550
204 517 527 540 550
205 517 526 540 549
206 516 527 539 550
207 517 527 540 550
208 517 526 540 549
209 517 526 540 549
210 517 526 540 549
211 517 526 540 549
212 517 526 540 549
213 516 526 539 549
214 516 526 539 549
215 516 526 539 549
216 517 526 540 549
217 517 526 540 549
218 517 526 540 549
219 516 526 539 549
220 516 526 539 549
221 516 526 539 549
222 516 526 539 549
223 516 526 539 549
224 516 526 539 549
225 517 526 540 549
226 516 526 539 549
227 516 526 539 549
228 516 526 539 549
229 516 526 539 549
230 516 526 539 549
231 516 526 539 549
232 516 526 539 549
233 516 526 539 549
234 516 526 539 549
235 516 526 539 549
236 516 526 539 549
237 517 526 540 549
238 517 526 540 549
239 517 526 540 549
240 517 526 540 549
241 517 526 540 549
242 517 526 540 549
243 517 526 540 549
244 517 526 540 549
245 517 526 540 549
246 517 526 540 549
247 517 526 540 549
248 517 526 540 549
249 517 526 540 549
250 517 526 540 549
251 517 526 540 549
252 517 526 540 549
253 517 526 540 549
254 517 526 540 549
255 517 526 540 549
256 517 526 540 549
257 517 526 540 549
258 517 526 540 549
259 518 526 541 549
260 518 526 541 549
261 517 526 540 549
262 517 526 540 549
263 517 526 540 549
264 518 526 541 549
265 517 526 540 549
266 517 526 540 549
267 517 526 540 549
268 517 526 540 549
269 517 526 540 549
270 517 526 540 549
271 518 526 541 549
272 517 526 540 549
273 518 526 541 549
274 517 526 540 549
275 517 526 540 549
276 518 526 541 549
277 517 526 540 549
278 518 526 541 549
279 518 526 541 549
280 517 526 540 549
281 518 526 541 549
282 517 526 540 549
283 517 526 540 549
284 517 526 540 549
285 517 526 540 549
286 517 526 540 549
287 517 526 540 549
288 517 526 540 549
289 517 526 540 549
290 517 526 540 549
291 517 526 540 549
292 517 526 540 549
293 516 526 539 549
294 517 526 540 549
295 517 526 540 549
296 517 526 540 549
297 517 526 540 549
298 517 526 540 549
299 517 526 540 549
300 517 526 540 549
