322 -1 -1 -1 -1
0 457 426 479 448
1 459 427 480 448
2 458 426 479 447
3 458 426 479 447
4 458 427 479 448
5 458 426 479 447
6 458 426 479 447
7 458 426 479 447
8 458 426 479 447
9 458 427 479 448
10 458 427 479 448
11 457 426 478 447
12 458 426 479 447
13 458 426 479 447
14 458 427 479 448
15 458 427 479 448
16 458 426 479 447
17 458 426 479 447
18 457 426 478 447
19 458 427 479 448
20 457 426 478 447
21 457 426 478 447
22 457 427 478 448
23 457 427 478 448
24 457 426 478 447
25 458 426 479 447
26 458 426 479 447
27 457 426 478 447
28 457 427 478 448
29 458 427 479 448
30 457 427 478 448
31 458 427 479 448
32 457 427 478 448
33 457 427 478 448
34 457 427 478 448
35 456 427 477 448
36 451 431 472 452
37 437 442 458 463
38 419 460 440 481
39 413 465 434 486
40 401 475 422 496
41 385 489 406 510
42 367 502 388 523
43 350 516 371 537
44 334 528 355 549
45 329 529 350 550
46 320 539 341 560
47 306 551 327 572
48 291 563 312 584
49 276 575 297 596
50 262 587 283 608
51 257 590 278 611
52 252 596 273 617
53 246 602 267 623
54 237 609 258 630
55 231 615 252 636
56 232 618 253 639
57 236 618 257 639
58 241 616 262 637
59 243 613 264 634
60 242 610 263 631
61 240 608 261 629
62 238 608 259 629
63 237 608 258 629
64 237 609 258 630
65 238 610 259 631
66 238 611 259 632
67 239 611 260 632
68 240 611 261 632
69 240 612 261 633
70 240 612 261 633
71 239 612 260 633
72 239 611 260 632
73 239 610 260 631
74 239 610 260 631
75 239 610 260 631
76 239 611 260 632
77 239 612 260 633
78 239 612 260 633
79 239 612 260 633
80 240 612 261 633
81 240 611 261 632
82 239 610 260 631
83 238 610 259 631
84 237 609 258 630
85 237 609 258 630
86 237 610 258 631
87 237 611 258 632
88 238 612 259 633
89 238 612 259 633
90 238 611 259 632
91 238 610 259 631
92 237 608 258 629
93 237 606 258 627
94 236 604 257 625
95 235 603 256 624
96 235 603 256 624
97 236 604 257 625
98 236 605 257 626
99 236 606 257 627
100 235 608 256 629
101 235 609 256 630
102 235 608 256 629
103 234 607 255 628
104 234 606 255 627
105 235 606 256 627
106 235 606 256 627
107 236 606 257 627
108 237 607 258 628
109 237 609 258 630
110 237 611 258 632
111 237 611 258 632
112 237 610 258 631
113 236 609 257 630
114 235 607 256 628
115 234 607 255 628
116 234 607 255 628
117 235 608 256 629
118 237 610 258 631
119 238 612 259 633
120 239 612 260 633
121 239 612 260 633
122 239 613 260 634
123 238 613 259 634
124 238 612 259 633
125 238 611 259 632
126 238 610 259 631
127 239 610 260 631
128 239 611 260 632
129 239 612 260 633
130 239 613 260 634
131 238 613 259 634
132 236 612 257 633
133 235 611 256 632
134 235 611 256 632
135 235 610 256 631
136 235 609 256 630
137 236 609 257 630
138 238 610 259 631
139 239 611 260 632
140 239 612 260 633
141 239 613 260 634
142 239 614 260 635
143 238 613 259 634
144 237 611 258 632
145 236 609 257 630
146 235 608 256 629
147 234 609 255 630
148 234 609 255 630
149 234 610 255 631
150 236 611 257 632
151 238 611 259 632
152 239 611 260 632
153 239 611 260 632
154 239 611 260 632
155 238 612 259 633
156 238 612 259 633
157 238 612 259 633
158 238 613 259 634
159 239 613 260 634
160 240 613 261 634
161 239 612 260 633
162 239 611 260 632
163 238 611 259 632
164 238 611 259 632
165 238 612 259 633
166 238 613 259 634
167 237 613 258 634
168 237 613 258 634
169 237 611 258 632
170 237 609 258 630
171 237 608 258 629
172 237 608 258 629
173 237 609 258 630
174 238 611 259 632
175 238 612 259 633
176 238 612 259 633
177 238 612 259 633
178 238 611 259 632
179 237 610 258 631
180 236 609 257 630
181 235 609 256 630
182 235 610 256 631
183 235 610 256 631
184 236 611 257 632
185 236 611 257 632
186 236 611 257 632
187 236 610 257 631
188 236 610 257 631
189 236 610 257 631
190 235 611 256 632
191 234 611 255 632
192 235 611 256 632
193 236 610 257 631
194 236 609 257 630
195 236 609 257 630
196 235 609 256 630
197 234 609 255 630
198 234 609 255 630
199 234 609 255 630
200 234 609 255 630
201 234 609 255 630
202 234 610 255 631
203 235 611 256 632
204 236 611 257 632
205 236 610 257 631
206 236 610 257 631
207 236 610 257 631
208 236 610 257 631
209 236 611 257 632
210 237 613 258 634
211 238 614 259 635
212 239 614 260 635
213 239 615 260 636
214 239 615 260 636
215 239 615 260 636
216 239 614 260 635
217 239 614 260 635
218 239 614 260 635
219 239 613 260 634
220 239 613 260 634
221 239 613 260 634
222 239 613 260 634
223 239 613 260 634
224 239 614 260 635
225 238 614 259 635
226 238 614 259 635
227 238 614 259 635
228 239 613 260 634
229 239 612 260 633
230 238 613 259 634
231 238 614 259 635
232 239 614 260 635
233 240 614 261 635
234 240 614 261 635
235 239 614 260 635
236 238 613 259 634
237 237 612 258 633
238 237 611 258 632
239 238 611 259 632
240 238 612 259 633
241 239 614 260 635
242 240 615 261 636
243 240 615 261 636
244 240 614 261 635
245 239 614 260 635
246 239 614 260 635
247 239 614 260 635
248 239 614 260 635
249 240 614 261 635
250 240 613 261 634
251 240 613 261 634
252 240 614 261 635
253 239 615 260 636
254 239 615 260 636
255 239 614 260 635
256 239 613 260 634
257 239 613 260 634
258 239 613 260 634
259 240 614 261 635
260 241 615 262 636
261 242 615 263 636
262 242 615 263 636
263 241 616 262 637
264 240 616 261 637
265 239 616 260 637
266 238 615 259 636
267 239 614 260 635
268 239 614 260 635
269 240 615 261 636
270 240 616 261 637
271 240 617 261 638
272 239 617 260 638
273 239 616 260 637
274 239 615 260 636
275 239 615 260 636
276 239 615 260 636
277 240 616 261 637
278 241 617 262 638
279 241 617 262 638
280 241 616 262 637
281 240 615 261 636
282 238 614 259 635
283 237 614 258 635
284 238 614 259 635
285 238 613 259 634
286 238 613 259 634
287 238 613 259 634
288 239 613 260 634
289 239 613 260 634
290 239 614 260 635
291 239 615 260 636
292 238 616 259 637
293 239 616 260 637
294 239 615 260 636
295 239 614 260 635
296 239 613 260 634
297 238 613 259 634
298 238 613 259 634
299 239 614 260 635
300 240 615 261 636
301 241 616 262 637
302 241 616 262 637
303 241 617 262 638
304 241 617 262 638
305 241 617 262 638
306 241 617 262 638
307 240 616 261 637
308 241 616 262 637
309 241 616 262 637
310 241 616 262 637
311 241 616 262 637
312 240 616 261 637
313 240 616 261 637
314 239 616 260 637
315 240 616 261 637
316 241 616 262 637
317 241 616 262 637
318 241 617 262 638
319 241 617 262 638
320 241 617 262 638
