322 -1 -1 -1 -1
0 496 52 513 69
1 496 52 512 68
2 496 52 512 68
3 496 53 512 69
4 496 52 512 68
5 496 52 512 68
6 496 52 512 68
7 496 52 512 68
8 496 55 512 71
9 497 56 513 72
10 496 63 512 79
11 495 80 511 96
12 494 98 510 114
13 494 112 510 128
14 493 126 509 142
15 492 129 508 145
16 491 137 507 153
17 490 151 506 167
18 489 166 505 182
19 487 182 503 198
20 486 197 502 213
21 486 202 502 218
22 486 212 502 228
23 485 227 501 243
24 484 244 500 260
25 483 261 499 277
26 481 279 497 295
27 480 284 496 300
28 479 293 495 309
29 479 310 495 326
30 478 331 494 347
31 476 350 492 366
32 475 368 491 384
33 474 373 490 389
34 474 385 490 401
35 472 404 488 420
36 475 424 491 440
37 488 433 504 449
38 507 437 523 453
39 511 437 527 453
40 521 442 537 458
41 536 449 552 465
42 551 457 567 473
43 565 466 581 482
44 580 473 596 489
45 582 474 598 490
46 589 482 605 498
47 603 493 619 509
48 619 501 635 517
49 631 512 647 528
50 643 524 659 540
51 646 527 662 543
52 656 534 672 550
53 670 544 686 560
54 685 555 701 571
55 700 566 716 582
56 713 576 729 592
57 715 579 731 595
58 725 586 741 602
59 739 593 755 609
60 752 593 768 609
61 762 589 778 605
62 771 581 787 597
63 772 577 788 593
64 778 573 794 589
65 787 566 803 582
66 797 560 813 576
67 806 554 822 570
68 816 548 832 564
69 817 547 833 563
70 823 543 839 559
71 832 537 848 553
72 842 532 858 548
73 850 526 866 542
74 859 521 875 537
75 861 520 877 536
76 866 516 882 532
77 875 511 891 527
78 884 505 900 521
79 891 500 907 516
80 899 495 915 511
81 901 494 917 510
82 907 491 923 507
83 915 486 931 502
84 923 480 939 496
85 931 475 947 491
86 939 470 955 486
87 940 470 956 486
88 946 466 962 482
89 954 460 970 476
90 962 455 978 471
91 969 451 985 467
92 969 447 985 463
93 968 446 984 462
94 961 444 977 460
95 954 439 970 455
96 948 435 964 451
97 942 431 958 447
98 937 427 953 443
99 937 427 953 443
100 932 424 948 440
101 926 420 942 436
102 920 415 936 431
103 915 411 931 427
104 910 408 926 424
105 909 408 925 424
106 905 404 921 420
107 900 401 916 417
108 894 397 910 413
109 889 393 905 409
110 884 390 900 406
111 884 389 900 405
112 880 387 896 403
113 875 383 891 399
114 870 380 886 396
115 865 376 881 392
116 860 372 876 388
117 859 372 875 388
118 855 369 871 385
119 851 366 867 382
120 846 362 862 378
121 842 359 858 375
122 837 356 853 372
123 836 356 852 372
124 833 353 849 369
125 828 350 844 366
126 824 346 840 362
127 819 343 835 359
128 815 340 831 356
129 815 340 831 356
130 812 338 828 354
131 807 335 823 351
132 803 332 819 348
133 798 329 814 345
134 794 327 810 343
135 794 326 810 342
136 791 324 807 340
137 787 321 803 337
138 783 318 799 334
139 779 315 795 331
140 775 312 791 328
141 775 312 791 328
142 771 310 787 326
143 767 307 783 323
144 763 304 779 320
145 761 302 777 318
146 757 299 773 315
147 756 299 772 315
148 753 297 769 313
149 750 294 766 310
150 746 292 762 308
151 742 289 758 305
152 739 287 755 303
153 738 286 754 302
154 736 284 752 300
155 733 282 749 298
156 729 280 745 296
157 726 277 742 293
158 722 275 738 291
159 721 275 737 291
160 720 273 736 289
161 716 271 732 287
162 713 269 729 285
163 709 266 725 282
164 707 264 723 280
165 706 264 722 280
166 704 262 720 278
167 700 260 716 276
168 697 258 713 274
169 695 255 711 271
170 692 253 708 269
171 691 253 707 269
172 689 252 705 268
173 686 249 702 265
174 683 247 699 263
175 681 246 697 262
176 678 244 694 260
177 677 243 693 259
178 675 242 691 258
179 672 240 688 256
180 670 238 686 254
181 667 236 683 252
182 664 234 680 250
183 664 234 680 250
184 662 233 678 249
185 659 230 675 246
186 658 228 674 244
187 656 227 672 243
188 653 225 669 241
189 652 225 668 241
190 650 223 666 239
191 648 221 664 237
192 646 220 662 236
193 643 218 659 234
194 641 217 657 233
195 641 217 657 233
196 639 215 655 231
197 637 213 653 229
198 634 212 650 228
199 632 210 648 226
200 630 209 646 225
201 629 209 645 225
202 627 207 643 223
203 625 206 641 222
204 623 204 639 220
205 620 203 636 219
206 618 202 634 218
207 618 202 634 218
208 617 200 633 216
209 614 199 630 215
210 612 197 628 213
211 610 196 626 212
212 609 194 625 210
213 609 194 625 210
214 607 193 623 209
215 605 192 621 208
216 603 191 619 207
217 601 189 617 205
218 599 188 615 204
219 599 188 615 204
220 597 187 613 203
221 596 186 612 202
222 593 184 609 200
223 592 183 608 199
224 591 181 607 197
225 591 181 607 197
226 589 181 605 197
227 587 180 603 196
228 586 179 602 195
229 584 177 600 193
230 582 176 598 192
231 582 177 598 193
232 581 175 597 191
233 579 174 595 190
234 578 173 594 189
235 576 172 592 188
236 575 171 591 187
237 575 171 591 187
238 573 170 589 186
239 572 168 588 184
240 570 168 586 184
241 569 166 585 182
242 568 165 584 181
243 567 165 583 181
244 567 166 583 182
245 565 165 581 181
246 564 164 580 180
247 563 163 579 179
248 561 161 577 177
249 561 161 577 177
250 560 160 576 176
251 559 160 575 176
252 558 160 574 176
253 556 159 572 175
254 555 158 571 174
255 555 158 571 174
256 554 157 570 173
257 553 156 569 172
258 552 155 568 171
259 551 154 567 170
260 550 153 566 169
261 550 154 566 170
262 548 154 564 170
263 547 151 563 167
264 546 150 562 166
265 545 150 561 166
266 544 148 560 164
267 543 147 559 163
268 543 147 559 163
269 542 146 558 162
270 541 145 557 161
271 541 145 557 161
272 540 144 556 160
273 540 144 556 160
274 539 144 555 160
275 538 143 554 159
276 537 144 553 160
277 537 144 553 160
278 537 144 553 160
279 537 144 553 160
280 536 143 552 159
281 536 143 552 159
282 535 143 551 159
283 535 142 551 158
284 535 142 551 158
285 534 142 550 158
286 534 142 550 158
287 533 142 549 158
288 533 141 549 157
289 532 140 548 156
290 532 141 548 157
291 532 141 548 157
292 531 140 547 156
293 530 140 546 156
294 529 140 545 156
295 529 140 545 156
296 529 140 545 156
297 529 140 545 156
298 529 140 545 156
299 528 139 544 155
300 527 139 543 155
301 528 139 544 155
302 528 139 544 155
303 527 139 543 155
304 526 139 542 155
305 526 138 542 154
306 526 138 542 154
307 527 138 543 154
308 526 138 542 154
309 526 138 542 154
310 525 138 541 154
311 526 138 542 154
312 526 138 542 154
313 526 138 542 154
314 525 138 541 154
315 525 138 541 154
316 525 137 541 153
317 525 138 541 154
318 525 137 541 153
319 525 137 541 153
320 525 138 541 154
