187 -1 -1 -1 -1
0 627 528 651 552
1 628 528 651 551
2 628 528 651 551
3 628 528 651 551
4 629 528 652 551
5 628 528 651 551
6 628 528 651 551
7 628 528 651 551
8 629 528 652 551
9 629 528 652 551
10 628 528 651 551
11 628 528 651 551
12 628 528 651 551
13 628 528 651 551
14 628 528 651 551
15 628 528 651 551
16 629 528 652 551
17 629 528 652 551
18 628 527 651 550
19 628 528 651 551
20 628 528 651 551
21 628 527 651 550
22 627 528 650 551
23 625 529 648 552
24 610 534 633 557
25 601 536 624 559
26 583 539 606 562
27 556 543 579 566
28 531 548 554 571
29 508 551 531 574
30 486 555 509 578
31 481 557 504 580
32 467 558 490 581
33 447 560 470 583
34 427 565 450 588
35 407 569 430 592
36 389 573 412 596
37 385 574 408 597
38 372 576 395 599
39 352 579 375 602
40 332 585 355 608
41 313 589 336 612
42 295 593 318 616
43 292 593 315 616
44 279 595 302 618
45 259 599 282 622
46 244 600 267 623
47 237 602 260 625
48 230 603 253 626
49 226 602 249 625
50 225 602 248 625
51 226 603 249 626
52 226 603 249 626
53 227 603 250 626
54 227 603 250 626
55 227 603 250 626
56 227 602 250 625
57 227 602 250 625
58 227 602 250 625
59 229 603 252 626
60 232 604 255 627
61 233 604 256 627
62 233 604 256 627
63 233 604 256 627
64 233 604 256 627
65 232 604 255 627
66 232 604 255 627
67 232 604 255 627
68 233 604 256 627
69 232 605 255 628
70 231 604 254 627
71 232 604 255 627
72 233 604 256 627
73 232 605 255 628
74 232 605 255 628
75 232 604 255 627
76 232 604 255 627
77 232 604 255 627
78 232 604 255 627
79 232 604 255 627
80 232 604 255 627
81 232 604 255 627
82 232 604 255 627
83 232 604 255 627
84 232 604 255 627
85 232 604 255 627
86 232 604 255 627
87 232 604 255 627
88 232 604 255 627
89 232 604 255 627
90 232 604 255 627
91 231 604 254 627
92 230 604 253 627
93 230 604 253 627
94 230 603 253 626
95 230 603 253 626
96 229 603 252 626
97 229 603 252 626
98 230 604 253 627
99 230 604 253 627
100 230 604 253 627
101 230 604 253 627
102 230 604 253 627
103 230 604 253 627
104 231 604 254 627
105 231 603 254 626
106 230 603 253 626
107 230 603 253 626
108 230 603 253 626
109 230 603 253 626
110 230 604 253 627
111 230 604 253 627
112 230 604 253 627
113 231 604 254 627
114 231 604 254 627
115 231 604 254 627
116 231 604 254 627
117 230 603 253 626
118 230 603 253 626
119 231 604 254 627
120 231 604 254 627
121 230 603 253 626
122 230 603 253 626
123 230 603 253 626
124 230 603 253 626
125 230 603 253 626
126 231 603 254 626
127 231 603 254 626
128 231 603 254 626
129 231 604 254 627
130 231 604 254 627
131 231 604 254 627
132 231 603 254 626
133 231 603 254 626
134 230 603 253 626
135 230 603 253 626
136 230 603 253 626
137 230 603 253 626
138 231 603 254 626
139 232 604 255 627
140 231 604 254 627
141 231 603 254 626
142 231 603 254 626
143 231 603 254 626
144 230 603 253 626
145 230 604 253 627
146 231 604 254 627
147 231 604 254 627
148 231 604 254 627
149 231 603 254 626
150 231 603 254 626
151 231 603 254 626
152 230 603 253 626
153 230 603 253 626
154 231 603 254 626
155 231 603 254 626
156 231 603 254 626
157 231 603 254 626
158 231 603 254 626
159 231 603 254 626
160 231 603 254 626
161 231 603 254 626
162 231 603 254 626
163 231 603 254 626
164 231 604 254 627
165 231 603 254 626
166 231 603 254 626
167 231 603 254 626
168 231 604 254 627
169 230 603 253 626
170 230 603 253 626
171 230 603 253 626
172 230 603 253 626
173 231 603 254 626
174 231 603 254 626
175 231 604 254 627
176 231 604 254 627
177 231 603 254 626
178 231 603 254 626
179 229 604 252 627
180 228 603 251 626
181 228 603 251 626
182 229 603 252 626
183 230 603 253 626
184 230 603 253 626
185 230 604 253 627
