187 -1 -1 -1 -1
0 757 476 780 499
1 758 476 780 498
2 757 477 779 499
3 757 476 779 498
4 757 477 779 499
5 757 476 779 498
6 757 476 779 498
7 757 476 779 498
8 758 477 780 499
9 758 476 780 498
10 758 477 780 499
11 758 477 780 499
12 757 476 779 498
13 757 476 779 498
14 757 476 779 498
15 758 476 780 498
16 757 476 779 498
17 758 476 780 498
18 758 478 780 500
19 757 477 779 499
20 743 484 765 506
21 712 500 734 522
22 679 514 701 536
23 649 526 671 548
24 642 533 664 555
25 648 534 670 556
26 652 540 674 562
27 654 546 676 568
28 654 553 676 575
29 654 560 676 582
30 656 566 678 588
31 656 566 678 588
32 656 571 678 593
33 657 578 679 600
34 656 584 678 606
35 657 589 679 611
36 657 591 679 613
37 657 591 679 613
38 659 591 681 613
39 661 590 683 612
40 662 588 684 610
41 664 584 686 606
42 666 581 688 603
43 666 581 688 603
44 668 578 690 600
45 670 574 692 596
46 671 571 693 593
47 673 568 695 590
48 675 564 697 586
49 676 564 698 586
50 677 561 699 583
51 679 557 701 579
52 681 554 703 576
53 682 551 704 573
54 685 547 707 569
55 684 547 706 569
56 687 545 709 567
57 689 542 711 564
58 690 539 712 561
59 692 535 714 557
60 693 532 715 554
61 693 532 715 554
62 695 530 717 552
63 697 527 719 549
64 698 524 720 546
65 700 521 722 543
66 702 518 724 540
67 702 518 724 540
68 703 516 725 538
69 704 513 726 535
70 706 510 728 532
71 707 507 729 529
72 710 505 732 527
73 711 505 733 527
74 711 503 733 525
75 713 500 735 522
76 714 497 736 519
77 715 495 737 517
78 717 493 739 515
79 717 493 739 515
80 718 491 740 513
81 719 488 741 510
82 721 485 743 507
83 723 484 745 506
84 723 481 745 503
85 723 481 745 503
86 725 479 747 501
87 727 477 749 499
88 727 475 749 497
89 729 473 751 495
90 730 471 752 493
91 730 471 752 493
92 731 469 753 491
93 732 467 754 489
94 733 465 755 487
95 734 463 756 485
96 736 461 758 483
97 737 460 759 482
98 737 459 759 481
99 738 457 760 479
100 740 455 762 477
101 741 453 763 475
102 742 451 764 473
103 742 451 764 473
104 742 449 764 471
105 743 448 765 470
106 744 446 766 468
107 745 444 767 466
108 746 443 768 465
109 746 442 768 464
110 747 441 769 463
111 748 440 770 462
112 749 438 771 460
113 750 436 772 458
114 751 434 773 456
115 751 434 773 456
116 752 434 774 456
117 753 432 775 454
118 754 431 776 453
119 755 429 777 451
120 756 428 778 450
121 756 427 778 449
122 757 426 779 448
123 758 425 780 447
124 759 424 781 446
125 760 422 782 444
126 760 421 782 443
127 760 421 782 443
128 761 420 783 442
129 762 418 784 440
130 762 418 784 440
131 763 417 785 439
132 763 415 785 437
133 763 415 785 437
134 764 414 786 436
135 764 413 786 435
136 765 411 787 433
137 766 411 788 433
138 767 410 789 432
139 767 410 789 432
140 768 409 790 431
141 769 407 791 429
142 769 406 791 428
143 770 406 792 428
144 770 405 792 427
145 770 405 792 427
146 770 404 792 426
147 771 403 793 425
148 771 402 793 424
149 772 401 794 423
150 772 400 794 422
151 772 400 794 422
152 772 400 794 422
153 773 399 795 421
154 773 398 795 420
155 773 398 795 420
156 774 397 796 419
157 774 397 796 419
158 774 396 796 418
159 775 396 797 418
160 775 396 797 418
161 775 395 797 417
162 776 394 798 416
163 777 394 799 416
164 776 394 798 416
165 776 394 798 416
166 777 393 799 415
167 778 393 800 415
168 778 392 800 414
169 778 392 800 414
170 777 392 799 414
171 778 391 800 413
172 778 391 800 413
173 778 391 800 413
174 779 390 801 412
175 779 390 801 412
176 779 390 801 412
177 779 390 801 412
178 779 390 801 412
179 779 390 801 412
180 779 389 801 411
181 779 389 801 411
182 779 389 801 411
183 780 389 802 411
184 780 389 802 411
185 780 388 802 410
