307 -1 -1 -1 -1
0 816 46 833 63
1 817 47 833 63
2 817 47 833 63
3 817 47 833 63
4 817 47 833 63
5 817 47 833 63
6 817 47 833 63
7 817 47 833 63
8 817 47 833 63
9 817 48 833 64
10 817 47 833 63
11 817 47 833 63
12 817 47 833 63
13 817 47 833 63
14 817 47 833 63
15 817 47 833 63
16 817 47 833 63
17 817 47 833 63
18 817 47 833 63
19 817 47 833 63
20 817 47 833 63
21 817 48 833 64
22 815 49 831 65
23 815 49 831 65
24 811 58 827 74
25 805 69 821 85
26 798 81 814 97
27 792 91 808 107
28 785 101 801 117
29 784 102 800 118
30 780 110 796 126
31 773 120 789 136
32 767 130 783 146
33 761 140 777 156
34 754 150 770 166
35 753 153 769 169
36 749 161 765 177
37 743 172 759 188
38 735 183 751 199
39 727 195 743 211
40 721 207 737 223
41 719 210 735 226
42 715 218 731 234
43 708 228 724 244
44 700 241 716 257
45 693 254 709 270
46 685 266 701 282
47 683 268 699 284
48 678 277 694 293
49 671 289 687 305
50 662 303 678 319
51 654 316 670 332
52 646 329 662 345
53 644 331 660 347
54 638 341 654 357
55 630 355 646 371
56 621 369 637 385
57 612 383 628 399
58 604 398 620 414
59 602 402 618 418
60 596 412 612 428
61 587 427 603 443
62 577 442 593 458
63 567 457 583 473
64 557 474 573 490
65 553 478 569 494
66 539 484 555 500
67 518 494 534 510
68 498 506 514 522
69 480 516 496 532
70 462 528 478 544
71 457 530 473 546
72 446 538 462 554
73 427 551 443 567
74 407 564 423 580
75 386 577 402 593
76 367 589 383 605
77 361 592 377 608
78 352 594 368 610
79 335 595 351 611
80 320 591 336 607
81 309 582 325 598
82 299 572 315 588
83 296 570 312 586
84 289 565 305 581
85 277 558 293 574
86 268 550 284 566
87 275 543 291 559
88 292 537 308 553
89 296 536 312 552
90 302 532 318 548
91 312 525 328 541
92 321 518 337 534
93 330 511 346 527
94 339 505 355 521
95 341 504 357 520
96 347 499 363 515
97 356 492 372 508
98 365 485 381 501
99 374 479 390 495
100 383 473 399 489
101 384 472 400 488
102 390 467 406 483
103 399 462 415 478
104 407 456 423 472
105 414 450 430 466
106 422 444 438 460
107 424 444 440 460
108 429 439 445 455
109 437 433 453 449
110 445 427 461 443
111 453 422 469 438
112 461 417 477 433
113 462 417 478 433
114 468 412 484 428
115 475 407 491 423
116 482 401 498 417
117 490 396 506 412
118 497 391 513 407
119 497 390 513 406
120 502 387 518 403
121 510 381 526 397
122 517 376 533 392
123 524 371 540 387
124 531 367 547 383
125 531 366 547 382
126 537 362 553 378
127 544 357 560 373
128 549 353 565 369
129 556 348 572 364
130 562 344 578 360
131 563 343 579 359
132 568 339 584 355
133 574 335 590 351
134 581 330 597 346
135 586 325 602 341
136 592 321 608 337
137 593 321 609 337
138 598 318 614 334
139 603 313 619 329
140 609 309 625 325
141 615 305 631 321
142 621 300 637 316
143 622 299 638 315
144 626 296 642 312
145 631 292 647 308
146 637 289 653 305
147 641 286 657 302
148 648 283 664 299
149 649 283 665 299
150 657 281 673 297
151 664 279 680 295
152 671 277 687 293
153 678 275 694 291
154 685 273 701 289
155 685 273 701 289
156 691 271 707 287
157 698 269 714 285
158 705 267 721 283
159 712 265 728 281
160 718 263 734 279
161 719 263 735 279
162 725 261 741 277
163 731 259 747 275
164 738 257 754 273
165 745 255 761 271
166 751 253 767 269
167 752 253 768 269
168 757 252 773 268
169 764 250 780 266
170 770 248 786 264
171 775 246 791 262
172 782 244 798 260
173 783 244 799 260
174 788 242 804 258
175 794 241 810 257
176 800 239 816 255
177 806 237 822 253
178 811 235 827 251
179 812 235 828 251
180 817 233 833 249
181 823 232 839 248
182 829 230 845 246
183 835 228 851 244
184 840 227 856 243
185 841 227 857 243
186 845 226 861 242
187 851 224 867 240
188 857 221 873 237
189 862 220 878 236
190 868 218 884 234
191 869 218 885 234
192 872 217 888 233
193 878 215 894 231
194 883 214 899 230
195 888 212 904 228
196 894 210 910 226
197 895 210 911 226
198 898 209 914 225
199 904 207 920 223
200 908 206 924 222
201 914 204 930 220
202 919 203 935 219
203 920 203 936 219
204 923 202 939 218
205 919 201 935 217
206 915 200 931 216
207 912 199 928 215
208 909 198 925 214
209 909 198 925 214
210 906 197 922 213
211 903 196 919 212
212 900 196 916 212
213 897 195 913 211
214 894 194 910 210
215 894 194 910 210
216 892 193 908 209
217 890 193 906 209
218 886 192 902 208
219 884 191 900 207
220 881 191 897 207
221 882 191 898 207
222 879 190 895 206
223 876 189 892 205
224 874 188 890 204
225 872 187 888 203
226 870 187 886 203
227 869 187 885 203
228 867 186 883 202
229 864 186 880 202
230 861 185 877 201
231 859 184 875 200
232 857 184 873 200
233 857 184 873 200
234 856 183 872 199
235 854 183 870 199
236 852 182 868 198
237 850 181 866 197
238 847 181 863 197
239 847 181 863 197
240 846 181 862 197
241 843 180 859 196
242 841 179 857 195
243 839 179 855 195
244 838 178 854 194
245 837 178 853 194
246 836 178 852 194
247 834 177 850 193
248 832 177 848 193
249 831 177 847 193
250 829 176 845 192
251 829 176 845 192
252 827 176 843 192
253 826 175 842 191
254 825 175 841 191
255 823 174 839 190
256 821 174 837 190
257 821 174 837 190
258 820 174 836 190
259 818 173 834 189
260 817 173 833 189
261 816 173 832 189
262 815 172 831 188
263 814 172 830 188
264 813 172 829 188
265 812 172 828 188
266 811 171 827 187
267 810 171 826 187
268 809 170 825 186
269 808 170 824 186
270 808 170 824 186
271 807 170 823 186
272 805 169 821 185
273 804 169 820 185
274 803 169 819 185
275 803 169 819 185
276 802 169 818 185
277 801 169 817 185
278 801 169 817 185
279 800 168 816 184
280 799 168 815 184
281 799 168 815 184
282 798 168 814 184
283 797 168 813 184
284 797 167 813 183
285 797 167 813 183
286 796 167 812 183
287 796 167 812 183
288 796 167 812 183
289 795 167 811 183
290 794 167 810 183
291 794 167 810 183
292 793 167 809 183
293 793 167 809 183
294 793 167 809 183
295 793 167 809 183
296 792 167 808 183
297 792 166 808 182
298 792 166 808 182
299 792 166 808 182
300 791 166 807 182
301 791 166 807 182
302 791 166 807 182
303 790 166 806 182
304 791 166 807 182
305 791 166 807 182
