307 -1 -1 -1 -1
0 572 475 593 496
1 573 475 593 495
2 573 475 593 495
3 573 475 593 495
4 573 475 593 495
5 571 475 591 495
6 572 476 592 496
7 572 475 592 495
8 572 475 592 495
9 573 475 593 495
10 573 475 593 495
11 573 475 593 495
12 573 475 593 495
13 573 475 593 495
14 571 475 591 495
15 573 475 593 495
16 572 475 592 495
17 572 475 592 495
18 573 475 593 495
19 573 475 593 495
20 572 475 592 495
21 571 475 591 495
22 572 475 592 495
23 572 475 592 495
24 573 475 593 495
25 573 475 593 495
26 572 475 592 495
27 573 475 593 495
28 573 475 593 495
29 572 475 592 495
30 573 475 593 495
31 571 475 591 495
32 572 475 592 495
33 572 475 592 495
34 572 475 592 495
35 573 475 593 495
36 572 476 592 496
37 572 475 592 495
38 573 475 593 495
39 573 475 593 495
40 572 475 592 495
41 572 475 592 495
42 573 475 593 495
43 572 475 592 495
44 572 475 592 495
45 573 475 593 495
46 573 475 593 495
47 572 475 592 495
48 572 475 592 495
49 572 475 592 495
50 572 475 592 495
51 572 475 592 495
52 572 475 592 495
53 573 475 593 495
54 573 475 593 495
55 572 475 592 495
56 572 475 592 495
57 572 475 592 495
58 572 475 592 495
59 572 476 592 496
60 572 476 592 496
61 571 476 591 496
62 572 476 592 496
63 572 475 592 495
64 576 479 596 499
65 576 479 596 499
66 584 484 604 504
67 593 491 613 511
68 602 497 622 517
69 610 501 630 521
70 617 505 637 525
71 618 506 638 526
72 623 510 643 530
73 630 515 650 535
74 638 519 658 539
75 645 523 665 543
76 652 529 672 549
77 654 530 674 550
78 659 533 679 553
79 666 538 686 558
80 673 542 693 562
81 681 546 701 566
82 688 551 708 571
83 688 552 708 572
84 693 556 713 576
85 701 560 721 580
86 709 565 729 585
87 716 569 736 589
88 723 573 743 593
89 724 574 744 594
90 729 578 749 598
91 737 582 757 602
92 745 587 765 607
93 752 591 772 611
94 759 593 779 613
95 760 593 780 613
96 764 594 784 614
97 770 594 790 614
98 775 592 795 612
99 779 591 799 611
100 784 589 804 609
101 785 588 805 608
102 788 587 808 607
103 792 585 812 605
104 799 583 819 603
105 803 580 823 600
106 806 577 826 597
107 807 577 827 597
108 810 576 830 596
109 815 573 835 593
110 821 570 841 590
111 825 569 845 589
112 829 567 849 587
113 829 566 849 586
114 833 565 853 585
115 838 562 858 582
116 842 560 862 580
117 846 558 866 578
118 849 556 869 576
119 850 556 870 576
120 853 554 873 574
121 857 552 877 572
122 862 550 882 570
123 865 549 885 569
124 869 547 889 567
125 870 546 890 566
126 873 545 893 565
127 876 543 896 563
128 880 541 900 561
129 883 539 903 559
130 887 538 907 558
131 888 538 908 558
132 890 537 910 557
133 893 535 913 555
134 898 533 918 553
135 901 532 921 552
136 904 531 924 551
137 904 530 924 550
138 907 528 927 548
139 911 527 931 547
140 914 526 934 546
141 918 524 938 544
142 921 522 941 542
143 921 522 941 542
144 923 521 943 541
145 926 519 946 539
146 930 518 950 538
147 933 516 953 536
148 936 515 956 535
149 936 515 956 535
150 937 514 957 534
151 942 513 962 533
152 944 511 964 531
153 947 509 967 529
154 949 508 969 528
155 949 508 969 528
156 951 507 971 527
157 954 505 974 525
158 956 505 976 525
159 959 504 979 524
160 962 502 982 522
161 962 502 982 522
162 964 501 984 521
163 967 500 987 520
164 969 499 989 519
165 972 498 992 518
166 974 497 994 517
167 974 497 994 517
168 976 495 996 515
169 978 494 998 514
170 980 493 1000 513
171 982 492 1002 512
172 981 491 1001 511
173 981 491 1001 511
174 980 490 1000 510
175 979 489 999 509
176 978 489 998 509
177 977 488 997 508
178 975 487 995 507
179 975 487 995 507
180 974 487 994 507
181 972 486 992 506
182 971 485 991 505
183 971 485 991 505
184 970 484 990 504
185 969 484 989 504
186 968 484 988 504
187 967 483 987 503
188 965 482 985 502
189 966 481 986 501
190 965 481 985 501
191 964 481 984 501
192 963 481 983 501
193 962 480 982 500
194 962 480 982 500
195 962 480 982 500
196 961 479 981 499
197 961 479 981 499
198 960 479 980 499
199 960 478 980 498
200 958 478 978 498
201 958 478 978 498
202 958 478 978 498
203 957 478 977 498
204 957 477 977 497
205 956 477 976 497
206 956 477 976 497
207 955 477 975 497
208 956 477 976 497
209 956 477 976 497
210 955 477 975 497
211 954 476 974 496
212 954 476 974 496
213 954 476 974 496
214 954 476 974 496
215 954 476 974 496
216 952 476 972 496
217 952 476 972 496
218 952 476 972 496
219 953 476 973 496
220 953 476 973 496
221 953 476 973 496
222 952 476 972 496
223 953 476 973 496
224 954 475 974 495
225 954 475 974 495
226 953 475 973 495
227 953 476 973 496
228 953 475 973 495
229 953 475 973 495
230 953 475 973 495
231 953 475 973 495
232 954 475 974 495
233 954 475 974 495
234 953 475 973 495
235 954 475 974 495
236 954 475 974 495
237 953 475 973 495
238 953 475 973 495
239 953 475 973 495
240 953 475 973 495
241 953 475 973 495
242 953 475 973 495
243 953 475 973 495
244 953 475 973 495
245 953 475 973 495
246 953 475 973 495
247 953 475 973 495
248 953 475 973 495
249 953 475 973 495
250 953 475 973 495
251 953 475 973 495
252 953 475 973 495
253 953 475 973 495
254 953 475 973 495
255 953 475 973 495
256 953 475 973 495
257 953 475 973 495
258 953 475 973 495
259 953 475 973 495
260 953 475 973 495
261 953 475 973 495
262 953 475 973 495
263 953 475 973 495
264 953 475 973 495
265 953 476 973 496
266 953 475 973 495
267 953 476 973 496
268 953 475 973 495
269 953 476 973 496
270 953 476 973 496
271 953 476 973 496
272 953 476 973 496
273 953 476 973 496
274 953 476 973 496
275 953 476 973 496
276 953 476 973 496
277 953 475 973 495
278 953 476 973 496
279 953 476 973 496
280 953 476 973 496
281 953 475 973 495
282 953 475 973 495
283 953 475 973 495
284 952 476 972 496
285 952 476 972 496
286 952 476 972 496
287 953 476 973 496
288 953 476 973 496
289 953 476 973 496
290 953 476 973 496
291 953 476 973 496
292 953 476 973 496
293 953 476 973 496
294 952 476 972 496
295 953 475 973 495
296 953 476 973 496
297 953 476 973 496
298 953 476 973 496
299 953 475 973 495
300 953 475 973 495
301 953 476 973 496
302 953 476 973 496
303 953 475 973 495
304 953 476 973 496
305 953 476 973 496
