186 -1 -1 -1 -1
0 430 47 448 65
1 429 47 446 64
2 429 47 446 64
3 430 47 447 64
4 429 47 446 64
5 430 47 447 64
6 431 48 448 65
7 430 47 447 64
8 430 48 447 65
9 430 48 447 65
10 429 52 446 69
11 428 61 445 78
12 424 71 441 88
13 422 79 439 96
14 420 87 437 104
15 419 88 436 105
16 418 95 435 112
17 416 104 433 121
18 413 112 430 129
19 411 120 428 137
20 410 129 427 146
21 410 130 427 147
22 408 136 425 153
23 406 145 423 162
24 403 155 420 172
25 402 164 419 181
26 400 173 417 190
27 399 174 416 191
28 397 180 414 197
29 395 189 412 206
30 393 199 410 216
31 390 210 407 227
32 388 220 405 237
33 387 221 404 238
34 386 227 403 244
35 383 237 400 254
36 381 248 398 265
37 379 259 396 276
38 376 269 393 286
39 375 271 392 288
40 373 277 390 294
41 371 287 388 304
42 368 299 385 316
43 366 310 383 327
44 362 320 379 337
45 361 322 378 339
46 360 329 377 346
47 358 340 375 357
48 354 352 371 369
49 352 364 369 381
50 348 376 365 393
51 347 378 364 395
52 346 386 363 403
53 343 400 360 417
54 339 413 356 430
55 336 426 353 443
56 333 438 350 455
57 332 440 349 457
58 330 448 347 465
59 327 461 344 478
60 323 475 340 492
61 320 488 337 505
62 317 501 334 518
63 314 512 331 529
64 314 510 331 527
65 318 500 335 517
66 318 499 335 516
67 317 503 334 520
68 316 508 333 525
69 316 509 333 526
70 316 511 333 528
71 315 514 332 531
72 314 517 331 534
73 314 520 331 537
74 313 523 330 540
75 312 524 329 541
76 312 526 329 543
77 311 529 328 546
78 311 532 328 549
79 310 535 327 552
80 310 538 327 555
81 309 539 326 556
82 309 541 326 558
83 308 544 325 561
84 309 547 326 564
85 311 548 328 565
86 315 548 332 565
87 316 548 333 565
88 320 548 337 565
89 324 549 341 566
90 328 549 345 566
91 332 550 349 567
92 336 551 353 568
93 337 552 354 569
94 339 552 356 569
95 343 552 360 569
96 347 553 364 570
97 351 553 368 570
98 354 554 371 571
99 355 554 372 571
100 357 555 374 572
101 361 555 378 572
102 364 555 381 572
103 367 556 384 573
104 371 556 388 573
105 372 556 389 573
106 374 557 391 574
107 377 558 394 575
108 380 558 397 575
109 383 558 400 575
110 386 558 403 575
111 387 559 404 576
112 390 558 407 575
113 393 557 410 574
114 396 558 413 575
115 399 559 416 576
116 402 559 419 576
117 402 558 419 575
118 404 559 421 576
119 407 560 424 577
120 409 560 426 577
121 412 560 429 577
122 415 562 432 579
123 415 562 432 579
124 417 562 434 579
125 419 562 436 579
126 422 562 439 579
127 424 563 441 580
128 427 563 444 580
129 427 563 444 580
130 429 563 446 580
131 431 564 448 581
132 433 564 450 581
133 435 564 452 581
134 438 564 455 581
135 438 564 455 581
136 439 564 456 581
137 442 564 459 581
138 445 564 462 581
139 446 564 463 581
140 448 564 465 581
141 448 564 465 581
142 449 564 466 581
143 450 564 467 581
144 452 565 469 582
145 454 565 471 582
146 455 565 472 582
147 456 565 473 582
148 457 565 474 582
149 458 565 475 582
150 460 566 477 583
151 461 566 478 583
152 463 566 480 583
153 463 566 480 583
154 464 566 481 583
155 465 566 482 583
156 466 566 483 583
157 467 567 484 584
158 468 567 485 584
159 468 567 485 584
160 468 567 485 584
161 470 568 487 585
162 471 568 488 585
163 472 568 489 585
164 472 568 489 585
165 473 568 490 585
166 473 568 490 585
167 474 568 491 585
168 475 568 492 585
169 475 568 492 585
170 475 569 492 586
171 476 569 493 586
172 477 569 494 586
173 477 569 494 586
174 477 569 494 586
175 477 569 494 586
176 477 568 494 585
177 477 568 494 585
178 478 568 495 585
179 478 569 495 586
180 478 569 495 586
181 478 569 495 586
182 479 569 496 586
183 479 568 496 585
184 479 568 496 585
