186 -1 -1 -1 -1
0 312 502 335 525
1 312 502 334 524
2 312 503 334 525
3 312 502 334 524
4 311 502 333 524
5 312 502 334 524
6 311 502 333 524
7 312 503 334 525
8 312 503 334 525
9 311 502 333 524
10 311 502 333 524
11 312 502 334 524
12 312 502 334 524
13 312 503 334 525
14 312 502 334 524
15 311 502 333 524
16 312 502 334 524
17 312 502 334 524
18 311 503 333 525
19 311 503 333 525
20 311 502 333 524
21 312 502 334 524
22 312 503 334 525
23 312 502 334 524
24 312 503 334 525
25 312 503 334 525
26 312 503 334 525
27 312 502 334 524
28 312 503 334 525
29 312 503 334 525
30 312 503 334 525
31 312 502 334 524
32 312 503 334 525
33 312 503 334 525
34 312 503 334 525
35 312 503 334 525
36 312 503 334 525
37 312 503 334 525
38 312 503 334 525
39 312 503 334 525
40 312 503 334 525
41 312 503 334 525
42 312 503 334 525
43 312 503 334 525
44 312 503 334 525
45 312 502 334 524
46 312 503 334 525
47 312 503 334 525
48 312 503 334 525
49 312 503 334 525
50 312 503 334 525
51 312 503 334 525
52 312 503 334 525
53 312 503 334 525
54 312 503 334 525
55 312 503 334 525
56 312 503 334 525
57 312 503 334 525
58 312 503 334 525
59 312 503 334 525
60 312 502 334 524
61 312 502 334 524
62 311 506 333 528
63 311 507 333 529
64 308 516 330 538
65 305 530 327 552
66 302 543 324 565
67 299 553 321 575
68 295 563 317 585
69 294 564 316 586
70 293 573 315 595
71 290 582 312 604
72 287 592 309 614
73 283 596 305 618
74 283 594 305 616
75 283 593 305 615
76 284 589 306 611
77 286 583 308 605
78 286 577 308 599
79 286 571 308 593
80 286 566 308 588
81 286 566 308 588
82 286 562 308 584
83 286 556 308 578
84 284 552 306 574
85 282 549 304 571
86 276 549 298 571
87 275 549 297 571
88 272 546 294 568
89 267 543 289 565
90 269 542 291 564
91 273 541 295 563
92 277 539 299 561
93 277 539 299 561
94 279 538 301 560
95 281 536 303 558
96 285 535 307 557
97 288 533 310 555
98 291 531 313 553
99 291 532 313 554
100 293 530 315 552
101 295 528 317 550
102 297 527 319 549
103 299 526 321 548
104 303 525 325 547
105 304 525 326 547
106 305 524 327 546
107 308 522 330 544
108 311 521 333 543
109 314 521 336 543
110 316 519 338 541
111 315 519 337 541
112 316 518 338 540
113 319 517 341 539
114 321 515 343 537
115 323 515 345 537
116 326 514 348 536
117 327 514 349 536
118 327 513 349 535
119 328 511 350 533
120 330 510 352 532
121 332 509 354 531
122 334 509 356 531
123 335 509 357 531
124 336 507 358 529
125 338 506 360 528
126 339 505 361 527
127 342 505 364 527
128 345 504 367 526
129 345 504 367 526
130 344 503 366 525
131 346 502 368 524
132 347 501 369 523
133 349 500 371 522
134 351 500 373 522
135 352 500 374 522
136 353 499 375 521
137 355 499 377 521
138 355 498 377 520
139 357 497 379 519
140 359 497 381 519
141 359 497 381 519
142 359 496 381 518
143 360 495 382 517
144 360 495 382 517
145 362 494 384 516
146 363 494 385 516
147 363 494 385 516
148 364 494 386 516
149 366 493 388 515
150 367 492 389 514
151 368 493 390 515
152 368 491 390 513
153 368 491 390 513
154 369 491 391 513
155 371 491 393 513
156 371 491 393 513
157 372 490 394 512
158 373 490 395 512
159 373 490 395 512
160 373 490 395 512
161 375 489 397 511
162 375 489 397 511
163 376 489 398 511
164 376 488 398 510
165 375 488 397 510
166 376 489 398 511
167 378 488 400 510
168 378 488 400 510
169 378 488 400 510
170 377 488 399 510
171 377 488 399 510
172 377 488 399 510
173 378 487 400 509
174 378 487 400 509
175 378 487 400 509
176 378 487 400 509
177 379 487 401 509
178 379 487 401 509
179 378 488 400 510
180 378 488 400 510
181 378 488 400 510
182 379 487 401 509
183 379 487 401 509
184 379 487 401 509
