219 -1 -1 -1 -1
0 399 324 418 343
1 399 325 417 343
2 399 325 417 343
3 399 325 417 343
4 399 325 417 343
5 399 325 417 343
6 399 325 417 343
7 399 325 417 343
8 399 325 417 343
9 399 325 417 343
10 399 325 417 343
11 399 325 417 343
12 399 325 417 343
13 399 325 417 343
14 399 325 417 343
15 399 325 417 343
16 399 325 417 343
17 399 325 417 343
18 399 324 417 342
19 399 325 417 343
20 399 325 417 343
21 399 325 417 343
22 399 325 417 343
23 399 325 417 343
24 399 325 417 343
25 399 325 417 343
26 399 325 417 343
27 399 325 417 343
28 399 325 417 343
29 400 325 418 343
30 400 325 418 343
31 398 325 416 343
32 399 325 417 343
33 400 325 418 343
34 399 325 417 343
35 400 325 418 343
36 399 325 417 343
37 398 325 416 343
38 399 325 417 343
39 399 325 417 343
40 399 325 417 343
41 399 325 417 343
42 399 325 417 343
43 397 329 415 347
44 391 344 409 362
45 385 361 403 379
46 384 364 402 382
47 377 376 395 394
48 370 393 388 411
49 361 408 379 426
50 354 424 372 442
51 348 439 366 457
52 346 442 364 460
53 343 452 361 470
54 337 467 355 485
55 331 481 349 499
56 323 496 341 514
57 317 510 335 528
58 316 513 334 531
59 309 524 327 542
60 300 541 318 559
61 293 557 311 575
62 285 573 303 591
63 277 590 295 608
64 273 595 291 613
65 267 603 285 621
66 257 608 275 626
67 254 609 272 627
68 251 607 269 625
69 251 607 269 625
70 253 608 271 626
71 254 611 272 629
72 250 614 268 632
73 246 617 264 635
74 243 618 261 636
75 242 616 260 634
76 242 613 260 631
77 242 608 260 626
78 243 603 261 621
79 243 597 261 615
80 243 592 261 610
81 242 587 260 605
82 242 583 260 601
83 242 578 260 596
84 243 573 261 591
85 244 568 262 586
86 245 562 263 580
87 246 555 264 573
88 247 549 265 567
89 248 541 266 559
90 250 530 268 548
91 253 517 271 535
92 257 499 275 517
93 262 474 280 492
94 268 445 286 463
95 275 416 293 434
96 281 392 299 410
97 285 374 303 392
98 287 364 305 382
99 287 364 305 382
100 285 372 303 390
101 281 389 299 407
102 276 408 294 426
103 272 425 290 443
104 269 440 287 458
105 267 452 285 470
106 266 460 284 478
107 266 463 284 481
108 265 462 283 480
109 266 456 284 474
110 267 448 285 466
111 270 435 288 453
112 274 418 292 436
113 278 403 296 421
114 282 389 300 407
115 285 377 303 395
116 288 368 306 386
117 289 364 307 382
118 288 365 306 383
119 286 370 304 388
120 283 379 301 397
121 280 393 298 411
122 277 406 295 424
123 274 418 292 436
124 271 430 289 448
125 269 441 287 459
126 268 447 286 465
127 268 452 286 470
128 267 455 285 473
129 266 455 284 473
130 266 453 284 471
131 267 449 285 467
132 269 441 287 459
133 271 432 289 450
134 275 421 293 439
135 278 411 296 429
136 281 401 299 419
137 283 393 301 411
138 284 387 302 405
139 284 384 302 402
140 284 383 302 401
141 283 387 301 405
142 282 392 300 410
143 281 396 299 414
144 280 400 298 418
145 279 404 297 422
146 278 406 296 424
147 276 410 294 428
148 275 413 293 431
149 275 413 293 431
150 275 414 293 432
151 276 413 294 431
152 277 410 295 428
153 278 405 296 423
154 279 401 297 419
155 279 399 297 417
156 279 397 297 415
157 279 398 297 416
158 279 399 297 417
159 279 401 297 419
160 279 403 297 421
161 278 406 296 424
162 277 410 295 428
163 276 414 294 432
164 275 417 293 435
165 274 419 292 437
166 273 419 291 437
167 273 419 291 437
168 274 419 292 437
169 275 419 293 437
170 275 420 293 438
171 275 420 293 438
172 275 420 293 438
173 275 420 293 438
174 274 420 292 438
175 274 418 292 436
176 274 416 292 434
177 275 415 293 433
178 276 412 294 430
179 277 411 295 429
180 277 411 295 429
181 277 410 295 428
182 277 409 295 427
183 277 407 295 425
184 277 404 295 422
185 278 402 296 420
186 279 400 297 418
187 280 397 298 415
188 281 395 299 413
189 281 393 299 411
190 282 390 300 408
191 282 391 300 409
192 281 392 299 410
193 281 393 299 411
194 281 394 299 412
195 281 394 299 412
196 280 398 298 416
197 279 401 297 419
198 278 405 296 423
199 277 409 295 427
200 276 415 294 433
201 275 420 293 438
202 273 424 291 442
203 272 427 290 445
204 271 428 289 446
205 271 429 289 447
206 272 427 290 445
207 273 424 291 442
208 274 422 292 440
209 275 418 293 436
210 276 415 294 433
211 276 413 294 431
212 276 412 294 430
213 276 413 294 431
214 276 414 294 432
215 276 416 294 434
216 275 419 293 437
217 274 423 292 441
