219 -1 -1 -1 -1
0 795 127 813 145
1 797 128 814 145
2 796 128 813 145
3 796 128 813 145
4 797 128 814 145
5 796 128 813 145
6 796 128 813 145
7 796 128 813 145
8 796 128 813 145
9 797 128 814 145
10 796 128 813 145
11 797 128 814 145
12 796 128 813 145
13 797 128 814 145
14 796 128 813 145
15 796 128 813 145
16 797 128 814 145
17 796 128 813 145
18 796 128 813 145
19 796 127 813 144
20 796 128 813 145
21 796 128 813 145
22 795 127 812 144
23 797 128 814 145
24 797 128 814 145
25 796 128 813 145
26 797 128 814 145
27 796 128 813 145
28 796 128 813 145
29 797 129 814 146
30 798 128 815 145
31 799 125 816 142
32 804 123 821 140
33 810 121 827 138
34 820 115 837 132
35 836 105 853 122
36 855 94 872 111
37 872 83 889 100
38 882 75 899 92
39 885 73 902 90
40 885 73 902 90
41 882 74 899 91
42 880 76 897 93
43 878 78 895 95
44 875 79 892 96
45 874 80 891 97
46 875 80 892 97
47 876 79 893 96
48 878 78 895 95
49 880 76 897 93
50 883 74 900 91
51 883 74 900 91
52 882 74 899 91
53 882 74 899 91
54 880 76 897 93
55 878 77 895 94
56 876 78 893 95
57 874 80 891 97
58 872 82 889 99
59 869 84 886 101
60 866 86 883 103
61 862 88 879 105
62 859 90 876 107
63 859 90 876 107
64 860 89 877 106
65 862 89 879 106
66 865 87 882 104
67 867 85 884 102
68 869 83 886 100
69 870 82 887 99
70 871 82 888 99
71 870 82 887 99
72 868 83 885 100
73 867 84 884 101
74 867 84 884 101
75 867 84 884 101
76 866 85 883 102
77 865 86 882 103
78 865 86 882 103
79 866 85 883 102
80 869 83 886 100
81 872 81 889 98
82 873 81 890 98
83 874 80 891 97
84 878 78 895 95
85 881 76 898 93
86 881 76 898 93
87 880 76 897 93
88 877 77 894 94
89 869 81 886 98
90 860 85 877 102
91 856 86 873 103
92 857 84 874 101
93 862 80 879 97
94 870 76 887 93
95 875 71 892 88
96 877 68 894 85
97 873 68 890 85
98 866 68 883 85
99 861 67 878 84
100 860 67 877 84
101 861 65 878 82
102 868 63 885 80
103 877 62 894 79
104 885 62 902 79
105 889 62 906 79
106 890 63 907 80
107 889 64 906 81
108 887 65 904 82
109 885 65 902 82
110 885 65 902 82
111 885 64 902 81
112 885 63 902 80
113 886 63 903 80
114 887 62 904 79
115 887 62 904 79
116 887 62 904 79
117 887 62 904 79
118 887 62 904 79
119 887 62 904 79
120 888 63 905 80
121 888 63 905 80
122 888 63 905 80
123 888 62 905 79
124 888 62 905 79
125 888 62 905 79
126 888 62 905 79
127 888 62 905 79
128 889 62 906 79
129 889 62 906 79
130 889 63 906 80
131 888 63 905 80
132 888 62 905 79
133 888 61 905 78
134 888 62 905 79
135 888 63 905 80
136 888 63 905 80
137 888 63 905 80
138 888 64 905 81
139 889 64 906 81
140 889 63 906 80
141 889 62 906 79
142 889 62 906 79
143 888 62 905 79
144 888 62 905 79
145 888 62 905 79
146 888 62 905 79
147 888 62 905 79
148 888 62 905 79
149 887 63 904 80
150 887 63 904 80
151 887 62 904 79
152 887 61 904 78
153 888 61 905 78
154 888 61 905 78
155 888 62 905 79
156 888 63 905 80
157 888 63 905 80
158 887 63 904 80
159 886 63 903 80
160 887 63 904 80
161 888 62 905 79
162 888 62 905 79
163 888 62 905 79
164 887 62 904 79
165 887 62 904 79
166 888 62 905 79
167 889 62 906 79
168 888 62 905 79
169 888 62 905 79
170 887 62 904 79
171 887 62 904 79
172 887 62 904 79
173 887 62 904 79
174 887 62 904 79
175 887 62 904 79
176 887 62 904 79
177 887 62 904 79
178 887 62 904 79
179 887 63 904 80
180 887 63 904 80
181 887 63 904 80
182 887 63 904 80
183 887 63 904 80
184 888 63 905 80
185 888 63 905 80
186 888 63 905 80
187 888 63 905 80
188 888 63 905 80
189 887 63 904 80
190 886 64 903 81
191 885 64 902 81
192 885 63 902 80
193 885 62 902 79
194 885 62 902 79
195 886 62 903 79
196 887 62 904 79
197 887 61 904 78
198 887 61 904 78
199 887 61 904 78
200 887 62 904 79
201 887 62 904 79
202 887 62 904 79
203 887 62 904 79
204 887 62 904 79
205 887 62 904 79
206 887 62 904 79
207 887 62 904 79
208 886 62 903 79
209 885 63 902 80
210 886 63 903 80
211 886 63 903 80
212 886 63 903 80
213 887 63 904 80
214 887 63 904 80
215 887 63 904 80
216 886 63 903 80
217 886 63 903 80
