245 -1 -1 -1 -1
0 480 517 502 539
1 480 518 501 539
2 480 518 501 539
3 479 518 500 539
4 480 518 501 539
5 480 518 501 539
6 480 517 501 538
7 480 518 501 539
8 480 518 501 539
9 480 518 501 539
10 481 518 502 539
11 492 514 513 535
12 516 504 537 525
13 537 495 558 516
14 559 486 580 507
15 562 486 583 507
16 578 478 599 499
17 595 470 616 491
18 614 463 635 484
19 626 456 647 477
20 628 455 649 476
21 628 455 649 476
22 627 454 648 475
23 627 453 648 474
24 628 452 649 473
25 627 451 648 472
26 627 449 648 470
27 627 449 648 470
28 627 448 648 469
29 627 447 648 468
30 628 445 649 466
31 628 444 649 465
32 627 443 648 464
33 627 443 648 464
34 628 443 649 464
35 627 442 648 463
36 626 442 647 463
37 626 441 647 462
38 627 440 648 461
39 627 441 648 462
40 627 440 648 461
41 628 439 649 460
42 627 439 648 460
43 626 438 647 459
44 627 438 648 459
45 626 438 647 459
46 626 437 647 458
47 626 437 647 458
48 625 436 646 457
49 626 436 647 457
50 626 435 647 456
51 626 435 647 456
52 626 434 647 455
53 626 434 647 455
54 626 433 647 454
55 625 433 646 454
56 625 433 646 454
57 625 432 646 453
58 625 432 646 453
59 624 432 645 453
60 625 432 646 453
61 624 431 645 452
62 625 432 646 453
63 625 432 646 453
64 624 432 645 453
65 624 432 645 453
66 624 432 645 453
67 624 432 645 453
68 624 432 645 453
69 625 431 646 452
70 624 432 645 453
71 624 432 645 453
72 624 432 645 453
73 624 432 645 453
74 624 432 645 453
75 624 432 645 453
76 624 432 645 453
77 624 432 645 453
78 624 432 645 453
79 624 432 645 453
80 624 432 645 453
81 624 432 645 453
82 624 432 645 453
83 624 432 645 453
84 624 432 645 453
85 624 432 645 453
86 624 432 645 453
87 624 431 645 452
88 624 432 645 453
89 624 431 645 452
90 624 431 645 452
91 624 431 645 452
92 624 431 645 452
93 624 432 645 453
94 624 432 645 453
95 624 432 645 453
96 624 431 645 452
97 624 431 645 452
98 624 431 645 452
99 624 432 645 453
100 624 431 645 452
101 624 431 645 452
102 624 431 645 452
103 624 431 645 452
104 624 431 645 452
105 624 431 645 452
106 624 432 645 453
107 624 432 645 453
108 624 431 645 452
109 624 431 645 452
110 624 432 645 453
111 624 432 645 453
112 624 431 645 452
113 623 431 644 452
114 624 431 645 452
115 625 432 646 453
116 625 431 646 452
117 624 431 645 452
118 624 431 645 452
119 625 431 646 452
120 625 431 646 452
121 625 431 646 452
122 625 431 646 452
123 625 431 646 452
124 625 431 646 452
125 625 431 646 452
126 625 431 646 452
127 625 431 646 452
128 625 431 646 452
129 625 432 646 453
130 625 432 646 453
131 625 431 646 452
132 625 431 646 452
133 625 431 646 452
134 625 431 646 452
135 625 431 646 452
136 625 432 646 453
137 625 431 646 452
138 625 431 646 452
139 625 432 646 453
140 625 432 646 453
141 625 432 646 453
142 625 432 646 453
143 625 432 646 453
144 625 432 646 453
145 626 432 647 453
146 625 432 646 453
147 625 432 646 453
148 625 432 646 453
149 626 432 647 453
150 625 432 646 453
151 625 431 646 452
152 625 431 646 452
153 625 432 646 453
154 625 431 646 452
155 625 431 646 452
156 625 431 646 452
157 626 432 647 453
158 625 432 646 453
159 625 432 646 453
160 626 431 647 452
161 626 432 647 453
162 625 431 646 452
163 625 432 646 453
164 625 432 646 453
165 625 432 646 453
166 625 431 646 452
167 625 432 646 453
168 625 432 646 453
169 625 432 646 453
170 625 431 646 452
171 625 432 646 453
172 626 431 647 452
173 625 432 646 453
174 625 432 646 453
175 625 432 646 453
176 625 432 646 453
177 625 432 646 453
178 625 431 646 452
179 625 432 646 453
180 625 432 646 453
181 625 432 646 453
182 625 431 646 452
183 625 431 646 452
184 625 431 646 452
185 625 432 646 453
186 625 432 646 453
187 625 432 646 453
188 625 432 646 453
189 625 432 646 453
190 625 432 646 453
191 625 431 646 452
192 625 431 646 452
193 625 432 646 453
194 625 432 646 453
195 625 431 646 452
196 625 431 646 452
197 625 431 646 452
198 625 432 646 453
199 625 431 646 452
200 625 431 646 452
201 625 431 646 452
202 625 431 646 452
203 625 431 646 452
204 625 431 646 452
205 625 432 646 453
206 625 432 646 453
207 625 432 646 453
208 625 431 646 452
209 625 431 646 452
210 625 431 646 452
211 625 431 646 452
212 625 431 646 452
213 625 431 646 452
214 625 432 646 453
215 625 432 646 453
216 625 431 646 452
217 625 431 646 452
218 625 432 646 453
219 625 431 646 452
220 625 431 646 452
221 625 431 646 452
222 625 432 646 453
223 625 432 646 453
224 625 432 646 453
225 625 431 646 452
226 625 432 646 453
227 625 432 646 453
228 625 432 646 453
229 625 431 646 452
230 625 431 646 452
231 625 432 646 453
232 625 431 646 452
233 625 432 646 453
234 625 432 646 453
235 625 431 646 452
236 625 431 646 452
237 625 432 646 453
238 625 432 646 453
239 625 432 646 453
240 625 432 646 453
241 625 431 646 452
242 625 431 646 452
243 625 431 646 452
