245 -1 -1 -1 -1
0 646 451 668 473
1 646 451 667 472
2 646 451 667 472
3 646 451 667 472
4 647 451 668 472
5 646 452 667 473
6 646 451 667 472
7 647 451 668 472
8 646 451 667 472
9 647 451 668 472
10 646 452 667 473
11 646 451 667 472
12 646 452 667 473
13 647 452 668 473
14 646 451 667 472
15 646 451 667 472
16 646 451 667 472
17 647 452 668 473
18 646 451 667 472
19 649 452 670 473
20 661 449 682 470
21 663 449 684 470
22 674 445 695 466
23 689 440 710 461
24 702 436 723 457
25 713 432 734 453
26 724 429 745 450
27 725 429 746 450
28 734 426 755 447
29 746 422 767 443
30 756 419 777 440
31 766 416 787 437
32 775 413 796 434
33 778 412 799 433
34 787 410 808 431
35 797 406 818 427
36 808 403 829 424
37 819 400 840 421
38 829 397 850 418
39 830 397 851 418
40 836 394 857 415
41 847 391 868 412
42 858 388 879 409
43 867 385 888 406
44 876 382 897 403
45 878 381 899 402
46 885 379 906 400
47 896 377 917 398
48 905 374 926 395
49 915 370 936 391
50 924 367 945 388
51 926 367 947 388
52 933 365 954 386
53 943 362 964 383
54 950 358 971 379
55 946 356 967 377
56 936 355 957 376
57 935 354 956 375
58 930 352 951 373
59 923 351 944 372
60 917 349 938 370
61 912 347 933 368
62 905 344 926 365
63 906 344 927 365
64 901 343 922 364
65 895 341 916 362
66 890 339 911 360
67 884 337 905 358
68 879 335 900 356
69 878 335 899 356
70 874 334 895 355
71 868 332 889 353
72 862 330 883 351
73 858 328 879 349
74 853 326 874 347
75 853 326 874 347
76 849 324 870 345
77 843 322 864 343
78 838 321 859 342
79 833 320 854 341
80 829 318 850 339
81 828 318 849 339
82 824 316 845 337
83 819 315 840 336
84 814 313 835 334
85 809 312 830 333
86 805 310 826 331
87 804 309 825 330
88 801 308 822 329
89 796 306 817 327
90 791 305 812 326
91 786 303 807 324
92 783 302 804 323
93 782 302 803 323
94 779 301 800 322
95 774 299 795 320
96 770 298 791 319
97 765 296 786 317
98 761 294 782 315
99 760 295 781 316
100 758 293 779 314
101 753 292 774 313
102 749 290 770 311
103 745 289 766 310
104 742 288 763 309
105 741 288 762 309
106 738 286 759 307
107 734 285 755 306
108 730 284 751 305
109 726 283 747 304
110 723 281 744 302
111 722 281 743 302
112 720 281 741 302
113 717 279 738 300
114 712 278 733 299
115 708 276 729 297
116 705 275 726 296
117 705 275 726 296
118 703 275 724 296
119 699 273 720 294
120 696 272 717 293
121 692 271 713 292
122 688 270 709 291
123 687 270 708 291
124 686 268 707 289
125 683 268 704 289
126 679 267 700 288
127 676 265 697 286
128 673 264 694 285
129 672 264 693 285
130 670 264 691 285
131 667 262 688 283
132 664 261 685 282
133 661 260 682 281
134 658 260 679 281
135 658 259 679 280
136 656 259 677 280
137 653 258 674 279
138 650 257 671 278
139 648 256 669 277
140 645 256 666 277
141 645 255 666 276
142 644 254 665 275
143 641 254 662 275
144 638 252 659 273
145 635 252 656 273
146 633 250 654 271
147 632 250 653 271
148 630 250 651 271
149 628 249 649 270
150 625 248 646 269
151 622 248 643 269
152 620 247 641 268
153 619 247 640 268
154 618 246 639 267
155 616 246 637 267
156 613 245 634 266
157 611 244 632 265
158 609 244 630 265
159 609 244 630 265
160 607 243 628 264
161 605 242 626 263
162 603 242 624 263
163 601 242 622 263
164 599 240 620 261
165 599 240 620 261
166 597 240 618 261
167 596 239 617 260
168 594 239 615 260
169 592 238 613 259
170 590 238 611 259
171 590 238 611 259
172 589 237 610 258
173 587 236 608 257
174 585 236 606 257
175 584 236 605 257
176 582 235 603 256
177 582 235 603 256
178 580 235 601 256
179 578 234 599 255
180 577 234 598 255
181 576 233 597 254
182 574 232 595 253
183 574 232 595 253
184 573 232 594 253
185 572 232 593 253
186 570 232 591 253
187 568 232 589 253
188 568 232 589 253
189 568 232 589 253
190 567 231 588 252
191 566 230 587 251
192 564 230 585 251
193 562 230 583 251
194 562 230 583 251
195 562 230 583 251
196 560 229 581 250
197 560 229 581 250
198 559 229 580 250
199 558 229 579 250
200 557 229 578 250
201 557 229 578 250
202 557 228 578 249
203 556 227 577 248
204 554 227 575 248
205 553 227 574 248
206 553 227 574 248
207 553 227 574 248
208 553 227 574 248
209 552 227 573 248
210 551 227 572 248
211 551 226 572 247
212 550 226 571 247
213 550 226 571 247
214 550 226 571 247
215 549 226 570 247
216 548 226 569 247
217 548 226 569 247
218 547 226 568 247
219 548 226 569 247
220 548 226 569 247
221 547 226 568 247
222 546 225 567 246
223 546 225 567 246
224 546 225 567 246
225 546 225 567 246
226 546 225 567 246
227 546 226 567 247
228 546 226 567 247
229 546 225 567 246
230 546 226 567 247
231 545 226 566 247
232 545 226 566 247
233 546 226 567 247
234 546 226 567 247
235 545 226 566 247
236 545 225 566 246
237 546 226 567 247
238 546 226 567 247
239 546 225 567 246
240 545 225 566 246
241 546 225 567 246
242 546 225 567 246
243 545 226 566 247
