273 -1 -1 -1 -1
0 374 69 392 87
1 375 70 392 87
2 375 70 392 87
3 375 70 392 87
4 374 69 391 86
5 374 71 391 88
6 378 81 395 98
7 386 95 403 112
8 392 109 409 126
9 391 111 408 128
10 395 118 412 135
11 401 131 418 148
12 406 142 423 159
13 412 153 429 170
14 416 165 433 182
15 416 168 433 185
16 420 175 437 192
17 425 186 442 203
18 430 199 447 216
19 435 212 452 229
20 440 225 457 242
21 442 229 459 246
22 445 235 462 252
23 450 247 467 264
24 457 261 474 278
25 462 275 479 292
26 467 288 484 305
27 469 292 486 309
28 472 298 489 315
29 478 311 495 328
30 485 327 502 344
31 492 342 509 359
32 497 356 514 373
33 498 361 515 378
34 501 370 518 387
35 507 383 524 400
36 515 399 532 416
37 521 415 538 432
38 527 431 544 448
39 530 437 547 454
40 533 445 550 462
41 539 459 556 476
42 548 481 565 498
43 547 495 564 512
44 532 502 549 519
45 526 502 543 519
46 518 509 535 526
47 507 521 524 538
48 497 533 514 550
49 488 544 505 561
50 479 556 496 573
51 478 558 495 575
52 472 566 489 583
53 463 578 480 595
54 454 591 471 608
55 445 599 462 616
56 437 598 454 615
57 435 593 452 610
58 433 587 450 604
59 428 578 445 595
60 421 569 438 586
61 415 561 432 578
62 409 552 426 569
63 408 551 425 568
64 404 547 421 564
65 399 540 416 557
66 392 533 409 550
67 387 526 404 543
68 382 520 399 537
69 381 519 398 536
70 377 514 394 531
71 371 508 388 525
72 365 502 382 519
73 360 497 377 514
74 355 491 372 508
75 354 490 371 507
76 350 485 367 502
77 344 480 361 497
78 339 474 356 491
79 334 467 351 484
80 329 461 346 478
81 329 461 346 478
82 325 456 342 473
83 320 451 337 468
84 314 446 331 463
85 309 440 326 457
86 305 435 322 452
87 305 435 322 452
88 301 430 318 447
89 296 424 313 441
90 300 419 317 436
91 305 415 322 432
92 309 410 326 427
93 310 410 327 427
94 313 406 330 423
95 317 401 334 418
96 321 397 338 414
97 325 393 342 410
98 329 389 346 406
99 329 388 346 405
100 332 384 349 401
101 336 380 353 397
102 339 376 356 393
103 343 372 360 389
104 346 368 363 385
105 347 368 364 385
106 350 364 367 381
107 353 360 370 377
108 356 356 373 373
109 360 352 377 369
110 364 348 381 365
111 364 348 381 365
112 365 345 382 362
113 370 341 387 358
114 373 337 390 354
115 376 333 393 350
116 379 330 396 347
117 379 329 396 346
118 382 326 399 343
119 385 323 402 340
120 387 319 404 336
121 391 316 408 333
122 394 312 411 329
123 394 311 411 328
124 396 308 413 325
125 399 305 416 322
126 402 301 419 318
127 404 298 421 315
128 408 295 425 312
129 408 295 425 312
130 410 292 427 309
131 413 289 430 306
132 416 286 433 303
133 418 283 435 300
134 421 279 438 296
135 421 279 438 296
136 423 277 440 294
137 426 274 443 291
138 428 270 445 287
139 431 267 448 284
140 433 265 450 282
141 433 265 450 282
142 435 262 452 279
143 438 259 455 276
144 440 256 457 273
145 443 254 460 271
146 444 251 461 268
147 445 251 462 268
148 447 248 464 265
149 449 245 466 262
150 451 242 468 259
151 454 240 471 257
152 456 237 473 254
153 456 237 473 254
154 457 235 474 252
155 460 232 477 249
156 462 229 479 246
157 464 226 481 243
158 466 225 483 242
159 466 224 483 241
160 468 222 485 239
161 470 219 487 236
162 472 217 489 234
163 473 215 490 232
164 475 212 492 229
165 475 212 492 229
166 477 210 494 227
167 479 207 496 224
168 481 205 498 222
169 482 203 499 220
170 484 200 501 217
171 484 200 501 217
172 486 198 503 215
173 487 196 504 213
174 489 194 506 211
175 491 192 508 209
176 493 189 510 206
177 493 189 510 206
178 494 187 511 204
179 496 185 513 202
180 498 183 515 200
181 499 181 516 198
182 501 179 518 196
183 501 179 518 196
184 502 177 519 194
185 504 175 521 192
186 505 173 522 190
187 507 171 524 188
188 508 169 525 186
189 508 169 525 186
190 509 168 526 185
191 511 166 528 183
192 512 164 529 181
193 513 162 530 179
194 514 160 531 177
195 514 160 531 177
196 515 159 532 176
197 517 157 534 174
198 519 154 536 171
199 520 153 537 170
200 521 151 538 168
201 521 151 538 168
202 522 149 539 166
203 524 147 541 164
204 525 146 542 163
205 527 143 544 160
206 528 142 545 159
207 528 142 545 159
208 529 141 546 158
209 531 140 548 157
210 531 138 548 155
211 533 137 550 154
212 533 136 550 153
213 533 136 550 153
214 534 135 551 152
215 534 135 551 152
216 535 135 552 152
217 534 135 551 152
218 535 134 552 151
219 535 134 552 151
220 535 134 552 151
221 535 134 552 151
222 535 133 552 150
223 536 133 553 150
224 536 133 553 150
225 536 133 553 150
226 535 133 552 150
227 535 132 552 149
228 535 132 552 149
229 535 131 552 148
230 535 131 552 148
231 535 131 552 148
232 535 131 552 148
233 536 130 553 147
234 535 130 552 147
235 535 131 552 148
236 535 131 552 148
237 535 130 552 147
238 535 130 552 147
239 536 130 553 147
240 536 130 553 147
241 536 131 553 148
242 536 131 553 148
243 535 131 552 148
244 535 131 552 148
245 535 131 552 148
246 535 131 552 148
247 534 131 551 148
248 534 131 551 148
249 535 131 552 148
250 535 131 552 148
251 535 131 552 148
252 535 131 552 148
253 535 131 552 148
254 535 131 552 148
255 534 132 551 149
256 535 132 552 149
257 535 131 552 148
258 535 131 552 148
259 534 132 551 149
260 534 132 551 149
261 534 132 551 149
262 534 132 551 149
263 534 132 551 149
264 534 132 551 149
265 534 132 551 149
266 534 132 551 149
267 534 132 551 149
268 534 132 551 149
269 534 132 551 149
270 534 132 551 149
271 534 132 551 149
