273 -1 -1 -1 -1
0 563 484 587 508
1 564 484 587 507
2 564 484 587 507
3 563 484 586 507
4 564 484 587 507
5 564 484 587 507
6 564 484 587 507
7 564 484 587 507
8 564 484 587 507
9 564 484 587 507
10 564 484 587 507
11 564 484 587 507
12 564 484 587 507
13 565 484 588 507
14 564 484 587 507
15 564 484 587 507
16 564 484 587 507
17 564 484 587 507
18 564 484 587 507
19 564 484 587 507
20 564 484 587 507
21 564 484 587 507
22 564 484 587 507
23 563 485 586 508
24 563 484 586 507
25 564 484 587 507
26 563 484 586 507
27 563 484 586 507
28 563 484 586 507
29 563 484 586 507
30 564 484 587 507
31 563 484 586 507
32 563 484 586 507
33 563 485 586 508
34 564 485 587 508
35 564 484 587 507
36 564 484 587 507
37 563 485 586 508
38 563 484 586 507
39 563 485 586 508
40 564 484 587 507
41 563 485 586 508
42 566 485 589 508
43 575 490 598 513
44 597 476 620 499
45 616 451 639 474
46 635 431 658 454
47 644 430 667 453
48 655 440 678 463
49 666 448 689 471
50 670 450 693 473
51 670 450 693 473
52 669 449 692 472
53 667 449 690 472
54 668 449 691 472
55 668 449 691 472
56 669 449 692 472
57 669 449 692 472
58 669 449 692 472
59 670 450 693 473
60 671 450 694 473
61 670 450 693 473
62 670 450 693 473
63 670 450 693 473
64 670 450 693 473
65 670 450 693 473
66 669 450 692 473
67 670 450 693 473
68 670 450 693 473
69 670 450 693 473
70 670 450 693 473
71 670 450 693 473
72 670 450 693 473
73 669 450 692 473
74 669 450 692 473
75 670 450 693 473
76 670 450 693 473
77 670 450 693 473
78 670 450 693 473
79 670 450 693 473
80 670 450 693 473
81 670 450 693 473
82 670 450 693 473
83 670 450 693 473
84 670 450 693 473
85 670 450 693 473
86 671 450 694 473
87 670 450 693 473
88 670 450 693 473
89 670 450 693 473
90 670 450 693 473
91 670 450 693 473
92 669 450 692 473
93 670 450 693 473
94 670 450 693 473
95 670 450 693 473
96 670 450 693 473
97 670 450 693 473
98 670 450 693 473
99 670 450 693 473
100 670 449 693 472
101 669 450 692 473
102 670 449 693 472
103 669 449 692 472
104 670 450 693 473
105 670 450 693 473
106 670 450 693 473
107 670 450 693 473
108 670 450 693 473
109 670 450 693 473
110 670 450 693 473
111 670 450 693 473
112 670 450 693 473
113 670 449 693 472
114 668 449 691 472
115 668 449 691 472
116 669 449 692 472
117 670 449 693 472
118 670 450 693 473
119 671 450 694 473
120 671 450 694 473
121 671 450 694 473
122 671 450 694 473
123 671 450 694 473
124 672 450 695 473
125 672 450 695 473
126 672 450 695 473
127 672 450 695 473
128 671 450 694 473
129 670 450 693 473
130 671 450 694 473
131 671 450 694 473
132 670 450 693 473
133 670 450 693 473
134 669 449 692 472
135 669 449 692 472
136 670 450 693 473
137 671 450 694 473
138 671 450 694 473
139 670 450 693 473
140 669 450 692 473
141 670 450 693 473
142 670 450 693 473
143 670 450 693 473
144 670 450 693 473
145 669 450 692 473
146 669 450 692 473
147 670 450 693 473
148 670 450 693 473
149 669 450 692 473
150 669 450 692 473
151 670 450 693 473
152 670 450 693 473
153 669 449 692 472
154 669 450 692 473
155 668 450 691 473
156 669 450 692 473
157 670 450 693 473
158 676 452 699 475
159 680 453 703 476
160 680 452 703 475
161 678 451 701 474
162 685 453 708 476
163 689 454 712 477
164 691 454 714 477
165 691 454 714 477
166 690 454 713 477
167 687 453 710 476
168 683 452 706 475
169 682 451 705 474
170 685 451 708 474
171 687 452 710 475
172 686 452 709 475
173 688 452 711 475
174 688 452 711 475
175 688 452 711 475
176 689 452 712 475
177 690 453 713 476
178 690 452 713 475
179 689 452 712 475
180 689 453 712 476
181 689 453 712 476
182 689 453 712 476
183 689 453 712 476
184 689 453 712 476
185 689 453 712 476
186 689 453 712 476
187 689 453 712 476
188 688 453 711 476
189 689 453 712 476
190 689 452 712 475
191 688 453 711 476
192 688 453 711 476
193 688 453 711 476
194 688 453 711 476
195 688 453 711 476
196 688 453 711 476
197 688 453 711 476
198 688 453 711 476
199 687 452 710 475
200 685 452 708 475
201 685 452 708 475
202 686 452 709 475
203 687 452 710 475
204 687 452 710 475
205 687 452 710 475
206 687 452 710 475
207 686 452 709 475
208 685 452 708 475
209 686 452 709 475
210 687 453 710 476
211 688 453 711 476
212 688 453 711 476
213 688 453 711 476
214 688 453 711 476
215 688 452 711 475
216 688 453 711 476
217 688 453 711 476
218 688 452 711 475
219 687 452 710 475
220 687 453 710 476
221 687 453 710 476
222 687 453 710 476
223 688 453 711 476
224 688 452 711 475
225 688 452 711 475
226 688 453 711 476
227 688 453 711 476
228 687 452 710 475
229 687 453 710 476
230 688 453 711 476
231 688 453 711 476
232 688 453 711 476
233 688 453 711 476
234 688 453 711 476
235 688 453 711 476
236 688 453 711 476
237 687 453 710 476
238 688 453 711 476
239 688 452 711 475
240 688 452 711 475
241 688 452 711 475
242 688 452 711 475
243 688 453 711 476
244 688 453 711 476
245 688 452 711 475
246 688 453 711 476
247 688 452 711 475
248 688 452 711 475
249 688 452 711 475
250 688 452 711 475
251 687 452 710 475
252 688 452 711 475
253 688 452 711 475
254 688 452 711 475
255 688 452 711 475
256 688 453 711 476
257 688 453 711 476
258 688 453 711 476
259 688 453 711 476
260 688 452 711 475
261 688 452 711 475
262 688 453 711 476
263 687 452 710 475
264 687 452 710 475
265 688 452 711 475
266 688 452 711 475
267 688 452 711 475
268 688 452 711 475
269 688 453 711 476
270 689 453 712 476
271 689 452 712 475
