218 -1 -1 -1 -1
0 653 46 670 63
1 654 47 670 63
2 655 47 671 63
3 657 55 673 71
4 657 56 673 72
5 660 62 676 78
6 664 71 680 87
7 669 79 685 95
8 673 87 689 103
9 676 95 692 111
10 677 96 693 112
11 680 103 696 119
12 684 111 700 127
13 688 119 704 135
14 691 128 707 144
15 695 136 711 152
16 696 137 712 153
17 698 145 714 161
18 703 154 719 170
19 707 163 723 179
20 711 172 727 188
21 715 180 731 196
22 716 181 732 197
23 719 189 735 205
24 723 199 739 215
25 728 209 744 225
26 733 218 749 234
27 737 227 753 243
28 737 229 753 245
29 741 236 757 252
30 746 247 762 263
31 750 257 766 273
32 755 266 771 282
33 760 276 776 292
34 760 278 776 294
35 764 285 780 301
36 769 296 785 312
37 774 307 790 323
38 779 318 795 334
39 783 328 799 344
40 784 330 800 346
41 788 338 804 354
42 792 349 808 365
43 798 362 814 378
44 803 373 819 389
45 809 384 825 400
46 810 386 826 402
47 811 391 827 407
48 811 398 827 414
49 813 402 829 418
50 813 403 829 419
51 811 404 827 420
52 812 403 828 419
53 812 405 828 421
54 811 408 827 424
55 811 411 827 427
56 812 415 828 431
57 813 418 829 434
58 812 418 828 434
59 813 422 829 438
60 813 424 829 440
61 813 426 829 442
62 813 429 829 445
63 813 432 829 448
64 813 433 829 449
65 814 435 830 451
66 814 438 830 454
67 814 441 830 457
68 814 444 830 460
69 815 447 831 463
70 815 447 831 463
71 815 449 831 465
72 815 453 831 469
73 816 456 832 472
74 816 458 832 474
75 816 461 832 477
76 816 462 832 478
77 817 464 833 480
78 818 467 834 483
79 817 470 833 486
80 817 473 833 489
81 818 475 834 491
82 818 475 834 491
83 818 477 834 493
84 818 480 834 496
85 818 483 834 499
86 819 486 835 502
87 819 488 835 504
88 818 488 834 504
89 819 491 835 507
90 819 493 835 509
91 819 495 835 511
92 819 498 835 514
93 820 501 836 517
94 820 501 836 517
95 819 503 835 519
96 820 505 836 521
97 820 507 836 523
98 820 509 836 525
99 820 511 836 527
100 820 512 836 528
101 820 514 836 530
102 821 517 837 533
103 821 519 837 535
104 821 522 837 538
105 821 524 837 540
106 822 524 838 540
107 821 526 837 542
108 821 529 837 545
109 821 531 837 547
110 822 533 838 549
111 822 535 838 551
112 822 535 838 551
113 822 537 838 553
114 822 540 838 556
115 822 541 838 557
116 823 543 839 559
117 823 545 839 561
118 822 545 838 561
119 822 548 838 564
120 823 550 839 566
121 823 552 839 568
122 823 554 839 570
123 823 556 839 572
124 823 556 839 572
125 823 557 839 573
126 822 560 838 576
127 822 561 838 577
128 822 563 838 579
129 822 565 838 581
130 822 565 838 581
131 822 566 838 582
132 822 568 838 584
133 822 570 838 586
134 822 572 838 588
135 822 574 838 590
136 822 574 838 590
137 822 574 838 590
138 822 576 838 592
139 822 578 838 594
140 822 580 838 596
141 822 582 838 598
142 822 583 838 599
143 822 583 838 599
144 822 584 838 600
145 822 586 838 602
146 822 588 838 604
147 822 590 838 606
148 821 589 837 605
149 822 590 838 606
150 822 592 838 608
151 822 593 838 609
152 823 593 839 609
153 823 593 839 609
154 823 592 839 608
155 823 592 839 608
156 822 593 838 609
157 822 594 838 610
158 822 595 838 611
159 823 597 839 613
160 824 597 840 613
161 824 597 840 613
162 823 596 839 612
163 822 596 838 612
164 823 595 839 611
165 823 594 839 610
166 823 594 839 610
167 823 593 839 609
168 822 593 838 609
169 822 593 838 609
170 822 593 838 609
171 822 593 838 609
172 822 592 838 608
173 822 593 838 609
174 822 593 838 609
175 821 592 837 608
176 822 592 838 608
177 823 592 839 608
178 822 592 838 608
179 821 592 837 608
180 822 591 838 607
181 823 591 839 607
182 824 591 840 607
183 823 591 839 607
184 823 591 839 607
185 822 591 838 607
186 823 591 839 607
187 823 590 839 606
188 823 590 839 606
189 822 590 838 606
190 822 590 838 606
191 822 590 838 606
192 822 590 838 606
193 822 590 838 606
194 822 591 838 607
195 823 591 839 607
196 823 591 839 607
197 822 591 838 607
198 822 590 838 606
199 822 590 838 606
200 823 590 839 606
201 823 590 839 606
202 823 590 839 606
203 823 590 839 606
204 823 590 839 606
205 823 590 839 606
206 822 590 838 606
207 822 590 838 606
208 822 590 838 606
209 823 591 839 607
210 823 591 839 607
211 822 591 838 607
212 822 591 838 607
213 822 590 838 606
214 822 591 838 607
215 822 591 838 607
216 823 591 839 607
