218 -1 -1 -1 -1
0 771 387 793 409
1 771 387 792 408
2 772 387 793 408
3 771 387 792 408
4 772 387 793 408
5 772 388 793 409
6 772 387 793 408
7 772 387 793 408
8 772 388 793 409
9 772 387 793 408
10 772 387 793 408
11 771 387 792 408
12 772 387 793 408
13 772 388 793 409
14 772 388 793 409
15 771 388 792 409
16 772 388 793 409
17 771 387 792 408
18 771 387 792 408
19 772 387 793 408
20 772 388 793 409
21 772 388 793 409
22 771 387 792 408
23 771 387 792 408
24 772 387 793 408
25 772 388 793 409
26 772 387 793 408
27 772 388 793 409
28 771 387 792 408
29 770 388 791 409
30 771 388 792 409
31 770 388 791 409
32 771 387 792 408
33 771 388 792 409
34 771 388 792 409
35 771 388 792 409
36 770 388 791 409
37 770 388 791 409
38 771 387 792 408
39 771 387 792 408
40 771 388 792 409
41 771 388 792 409
42 771 388 792 409
43 770 387 791 408
44 771 388 792 409
45 771 388 792 409
46 771 388 792 409
47 772 388 793 409
48 771 388 792 409
49 771 387 792 408
50 771 388 792 409
51 771 388 792 409
52 771 388 792 409
53 771 388 792 409
54 771 388 792 409
55 771 388 792 409
56 771 388 792 409
57 771 388 792 409
58 771 388 792 409
59 771 387 792 408
60 771 388 792 409
61 771 388 792 409
62 771 388 792 409
63 771 388 792 409
64 771 388 792 409
65 771 388 792 409
66 771 388 792 409
67 771 388 792 409
68 771 388 792 409
69 771 388 792 409
70 770 388 791 409
71 771 388 792 409
72 771 388 792 409
73 771 388 792 409
74 771 388 792 409
75 771 388 792 409
76 771 388 792 409
77 771 388 792 409
78 771 388 792 409
79 771 388 792 409
80 771 388 792 409
81 771 388 792 409
82 771 388 792 409
83 771 388 792 409
84 771 388 792 409
85 771 388 792 409
86 771 387 792 408
87 770 388 791 409
88 771 388 792 409
89 771 388 792 409
90 771 388 792 409
91 771 388 792 409
92 771 388 792 409
93 771 388 792 409
94 771 388 792 409
95 771 388 792 409
96 771 388 792 409
97 771 388 792 409
98 771 388 792 409
99 772 388 793 409
100 772 388 793 409
101 771 388 792 409
102 771 388 792 409
103 771 388 792 409
104 771 388 792 409
105 771 388 792 409
106 772 388 793 409
107 772 388 793 409
108 772 388 793 409
109 772 388 793 409
110 771 389 792 410
111 771 388 792 409
112 771 388 792 409
113 772 388 793 409
114 772 388 793 409
115 772 388 793 409
116 772 388 793 409
117 772 388 793 409
118 771 388 792 409
119 771 388 792 409
120 772 388 793 409
121 771 388 792 409
122 771 388 792 409
123 771 388 792 409
124 771 388 792 409
125 772 388 793 409
126 772 389 793 410
127 771 388 792 409
128 771 388 792 409
129 771 388 792 409
130 771 388 792 409
131 771 388 792 409
132 771 388 792 409
133 771 388 792 409
134 771 388 792 409
135 771 388 792 409
136 772 388 793 409
137 771 388 792 409
138 771 388 792 409
139 771 388 792 409
140 771 388 792 409
141 771 388 792 409
142 772 388 793 409
143 772 388 793 409
144 771 388 792 409
145 771 388 792 409
146 771 388 792 409
147 771 388 792 409
148 771 388 792 409
149 771 388 792 409
150 771 388 792 409
151 771 388 792 409
152 771 388 792 409
153 772 388 793 409
154 771 388 792 409
155 771 388 792 409
156 771 388 792 409
157 771 388 792 409
158 771 388 792 409
159 771 388 792 409
160 771 388 792 409
161 771 388 792 409
162 771 388 792 409
163 771 388 792 409
164 771 388 792 409
165 771 388 792 409
166 771 388 792 409
167 771 388 792 409
168 772 388 793 409
169 771 388 792 409
170 771 388 792 409
171 771 388 792 409
172 771 388 792 409
173 772 388 793 409
174 772 388 793 409
175 771 388 792 409
176 771 388 792 409
177 771 388 792 409
178 772 388 793 409
179 771 388 792 409
180 771 388 792 409
181 771 388 792 409
182 771 388 792 409
183 771 388 792 409
184 771 388 792 409
185 771 388 792 409
186 771 388 792 409
187 771 387 792 408
188 771 387 792 408
189 771 387 792 408
190 771 388 792 409
191 771 388 792 409
192 771 388 792 409
193 771 387 792 408
194 771 388 792 409
195 771 388 792 409
196 771 388 792 409
197 771 388 792 409
198 771 388 792 409
199 771 387 792 408
200 772 388 793 409
201 772 388 793 409
202 771 388 792 409
203 771 388 792 409
204 771 388 792 409
205 771 388 792 409
206 771 388 792 409
207 770 388 791 409
208 771 388 792 409
209 771 388 792 409
210 771 388 792 409
211 771 388 792 409
212 771 388 792 409
213 771 388 792 409
214 771 388 792 409
215 771 388 792 409
216 771 388 792 409
