324 -1 -1 -1 -1
0 534 105 553 124
1 536 106 554 124
2 533 106 551 124
3 533 106 551 124
4 536 106 554 124
5 535 106 553 124
6 535 106 553 124
7 536 106 554 124
8 536 106 554 124
9 536 106 554 124
10 536 106 554 124
11 534 106 552 124
12 536 106 554 124
13 535 106 553 124
14 536 106 554 124
15 536 106 554 124
16 535 106 553 124
17 533 106 551 124
18 536 106 554 124
19 536 106 554 124
20 534 106 552 124
21 535 106 553 124
22 536 106 554 124
23 533 106 551 124
24 535 106 553 124
25 535 106 553 124
26 533 106 551 124
27 537 106 555 124
28 537 106 555 124
29 536 106 554 124
30 536 106 554 124
31 536 106 554 124
32 536 106 554 124
33 537 106 555 124
34 536 106 554 124
35 536 106 554 124
36 537 106 555 124
37 536 106 554 124
38 536 106 554 124
39 536 106 554 124
40 536 106 554 124
41 536 106 554 124
42 536 106 554 124
43 535 106 553 124
44 536 106 554 124
45 536 106 554 124
46 536 106 554 124
47 535 106 553 124
48 538 106 556 124
49 539 107 557 125
50 538 108 556 126
51 544 106 562 124
52 547 106 565 124
53 553 104 571 122
54 559 102 577 120
55 564 102 582 120
56 570 98 588 116
57 576 95 594 113
58 576 97 594 115
59 580 97 598 115
60 583 98 601 116
61 586 100 604 118
62 588 100 606 118
63 589 103 607 121
64 579 112 597 130
65 560 129 578 147
66 548 139 566 157
67 549 139 567 157
68 551 138 569 156
69 551 138 569 156
70 551 138 569 156
71 551 138 569 156
72 551 137 569 155
73 551 138 569 156
74 551 138 569 156
75 551 138 569 156
76 551 138 569 156
77 551 138 569 156
78 550 138 568 156
79 550 138 568 156
80 551 138 569 156
81 551 138 569 156
82 551 138 569 156
83 551 138 569 156
84 551 138 569 156
85 551 138 569 156
86 551 138 569 156
87 551 138 569 156
88 551 138 569 156
89 551 138 569 156
90 551 138 569 156
91 550 138 568 156
92 550 138 568 156
93 551 138 569 156
94 551 138 569 156
95 551 138 569 156
96 551 138 569 156
97 550 138 568 156
98 551 138 569 156
99 551 138 569 156
100 551 138 569 156
101 550 138 568 156
102 550 138 568 156
103 551 138 569 156
104 551 138 569 156
105 551 138 569 156
106 551 138 569 156
107 550 138 568 156
108 550 138 568 156
109 550 138 568 156
110 550 138 568 156
111 551 138 569 156
112 551 138 569 156
113 550 138 568 156
114 550 138 568 156
115 551 138 569 156
116 551 138 569 156
117 550 138 568 156
118 550 138 568 156
119 550 138 568 156
120 550 138 568 156
121 550 138 568 156
122 550 138 568 156
123 550 138 568 156
124 550 138 568 156
125 550 138 568 156
126 550 138 568 156
127 550 138 568 156
128 550 138 568 156
129 550 138 568 156
130 550 138 568 156
131 550 138 568 156
132 550 138 568 156
133 550 138 568 156
134 550 138 568 156
135 550 138 568 156
136 550 138 568 156
137 550 138 568 156
138 550 139 568 157
139 550 138 568 156
140 550 138 568 156
141 550 138 568 156
142 550 138 568 156
143 550 138 568 156
144 550 138 568 156
145 550 138 568 156
146 550 138 568 156
147 550 138 568 156
148 550 138 568 156
149 551 137 569 155
150 551 137 569 155
151 551 138 569 156
152 551 137 569 155
153 551 138 569 156
154 551 138 569 156
155 551 138 569 156
156 551 138 569 156
157 551 138 569 156
158 551 138 569 156
159 551 138 569 156
160 551 138 569 156
161 551 138 569 156
162 551 138 569 156
163 551 138 569 156
164 551 138 569 156
165 551 138 569 156
166 551 138 569 156
167 551 138 569 156
168 551 138 569 156
169 551 138 569 156
170 551 138 569 156
171 551 139 569 157
172 551 138 569 156
173 551 138 569 156
174 551 138 569 156
175 551 138 569 156
176 551 138 569 156
177 551 138 569 156
178 551 139 569 157
179 552 138 570 156
180 552 138 570 156
181 552 138 570 156
182 552 138 570 156
183 552 138 570 156
184 552 138 570 156
185 552 138 570 156
186 552 138 570 156
187 553 138 571 156
188 552 138 570 156
189 552 138 570 156
190 552 137 570 155
191 552 138 570 156
192 552 138 570 156
193 552 138 570 156
194 552 138 570 156
195 552 138 570 156
196 552 138 570 156
197 552 138 570 156
198 552 138 570 156
199 552 138 570 156
200 552 138 570 156
201 552 138 570 156
202 552 138 570 156
203 552 138 570 156
204 552 138 570 156
205 553 138 571 156
206 553 138 571 156
207 552 138 570 156
208 552 138 570 156
209 552 137 570 155
210 552 137 570 155
211 552 137 570 155
212 552 137 570 155
213 552 137 570 155
214 552 137 570 155
215 552 137 570 155
216 552 137 570 155
217 552 137 570 155
218 552 137 570 155
219 552 137 570 155
220 552 137 570 155
221 552 137 570 155
222 552 137 570 155
223 552 137 570 155
224 552 137 570 155
225 552 138 570 156
226 552 137 570 155
227 552 137 570 155
228 552 137 570 155
229 552 137 570 155
230 552 137 570 155
231 552 137 570 155
232 552 137 570 155
233 552 137 570 155
234 552 137 570 155
235 552 137 570 155
236 552 137 570 155
237 552 137 570 155
238 552 137 570 155
239 552 137 570 155
240 552 137 570 155
241 552 137 570 155
242 553 137 571 155
243 552 137 570 155
244 552 137 570 155
245 552 137 570 155
246 552 137 570 155
247 552 137 570 155
248 553 137 571 155
249 552 137 570 155
250 552 137 570 155
251 553 137 571 155
252 552 137 570 155
253 552 137 570 155
254 552 138 570 156
255 552 137 570 155
256 552 137 570 155
257 552 137 570 155
258 552 137 570 155
259 552 137 570 155
260 552 137 570 155
261 552 137 570 155
262 552 137 570 155
263 552 137 570 155
264 552 137 570 155
265 552 137 570 155
266 552 137 570 155
267 552 137 570 155
268 553 138 571 156
269 552 137 570 155
270 551 137 569 155
271 552 137 570 155
272 552 137 570 155
273 552 137 570 155
274 552 138 570 156
275 551 138 569 156
276 551 137 569 155
277 552 137 570 155
278 552 136 570 154
279 552 137 570 155
280 552 137 570 155
281 552 137 570 155
282 551 137 569 155
283 552 137 570 155
284 552 137 570 155
285 552 137 570 155
286 551 137 569 155
287 552 137 570 155
288 552 137 570 155
289 551 137 569 155
290 551 137 569 155
291 552 137 570 155
292 552 137 570 155
293 551 137 569 155
294 552 137 570 155
295 552 137 570 155
296 551 137 569 155
297 552 137 570 155
298 552 137 570 155
299 551 137 569 155
300 551 137 569 155
301 551 137 569 155
302 551 138 569 156
303 552 137 570 155
304 552 138 570 156
305 552 138 570 156
306 552 137 570 155
307 552 137 570 155
308 552 137 570 155
309 552 137 570 155
310 552 137 570 155
311 552 137 570 155
312 552 137 570 155
313 552 137 570 155
314 552 137 570 155
315 552 137 570 155
316 552 138 570 156
317 552 138 570 156
318 552 137 570 155
319 552 137 570 155
320 552 137 570 155
321 552 137 570 155
322 552 137 570 155
