324 -1 -1 -1 -1
0 618 585 640 608
1 619 586 640 608
2 619 586 640 608
3 618 586 639 608
4 618 586 639 608
5 618 583 639 605
6 617 567 638 589
7 612 548 633 570
8 607 531 628 553
9 602 514 623 536
10 601 512 622 534
11 600 499 621 521
12 596 482 617 504
13 593 466 614 488
14 591 450 612 472
15 588 435 609 457
16 587 432 608 454
17 586 421 607 443
18 583 407 604 429
19 579 393 600 415
20 577 379 598 401
21 574 365 595 387
22 573 361 594 383
23 571 353 592 375
24 568 339 589 361
25 565 326 586 348
26 562 313 583 335
27 559 301 580 323
28 559 298 580 320
29 558 290 579 312
30 556 278 577 300
31 552 266 573 288
32 549 254 570 276
33 547 243 568 265
34 547 240 568 262
35 545 233 566 255
36 543 222 564 244
37 540 210 561 232
38 538 199 559 221
39 537 189 558 211
40 536 186 557 208
41 535 180 556 202
42 533 170 554 192
43 531 159 552 181
44 528 149 549 171
45 526 139 547 161
46 526 137 547 159
47 526 132 547 154
48 524 123 545 145
49 521 113 542 135
50 515 103 536 125
51 505 97 526 119
52 502 95 523 117
53 496 91 517 113
54 488 84 509 106
55 479 77 500 99
56 471 70 492 92
57 463 63 484 85
58 461 61 482 83
59 457 58 478 80
60 450 51 471 73
61 441 43 462 65
62 434 39 455 61
63 428 42 449 64
64 427 44 448 66
65 424 49 445 71
66 417 55 438 77
67 409 60 430 82
68 402 64 423 86
69 396 68 417 90
70 394 70 415 92
71 390 72 411 94
72 384 76 405 98
73 377 80 398 102
74 370 84 391 106
75 364 88 385 110
76 362 90 383 112
77 365 91 386 113
78 370 95 391 117
79 373 99 394 121
80 376 102 397 124
81 378 106 399 128
82 379 108 400 130
83 381 110 402 132
84 384 113 405 135
85 388 118 409 140
86 391 123 412 145
87 394 126 415 148
88 395 127 416 149
89 397 128 418 150
90 399 131 420 153
91 403 135 424 157
92 406 139 427 161
93 408 142 429 164
94 409 142 430 164
95 411 144 432 166
96 413 147 434 169
97 416 151 437 173
98 419 155 440 177
99 422 159 443 181
100 423 160 444 182
101 424 161 445 183
102 427 165 448 187
103 430 169 451 191
104 433 174 454 196
105 437 177 458 199
106 438 178 459 200
107 439 180 460 202
108 441 183 462 205
109 444 187 465 209
110 447 191 468 213
111 451 195 472 217
112 452 196 473 218
113 453 197 474 219
114 456 201 477 223
115 459 206 480 228
116 461 209 482 231
117 465 212 486 234
118 466 213 487 235
119 467 215 488 237
120 470 219 491 241
121 473 223 494 245
122 475 226 496 248
123 478 229 499 251
124 479 229 500 251
125 481 232 502 254
126 484 236 505 258
127 487 240 508 262
128 490 244 511 266
129 493 246 514 268
130 493 246 514 268
131 495 249 516 271
132 498 254 519 276
133 501 258 522 280
134 504 261 525 283
135 507 264 528 286
136 508 265 529 287
137 510 267 531 289
138 512 271 533 293
139 515 275 536 297
140 518 279 539 301
141 521 282 542 304
142 521 282 542 304
143 523 285 544 307
144 527 288 548 310
145 530 292 551 314
146 532 296 553 318
147 535 299 556 321
148 537 300 558 322
149 538 302 559 324
150 541 306 562 328
151 544 310 565 332
152 546 313 567 335
153 549 316 570 338
154 549 317 570 339
155 552 319 573 341
156 555 323 576 345
157 558 327 579 349
158 561 330 582 352
159 564 334 585 356
160 565 334 586 356
161 566 336 587 358
162 569 340 590 362
163 572 343 593 365
164 575 347 596 369
165 577 351 598 373
166 578 352 599 374
167 579 353 600 375
168 582 356 603 378
169 586 360 607 382
170 590 364 611 386
171 593 367 614 389
172 593 368 614 390
173 593 371 614 393
174 595 374 616 396
175 599 378 620 400
176 602 382 623 404
177 605 384 626 406
178 606 384 627 406
179 608 386 629 408
180 611 390 632 412
181 614 395 635 417
182 617 399 638 421
183 620 402 641 424
184 621 403 642 425
185 623 404 644 426
186 625 408 646 430
187 626 411 647 433
188 630 413 651 435
189 634 416 655 438
190 635 417 656 439
191 637 419 658 441
192 638 422 659 444
193 638 425 659 447
194 640 428 661 450
195 644 431 665 453
196 645 431 666 453
197 646 434 667 456
198 648 438 669 460
199 650 442 671 464
200 651 446 672 468
201 653 449 674 471
202 654 449 675 471
203 657 451 678 473
204 662 453 683 475
205 665 457 686 479
206 669 460 690 482
207 671 463 692 485
208 671 463 692 485
209 672 465 693 487
210 675 468 696 490
211 678 472 699 494
212 681 475 702 497
213 684 478 705 500
214 684 478 705 500
215 685 481 706 503
216 689 484 710 506
217 692 487 713 509
218 694 490 715 512
219 696 493 717 515
220 696 493 717 515
221 698 496 719 518
222 700 499 721 521
223 702 502 723 524
224 705 505 726 527
225 708 508 729 530
226 708 508 729 530
227 709 510 730 532
228 712 513 733 535
229 715 516 736 538
230 717 519 738 541
231 720 522 741 544
232 721 522 742 544
233 722 524 743 546
234 723 527 744 549
235 726 530 747 552
236 729 532 750 554
237 731 535 752 557
238 732 536 753 558
239 734 538 755 560
240 735 540 756 562
241 737 543 758 565
242 740 546 761 568
243 743 548 764 570
244 743 549 764 571
245 744 551 765 573
246 747 554 768 576
247 750 556 771 578
248 752 558 773 580
249 754 561 775 583
250 754 561 775 583
251 755 563 776 585
252 757 566 778 588
253 760 568 781 590
254 762 571 783 593
255 764 574 785 596
256 765 574 786 596
257 767 575 788 597
258 768 578 789 600
259 770 580 791 602
260 772 582 793 604
261 774 585 795 607
262 774 585 795 607
263 776 587 797 609
264 778 588 799 610
265 780 590 801 612
266 782 592 803 614
267 784 593 805 615
268 785 593 806 615
269 786 591 807 613
270 787 590 808 612
271 788 591 809 613
272 789 591 810 613
273 790 591 811 613
274 789 591 810 613
275 790 591 811 613
276 791 589 812 611
277 791 588 812 610
278 792 586 813 608
279 793 584 814 606
280 793 584 814 606
281 794 584 815 606
282 796 582 817 604
283 798 581 819 603
284 798 580 819 602
285 798 579 819 601
286 798 579 819 601
287 799 578 820 600
288 801 577 822 599
289 801 576 822 598
290 801 575 822 597
291 801 575 822 597
292 800 575 821 597
293 801 574 822 596
294 802 573 823 595
295 804 573 825 595
296 805 572 826 594
297 805 571 826 593
298 804 571 825 593
299 804 571 825 593
300 805 570 826 592
301 806 569 827 591
302 806 569 827 591
303 807 568 828 590
304 807 568 828 590
305 807 567 828 589
306 807 566 828 588
307 807 566 828 588
308 808 566 829 588
309 809 565 830 587
310 809 565 830 587
311 808 565 829 587
312 809 564 830 586
313 810 564 831 586
314 810 564 831 586
315 810 563 831 585
316 810 563 831 585
317 811 563 832 585
318 810 563 831 585
319 811 563 832 585
320 811 562 832 584
321 811 562 832 584
322 811 562 832 584
