250 -1 -1 -1 -1
0 865 65 883 84
1 866 66 883 84
2 866 66 883 84
3 866 66 883 84
4 866 66 883 84
5 866 65 883 83
6 866 66 883 84
7 866 66 883 84
8 866 66 883 84
9 866 66 883 84
10 866 66 883 84
11 866 66 883 84
12 866 66 883 84
13 865 66 882 84
14 866 66 883 84
15 866 66 883 84
16 866 66 883 84
17 867 72 884 90
18 867 73 884 91
19 868 83 885 101
20 869 97 886 115
21 869 109 886 127
22 870 119 887 137
23 870 129 887 147
24 869 131 886 149
25 870 139 887 157
26 872 152 889 170
27 872 165 889 183
28 873 177 890 195
29 874 187 891 205
30 874 190 891 208
31 874 198 891 216
32 874 211 891 229
33 875 224 892 242
34 876 237 893 255
35 877 248 894 266
36 877 251 894 269
37 877 261 894 279
38 878 275 895 293
39 879 289 896 307
40 879 302 896 320
41 880 315 897 333
42 880 318 897 336
43 882 327 899 345
44 881 341 898 359
45 871 353 888 371
46 857 359 874 377
47 844 365 861 383
48 842 366 859 384
49 832 373 849 391
50 820 382 837 400
51 809 390 826 408
52 798 399 815 417
53 787 409 804 427
54 786 410 803 428
55 777 418 794 436
56 765 428 782 446
57 754 438 771 456
58 742 448 759 466
59 730 457 747 475
60 727 459 744 477
61 717 466 734 484
62 706 474 723 492
63 694 479 711 497
64 683 493 700 511
65 671 505 688 523
66 668 508 685 526
67 660 514 677 532
68 649 525 666 543
69 643 529 660 547
70 643 530 660 548
71 644 531 661 549
72 645 531 662 549
73 644 532 661 550
74 642 535 659 553
75 640 538 657 556
76 637 541 654 559
77 636 544 653 562
78 636 545 653 563
79 634 547 651 565
80 632 550 649 568
81 630 553 647 571
82 628 556 645 574
83 625 559 642 577
84 625 559 642 577
85 623 562 640 580
86 620 565 637 583
87 618 568 635 586
88 617 571 634 589
89 614 574 631 592
90 614 575 631 593
91 612 577 629 595
92 610 579 627 597
93 608 582 625 600
94 607 585 624 603
95 605 588 622 606
96 604 588 621 606
97 603 589 620 607
98 601 591 618 609
99 599 592 616 610
100 596 592 613 610
101 594 593 611 611
102 593 593 610 611
103 592 594 609 612
104 591 594 608 612
105 590 593 607 611
106 588 592 605 610
107 586 591 603 609
108 586 590 603 608
109 586 592 603 610
110 584 592 601 610
111 582 592 599 610
112 580 592 597 610
113 579 591 596 609
114 579 591 596 609
115 578 590 595 608
116 576 588 593 606
117 575 587 592 605
118 573 586 590 604
119 571 586 588 604
120 571 586 588 604
121 570 585 587 603
122 569 584 586 602
123 568 582 585 600
124 567 581 584 599
125 566 580 583 598
126 566 580 583 598
127 565 580 582 598
128 563 578 580 596
129 562 578 579 596
130 561 577 578 595
131 559 577 576 595
132 558 577 575 595
133 556 576 573 594
134 553 574 570 592
135 550 572 567 590
136 549 570 566 588
137 548 568 565 586
138 547 567 564 585
139 545 567 562 585
140 543 566 560 584
141 539 563 556 581
142 536 561 553 579
143 534 559 551 577
144 534 559 551 577
145 532 559 549 577
146 530 557 547 575
147 526 556 543 574
148 524 555 541 573
149 522 553 539 571
150 522 553 539 571
151 520 553 537 571
152 518 552 535 570
153 516 551 533 569
154 513 550 530 568
155 511 548 528 566
156 511 548 528 566
157 510 547 527 565
158 508 546 525 564
159 505 545 522 563
160 503 544 520 562
161 501 543 518 561
162 501 543 518 561
163 499 542 516 560
164 497 541 514 559
165 495 540 512 558
166 494 539 511 557
167 492 537 509 555
168 491 537 508 555
169 490 537 507 555
170 488 536 505 554
171 487 535 504 553
172 485 534 502 552
173 484 532 501 550
174 483 532 500 550
175 482 532 499 550
176 481 530 498 548
177 479 530 496 548
178 478 530 495 548
179 477 529 494 547
180 477 529 494 547
181 475 529 492 547
182 474 528 491 546
183 473 525 490 543
184 471 525 488 543
185 469 525 486 543
186 469 525 486 543
187 469 524 486 542
188 468 524 485 542
189 467 523 484 541
190 466 522 483 540
191 464 521 481 539
192 464 521 481 539
193 464 521 481 539
194 462 520 479 538
195 461 520 478 538
196 460 519 477 537
197 460 518 477 536
198 460 519 477 537
199 459 518 476 536
200 458 518 475 536
201 457 517 474 535
202 457 517 474 535
203 456 517 473 535
204 456 517 473 535
205 456 516 473 534
206 454 516 471 534
207 453 516 470 534
208 453 516 470 534
209 454 516 471 534
210 454 515 471 533
211 453 515 470 533
212 453 514 470 532
213 452 514 469 532
214 452 514 469 532
215 451 514 468 532
216 452 514 469 532
217 451 514 468 532
218 450 514 467 532
219 450 514 467 532
220 450 513 467 531
221 450 513 467 531
222 450 513 467 531
223 450 513 467 531
224 450 513 467 531
225 450 513 467 531
226 449 513 466 531
227 450 513 467 531
228 450 513 467 531
229 450 513 467 531
230 449 512 466 530
231 450 512 467 530
232 450 513 467 531
233 450 513 467 531
234 450 512 467 530
235 450 513 467 531
236 449 513 466 531
237 449 513 466 531
238 449 513 466 531
239 450 512 467 530
240 450 512 467 530
241 450 512 467 530
242 450 512 467 530
243 450 512 467 530
244 450 512 467 530
245 450 512 467 530
246 450 512 467 530
247 450 512 467 530
248 450 512 467 530
