250 -1 -1 -1 -1
0 895 346 915 367
1 896 347 915 367
2 896 347 915 367
3 896 347 915 367
4 895 346 914 366
5 896 347 915 367
6 896 347 915 367
7 896 347 915 367
8 896 347 915 367
9 896 347 915 367
10 896 347 915 367
11 896 347 915 367
12 896 347 915 367
13 896 347 915 367
14 896 347 915 367
15 896 347 915 367
16 897 347 916 367
17 896 347 915 367
18 895 346 914 366
19 896 347 915 367
20 896 347 915 367
21 896 347 915 367
22 896 347 915 367
23 896 347 915 367
24 896 347 915 367
25 896 347 915 367
26 895 346 914 366
27 896 347 915 367
28 896 347 915 367
29 895 346 914 366
30 896 346 915 366
31 896 347 915 367
32 896 346 915 366
33 896 347 915 367
34 895 347 914 367
35 896 347 915 367
36 896 347 915 367
37 895 347 914 367
38 895 346 914 366
39 896 347 915 367
40 895 346 914 366
41 895 347 914 367
42 895 347 914 367
43 895 346 914 366
44 897 347 916 367
45 905 354 924 374
46 920 362 939 382
47 936 367 955 387
48 939 368 958 388
49 948 372 967 392
50 958 378 977 398
51 954 382 973 402
52 945 386 964 406
53 938 390 957 410
54 937 391 956 411
55 933 394 952 414
56 927 398 946 418
57 921 402 940 422
58 915 406 934 426
59 908 410 927 430
60 907 411 926 431
61 904 413 923 433
62 898 417 917 437
63 892 421 911 441
64 886 425 905 445
65 880 429 899 449
66 879 429 898 449
67 875 433 894 453
68 869 437 888 457
69 864 441 883 461
70 858 444 877 464
71 852 448 871 468
72 851 448 870 468
73 847 452 866 472
74 839 456 858 476
75 835 459 854 479
76 828 463 847 483
77 823 467 842 487
78 822 467 841 487
79 817 471 836 491
80 812 474 831 494
81 807 478 826 498
82 801 482 820 502
83 795 486 814 506
84 793 486 812 506
85 789 489 808 509
86 785 494 804 514
87 777 498 796 518
88 773 501 792 521
89 767 505 786 525
90 765 505 784 525
91 760 508 779 528
92 756 512 775 532
93 750 515 769 535
94 744 519 763 539
95 739 524 758 544
96 739 524 758 544
97 733 527 752 547
98 727 531 746 551
99 721 534 740 554
100 714 538 733 558
101 708 542 727 562
102 707 543 726 563
103 704 546 723 566
104 696 549 715 569
105 692 553 711 573
106 685 557 704 577
107 679 561 698 581
108 678 561 697 581
109 676 564 695 584
110 670 568 689 588
111 663 572 682 592
112 657 575 676 595
113 651 579 670 599
114 650 579 669 599
115 646 582 665 602
116 641 586 660 606
117 636 589 655 609
118 631 591 650 611
119 624 593 643 613
120 622 594 641 614
121 619 594 638 614
122 614 593 633 613
123 609 592 628 612
124 606 590 625 610
125 600 588 619 608
126 599 588 618 608
127 596 587 615 607
128 590 585 609 605
129 584 584 603 604
130 581 581 600 601
131 579 579 598 599
132 579 579 598 599
133 579 578 598 598
134 577 576 596 596
135 575 575 594 595
136 571 574 590 594
137 569 572 588 592
138 569 573 588 593
139 568 573 587 593
140 567 571 586 591
141 565 570 584 590
142 565 569 584 589
143 562 569 581 589
144 561 569 580 589
145 560 567 579 587
146 561 566 580 586
147 559 567 578 587
148 558 566 577 586
149 555 564 574 584
150 554 564 573 584
151 553 564 572 584
152 552 564 571 584
153 552 563 571 583
154 552 562 571 582
155 551 561 570 581
156 551 561 570 581
157 547 562 566 582
158 548 561 567 581
159 547 560 566 580
160 546 560 565 580
161 545 559 564 579
162 545 559 564 579
163 544 558 563 578
164 543 558 562 578
165 542 557 561 577
166 542 557 561 577
167 541 556 560 576
168 541 556 560 576
169 541 556 560 576
170 541 556 560 576
171 539 556 558 576
172 536 555 555 575
173 537 555 556 575
174 538 555 557 575
175 538 554 557 574
176 535 554 554 574
177 533 554 552 574
178 535 553 554 573
179 533 553 552 573
180 532 553 551 573
181 533 553 552 573
182 533 553 552 573
183 532 553 551 573
184 532 553 551 573
185 533 553 552 573
186 532 553 551 573
187 532 552 551 572
188 533 553 552 573
189 534 553 553 573
190 533 553 552 573
191 532 553 551 573
192 532 553 551 573
193 533 553 552 573
194 532 554 551 574
195 532 553 551 573
196 532 553 551 573
197 532 553 551 573
198 533 553 552 573
199 532 553 551 573
200 532 553 551 573
201 532 553 551 573
202 532 553 551 573
203 532 553 551 573
204 532 553 551 573
205 532 553 551 573
206 532 553 551 573
207 532 553 551 573
208 532 553 551 573
209 533 553 552 573
210 534 553 553 573
211 534 553 553 573
212 534 553 553 573
213 534 553 553 573
214 534 553 553 573
215 534 553 553 573
216 534 553 553 573
217 533 553 552 573
218 533 553 552 573
219 533 553 552 573
220 533 552 552 572
221 534 553 553 573
222 533 553 552 573
223 533 553 552 573
224 533 553 552 573
225 534 552 553 572
226 534 553 553 573
227 534 553 553 573
228 534 553 553 573
229 534 553 553 573
230 533 552 552 572
231 534 552 553 572
232 534 552 553 572
233 533 553 552 573
234 533 552 552 572
235 534 552 553 572
236 534 553 553 573
237 534 553 553 573
238 534 552 553 572
239 534 553 553 573
240 534 553 553 573
241 534 553 553 573
242 535 553 554 573
243 534 553 553 573
244 534 553 553 573
245 534 553 553 573
246 534 553 553 573
247 535 553 554 573
248 534 553 553 573
