289 -1 -1 -1 -1
0 518 220 537 239
1 519 221 537 239
2 518 221 536 239
3 519 221 537 239
4 519 221 537 239
5 519 221 537 239
6 519 221 537 239
7 518 221 536 239
8 518 221 536 239
9 519 221 537 239
10 519 221 537 239
11 519 231 537 249
12 518 245 536 263
13 518 259 536 277
14 518 273 536 291
15 518 274 536 292
16 519 286 537 304
17 519 299 537 317
18 518 312 536 330
19 518 325 536 343
20 518 338 536 356
21 518 339 536 357
22 519 351 537 369
23 519 365 537 383
24 519 380 537 398
25 518 394 536 412
26 518 410 536 428
27 517 413 535 431
28 517 424 535 442
29 516 438 534 456
30 516 454 534 472
31 515 470 533 488
32 515 485 533 503
33 516 487 534 505
34 516 500 534 518
35 516 517 534 535
36 516 534 534 552
37 511 548 529 566
38 503 561 521 579
39 500 564 518 582
40 491 572 509 590
41 479 585 497 603
42 464 593 482 611
43 453 593 471 611
44 449 584 467 602
45 449 580 467 598
46 443 571 461 589
47 438 561 456 579
48 432 552 450 570
49 426 544 444 562
50 419 537 437 555
51 418 536 436 554
52 414 530 432 548
53 407 523 425 541
54 401 516 419 534
55 394 510 412 528
56 388 503 406 521
57 387 503 405 521
58 382 497 400 515
59 375 491 393 509
60 370 483 388 501
61 365 477 383 495
62 359 471 377 489
63 358 471 376 489
64 355 465 373 483
65 348 459 366 477
66 342 453 360 471
67 337 446 355 464
68 331 440 349 458
69 331 440 349 458
70 328 435 346 453
71 321 429 339 447
72 315 423 333 441
73 309 418 327 436
74 304 412 322 430
75 303 412 321 430
76 301 406 319 424
77 303 401 321 419
78 309 396 327 414
79 314 392 332 410
80 318 387 336 405
81 318 387 336 405
82 321 383 339 401
83 326 378 344 396
84 330 373 348 391
85 333 369 351 387
86 337 364 355 382
87 338 364 356 382
88 341 360 359 378
89 345 356 363 374
90 350 351 368 369
91 353 347 371 365
92 356 343 374 361
93 357 343 375 361
94 359 339 377 357
95 363 334 381 352
96 367 331 385 349
97 370 327 388 345
98 374 323 392 341
99 375 322 393 340
100 377 319 395 337
101 382 315 400 333
102 384 311 402 329
103 388 307 406 325
104 390 303 408 321
105 390 303 408 321
106 395 300 413 318
107 397 296 415 314
108 401 292 419 310
109 404 289 422 307
110 407 285 425 303
111 408 285 426 303
112 410 282 428 300
113 412 278 430 296
114 415 275 433 293
115 419 271 437 289
116 422 268 440 286
117 422 268 440 286
118 423 265 441 283
119 427 261 445 279
120 431 258 449 276
121 433 255 451 273
122 436 251 454 269
123 436 251 454 269
124 439 249 457 267
125 441 245 459 263
126 443 242 461 260
127 447 239 465 257
128 450 236 468 254
129 450 235 468 253
130 452 233 470 251
131 454 230 472 248
132 457 227 475 245
133 460 224 478 242
134 463 222 481 240
135 463 221 481 239
136 464 218 482 236
137 466 215 484 233
138 469 212 487 230
139 472 210 490 228
140 474 208 492 226
141 475 207 493 225
142 476 203 494 221
143 478 200 496 218
144 480 197 498 215
145 483 195 501 213
146 485 193 503 211
147 485 193 503 211
148 487 190 505 208
149 490 188 508 206
150 492 185 510 203
151 494 182 512 200
152 496 180 514 198
153 497 180 515 198
154 499 177 517 195
155 501 175 519 193
156 503 173 521 191
157 505 170 523 188
158 507 167 525 185
159 507 167 525 185
160 508 165 526 183
161 511 162 529 180
162 513 160 531 178
163 513 158 531 176
164 516 156 534 174
165 517 156 535 174
166 518 154 536 172
167 520 152 538 170
168 521 150 539 168
169 524 147 542 165
170 526 144 544 162
171 526 144 544 162
172 528 143 546 161
173 529 142 547 160
174 531 141 549 159
175 532 139 550 157
176 533 137 551 155
177 533 137 551 155
178 534 135 552 153
179 535 134 553 152
180 537 134 555 152
181 538 135 556 153
182 539 134 557 152
183 540 134 558 152
184 540 134 558 152
185 540 134 558 152
186 542 133 560 151
187 542 132 560 150
188 543 132 561 150
189 543 132 561 150
190 544 132 562 150
191 544 131 562 149
192 544 131 562 149
193 545 131 563 149
194 546 131 564 149
195 546 131 564 149
196 547 130 565 148
197 547 129 565 147
198 548 130 566 148
199 549 129 567 147
200 548 128 566 146
201 549 129 567 147
202 549 129 567 147
203 550 128 568 146
204 549 128 567 146
205 550 128 568 146
206 551 128 569 146
207 551 128 569 146
208 550 128 568 146
209 551 128 569 146
210 550 128 568 146
211 550 129 568 147
212 552 128 570 146
213 552 128 570 146
214 551 128 569 146
215 551 128 569 146
216 551 129 569 147
217 550 128 568 146
218 550 128 568 146
219 551 128 569 146
220 551 127 569 145
221 550 127 568 145
222 551 128 569 146
223 551 128 569 146
224 551 128 569 146
225 551 128 569 146
226 551 128 569 146
227 551 128 569 146
228 551 128 569 146
229 551 128 569 146
230 551 128 569 146
231 551 128 569 146
232 551 128 569 146
233 551 128 569 146
234 551 128 569 146
235 552 128 570 146
236 552 128 570 146
237 552 128 570 146
238 551 128 569 146
239 551 128 569 146
240 551 128 569 146
241 551 128 569 146
242 550 128 568 146
243 550 128 568 146
244 551 128 569 146
245 551 127 569 145
246 551 127 569 145
247 550 128 568 146
248 551 128 569 146
249 550 128 568 146
250 550 128 568 146
251 551 128 569 146
252 551 127 569 145
253 550 128 568 146
254 550 128 568 146
255 550 128 568 146
256 552 128 570 146
257 551 128 569 146
258 551 128 569 146
259 551 128 569 146
260 551 128 569 146
261 551 128 569 146
262 551 128 569 146
263 551 128 569 146
264 551 128 569 146
265 551 128 569 146
266 551 128 569 146
267 550 128 568 146
268 551 128 569 146
269 550 128 568 146
270 550 128 568 146
271 550 128 568 146
272 549 128 567 146
273 549 128 567 146
274 550 128 568 146
275 550 128 568 146
276 550 128 568 146
277 550 128 568 146
278 550 128 568 146
279 550 128 568 146
280 550 128 568 146
281 550 128 568 146
282 549 128 567 146
283 550 128 568 146
284 550 128 568 146
285 550 128 568 146
286 550 128 568 146
287 550 128 568 146
