289 -1 -1 -1 -1
0 531 550 554 573
1 532 551 554 573
2 530 551 552 573
3 531 551 553 573
4 532 551 554 573
5 531 551 553 573
6 532 551 554 573
7 531 550 553 572
8 531 551 553 573
9 531 550 553 572
10 531 551 553 573
11 532 551 554 573
12 531 551 553 573
13 531 551 553 573
14 531 551 553 573
15 532 551 554 573
16 531 551 553 573
17 531 551 553 573
18 532 551 554 573
19 532 550 554 572
20 531 551 553 573
21 531 551 553 573
22 532 551 554 573
23 532 550 554 572
24 532 551 554 573
25 531 551 553 573
26 532 551 554 573
27 532 551 554 573
28 532 551 554 573
29 531 551 553 573
30 531 551 553 573
31 531 551 553 573
32 531 551 553 573
33 531 551 553 573
34 531 551 553 573
35 531 550 553 572
36 533 551 555 573
37 535 553 557 575
38 544 557 566 579
39 547 558 569 580
40 557 562 579 584
41 570 567 592 589
42 580 571 602 593
43 591 575 613 597
44 600 578 622 600
45 601 578 623 600
46 609 581 631 603
47 618 586 640 608
48 629 589 651 611
49 639 591 661 613
50 648 593 670 615
51 650 594 672 616
52 656 593 678 615
53 663 592 685 614
54 673 590 695 612
55 681 589 703 611
56 689 588 711 610
57 690 588 712 610
58 694 586 716 608
59 701 585 723 607
60 710 583 732 605
61 717 581 739 603
62 723 580 745 602
63 724 580 746 602
64 730 578 752 600
65 738 575 760 597
66 745 573 767 595
67 753 572 775 594
68 759 570 781 592
69 760 570 782 592
70 765 569 787 591
71 772 567 794 589
72 778 565 800 587
73 786 563 808 585
74 793 562 815 584
75 794 562 816 584
76 797 559 819 581
77 804 558 826 580
78 811 557 833 579
79 819 555 841 577
80 825 554 847 576
81 825 554 847 576
82 830 553 852 575
83 836 551 858 573
84 842 549 864 571
85 848 547 870 569
86 855 546 877 568
87 856 547 878 569
88 861 545 883 567
89 866 543 888 565
90 872 542 894 564
91 877 541 899 563
92 881 540 903 562
93 883 540 905 562
94 887 539 909 561
95 894 537 916 559
96 900 535 922 557
97 905 534 927 556
98 909 534 931 556
99 910 534 932 556
100 915 531 937 553
101 920 530 942 552
102 925 529 947 551
103 931 527 953 549
104 936 527 958 549
105 936 527 958 549
106 940 525 962 547
107 946 524 968 546
108 951 523 973 545
109 957 522 979 544
110 962 521 984 543
111 962 521 984 543
112 966 520 988 542
113 970 519 992 541
114 976 517 998 539
115 981 516 1003 538
116 984 514 1006 536
117 984 514 1006 536
118 984 513 1006 535
119 982 512 1004 534
120 980 511 1002 533
121 979 511 1001 533
122 976 510 998 532
123 975 510 997 532
124 973 509 995 531
125 970 509 992 531
126 967 507 989 529
127 964 507 986 529
128 963 506 985 528
129 963 506 985 528
130 960 505 982 527
131 957 504 979 526
132 954 503 976 525
133 952 503 974 525
134 949 503 971 525
135 949 503 971 525
136 947 501 969 523
137 946 501 968 523
138 944 500 966 522
139 942 499 964 521
140 939 499 961 521
141 938 499 960 521
142 936 498 958 520
143 935 497 957 519
144 933 497 955 519
145 932 497 954 519
146 929 496 951 518
147 929 496 951 518
148 929 496 951 518
149 927 495 949 517
150 926 494 948 516
151 922 494 944 516
152 921 494 943 516
153 921 494 943 516
154 919 493 941 515
155 918 493 940 515
156 917 493 939 515
157 915 492 937 514
158 915 491 937 513
159 915 491 937 513
160 915 491 937 513
161 913 491 935 513
162 911 490 933 512
163 910 490 932 512
164 909 490 931 512
165 908 490 930 512
166 907 489 929 511
167 907 489 929 511
168 905 489 927 511
169 903 489 925 511
170 903 488 925 510
171 903 488 925 510
172 903 488 925 510
173 901 488 923 510
174 901 488 923 510
175 900 488 922 510
176 898 488 920 510
177 898 488 920 510
178 899 488 921 510
179 899 487 921 509
180 898 487 920 509
181 898 487 920 509
182 898 487 920 509
183 899 487 921 509
184 897 487 919 509
185 897 487 919 509
186 897 487 919 509
187 896 487 918 509
188 896 487 918 509
189 896 487 918 509
190 895 487 917 509
191 895 487 917 509
192 895 487 917 509
193 894 487 916 509
194 895 487 917 509
195 895 487 917 509
196 895 487 917 509
197 895 487 917 509
198 895 487 917 509
199 895 487 917 509
200 895 487 917 509
201 895 486 917 508
202 894 486 916 508
203 894 486 916 508
204 894 486 916 508
205 894 486 916 508
206 895 487 917 509
207 894 486 916 508
208 894 486 916 508
209 894 487 916 509
210 894 487 916 509
211 894 486 916 508
212 894 486 916 508
213 894 486 916 508
214 893 486 915 508
215 894 486 916 508
216 894 486 916 508
217 894 486 916 508
218 894 487 916 509
219 894 486 916 508
220 894 486 916 508
221 894 486 916 508
222 894 487 916 509
223 894 486 916 508
224 894 486 916 508
225 894 487 916 509
226 894 487 916 509
227 894 486 916 508
228 894 487 916 509
229 893 487 915 509
230 894 486 916 508
231 894 486 916 508
232 894 487 916 509
233 894 487 916 509
234 894 486 916 508
235 894 487 916 509
236 894 487 916 509
237 894 486 916 508
238 894 487 916 509
239 894 486 916 508
240 894 486 916 508
241 894 486 916 508
242 894 486 916 508
243 894 486 916 508
244 894 486 916 508
245 894 487 916 509
246 894 486 916 508
247 895 486 917 508
248 894 486 916 508
249 894 486 916 508
250 894 486 916 508
251 894 486 916 508
252 894 486 916 508
253 894 486 916 508
254 894 486 916 508
255 894 486 916 508
256 894 487 916 509
257 894 487 916 509
258 894 487 916 509
259 894 487 916 509
260 894 486 916 508
261 894 487 916 509
262 894 487 916 509
263 894 486 916 508
264 894 487 916 509
265 894 486 916 508
266 895 486 917 508
267 895 486 917 508
268 895 487 917 509
269 894 486 916 508
270 895 487 917 509
271 895 486 917 508
272 894 487 916 509
273 895 487 917 509
274 894 486 916 508
275 894 487 916 509
276 894 486 916 508
277 895 486 917 508
278 894 487 916 509
279 894 487 916 509
280 894 486 916 508
281 894 486 916 508
282 894 486 916 508
283 894 487 916 509
284 895 487 917 509
285 894 486 916 508
286 894 486 916 508
287 894 487 916 509
