377 -1 -1 -1 -1
0 418 257 436 275
1 418 258 435 275
2 418 258 435 275
3 417 258 434 275
4 418 258 435 275
5 418 258 435 275
6 419 258 436 275
7 419 258 436 275
8 419 258 436 275
9 420 258 437 275
10 419 258 436 275
11 419 258 436 275
12 420 258 437 275
13 419 258 436 275
14 419 258 436 275
15 419 258 436 275
16 419 258 436 275
17 419 258 436 275
18 419 258 436 275
19 419 258 436 275
20 419 258 436 275
21 419 258 436 275
22 419 258 436 275
23 418 258 435 275
24 419 258 436 275
25 419 258 436 275
26 419 258 436 275
27 419 258 436 275
28 419 258 436 275
29 419 258 436 275
30 419 258 436 275
31 419 258 436 275
32 419 258 436 275
33 419 259 436 276
34 419 258 436 275
35 419 258 436 275
36 418 258 435 275
37 419 258 436 275
38 419 258 436 275
39 419 258 436 275
40 419 258 436 275
41 419 258 436 275
42 419 258 436 275
43 419 258 436 275
44 419 258 436 275
45 419 258 436 275
46 419 258 436 275
47 419 258 436 275
48 419 258 436 275
49 419 258 436 275
50 419 259 436 276
51 419 258 436 275
52 419 258 436 275
53 419 258 436 275
54 419 258 436 275
55 419 258 436 275
56 419 258 436 275
57 419 258 436 275
58 419 258 436 275
59 419 258 436 275
60 418 258 435 275
61 419 258 436 275
62 419 258 436 275
63 419 258 436 275
64 419 259 436 276
65 419 259 436 276
66 419 258 436 275
67 419 258 436 275
68 419 259 436 276
69 419 258 436 275
70 418 258 435 275
71 419 259 436 276
72 428 257 445 274
73 442 252 459 269
74 458 249 475 266
75 459 249 476 266
76 468 246 485 263
77 482 241 499 258
78 494 238 511 255
79 506 235 523 252
80 516 232 533 249
81 516 232 533 249
82 524 229 541 246
83 534 227 551 244
84 542 224 559 241
85 552 221 569 238
86 561 219 578 236
87 563 220 580 237
88 571 217 588 234
89 580 212 597 229
90 589 211 606 228
91 599 209 616 226
92 606 206 623 223
93 607 205 624 222
94 615 204 632 221
95 624 202 641 219
96 633 199 650 216
97 643 196 660 213
98 652 194 669 211
99 653 193 670 210
100 660 192 677 209
101 667 190 684 207
102 675 187 692 204
103 686 185 703 202
104 694 182 711 199
105 695 182 712 199
106 701 180 718 197
107 709 178 726 195
108 718 176 735 193
109 726 174 743 191
110 733 172 750 189
111 734 171 751 188
112 739 169 756 186
113 747 167 764 184
114 755 165 772 182
115 763 163 780 180
116 771 161 788 178
117 772 160 789 177
118 779 157 796 174
119 786 154 803 171
120 793 152 810 169
121 801 152 818 169
122 809 150 826 167
123 810 149 827 166
124 816 147 833 164
125 824 145 841 162
126 831 143 848 160
127 838 142 855 159
128 846 139 863 156
129 848 139 865 156
130 853 138 870 155
131 859 136 876 153
132 866 134 883 151
133 873 132 890 149
134 880 130 897 147
135 881 130 898 147
136 886 127 903 144
137 893 125 910 142
138 892 124 909 141
139 886 122 903 139
140 879 121 896 138
141 878 122 895 139
142 876 120 893 137
143 872 119 889 136
144 867 118 884 135
145 864 116 881 133
146 860 114 877 131
147 859 114 876 131
148 856 114 873 131
149 852 112 869 129
150 848 111 865 128
151 845 110 862 127
152 841 108 858 125
153 841 108 858 125
154 838 107 855 124
155 834 106 851 123
156 830 105 847 122
157 827 103 844 120
158 824 102 841 119
159 823 101 840 118
160 821 101 838 118
161 817 100 834 117
162 813 98 830 115
163 810 97 827 114
164 807 96 824 113
165 807 96 824 113
166 804 95 821 112
167 800 94 817 111
168 797 93 814 110
169 795 91 812 108
170 791 90 808 107
171 790 90 807 107
172 789 89 806 106
173 786 89 803 106
174 784 88 801 105
175 783 87 800 104
176 783 87 800 104
177 783 87 800 104
178 783 86 800 103
179 783 86 800 103
180 783 85 800 102
181 782 84 799 101
182 782 84 799 101
183 782 83 799 100
184 782 83 799 100
185 781 82 798 99
186 781 83 798 100
187 781 82 798 99
188 781 81 798 98
189 781 81 798 98
190 781 81 798 98
191 781 80 798 97
192 780 81 797 98
193 780 80 797 97
194 780 79 797 96
195 780 80 797 97
196 779 79 796 96
197 780 79 797 96
198 780 79 797 96
199 779 78 796 95
200 779 78 796 95
201 779 78 796 95
202 779 78 796 95
203 779 77 796 94
204 779 77 796 94
205 779 77 796 94
206 779 77 796 94
207 779 77 796 94
208 779 77 796 94
209 779 76 796 93
210 779 76 796 93
211 779 76 796 93
212 780 76 797 93
213 779 76 796 93
214 779 76 796 93
215 779 76 796 93
216 779 76 796 93
217 780 76 797 93
218 779 76 796 93
219 779 76 796 93
220 780 76 797 93
221 780 76 797 93
222 779 75 796 92
223 779 75 796 92
224 779 75 796 92
225 780 75 797 92
226 780 76 797 93
227 780 76 797 93
228 780 76 797 93
229 780 75 797 92
230 779 75 796 92
231 780 75 797 92
232 780 75 797 92
233 780 76 797 93
234 780 76 797 93
235 780 76 797 93
236 780 76 797 93
237 779 75 796 92
238 779 76 796 93
239 779 76 796 93
240 779 76 796 93
241 779 76 796 93
242 779 75 796 92
243 780 75 797 92
244 780 75 797 92
245 779 75 796 92
246 779 76 796 93
247 780 75 797 92
248 779 75 796 92
249 779 76 796 93
250 779 75 796 92
251 779 75 796 92
252 779 76 796 93
253 780 76 797 93
254 779 75 796 92
255 779 75 796 92
256 779 75 796 92
257 779 75 796 92
258 780 75 797 92
259 780 75 797 92
260 780 75 797 92
261 780 75 797 92
262 780 75 797 92
263 780 75 797 92
264 779 75 796 92
265 779 75 796 92
266 780 75 797 92
267 780 75 797 92
268 780 75 797 92
269 779 75 796 92
270 779 75 796 92
271 779 76 796 93
272 779 76 796 93
273 779 75 796 92
274 779 75 796 92
275 779 76 796 93
276 780 76 797 93
277 780 75 797 92
278 779 75 796 92
279 779 75 796 92
280 780 76 797 93
281 780 75 797 92
282 779 75 796 92
283 779 75 796 92
284 779 75 796 92
285 779 75 796 92
286 779 75 796 92
287 779 75 796 92
288 779 76 796 93
289 780 76 797 93
290 779 75 796 92
291 779 75 796 92
292 779 75 796 92
293 779 75 796 92
294 780 75 797 92
295 779 75 796 92
296 779 75 796 92
297 779 75 796 92
298 779 75 796 92
299 779 75 796 92
300 779 75 796 92
301 779 75 796 92
302 779 75 796 92
303 779 76 796 93
304 779 76 796 93
305 779 75 796 92
306 779 75 796 92
307 779 75 796 92
308 779 75 796 92
309 779 75 796 92
310 779 75 796 92
311 779 75 796 92
312 780 75 797 92
313 780 75 797 92
314 780 75 797 92
315 780 75 797 92
316 780 75 797 92
317 779 75 796 92
318 780 75 797 92
319 780 75 797 92
320 780 75 797 92
321 779 75 796 92
322 779 75 796 92
323 780 75 797 92
324 780 75 797 92
325 780 75 797 92
326 779 75 796 92
327 779 75 796 92
328 780 75 797 92
329 780 75 797 92
330 780 75 797 92
331 780 75 797 92
332 780 75 797 92
333 780 75 797 92
334 780 75 797 92
335 779 75 796 92
336 779 75 796 92
337 780 75 797 92
338 780 75 797 92
339 780 75 797 92
340 780 75 797 92
341 780 75 797 92
342 780 75 797 92
343 780 75 797 92
344 780 75 797 92
345 780 75 797 92
346 780 75 797 92
347 780 75 797 92
348 780 75 797 92
349 780 75 797 92
350 780 75 797 92
351 780 75 797 92
352 780 75 797 92
353 780 75 797 92
354 780 75 797 92
355 779 75 796 92
356 780 75 797 92
357 780 75 797 92
358 780 75 797 92
359 780 76 797 93
360 780 76 797 93
361 779 76 796 93
362 779 75 796 92
363 779 75 796 92
364 779 75 796 92
365 780 75 797 92
366 780 75 797 92
367 780 75 797 92
368 780 75 797 92
369 780 76 797 93
370 780 76 797 93
371 780 75 797 92
372 780 76 797 93
373 780 76 797 93
374 780 76 797 93
375 780 75 797 92
