377 -1 -1 -1 -1
0 328 518 349 539
1 329 519 349 539
2 329 519 349 539
3 329 519 349 539
4 329 519 349 539
5 330 519 350 539
6 330 519 350 539
7 330 519 350 539
8 330 519 350 539
9 330 519 350 539
10 330 519 350 539
11 330 519 350 539
12 330 519 350 539
13 330 519 350 539
14 330 519 350 539
15 330 519 350 539
16 330 519 350 539
17 330 519 350 539
18 330 519 350 539
19 330 519 350 539
20 330 519 350 539
21 329 519 349 539
22 330 519 350 539
23 330 519 350 539
24 330 519 350 539
25 330 519 350 539
26 329 519 349 539
27 330 519 350 539
28 329 519 349 539
29 329 519 349 539
30 329 519 349 539
31 328 519 348 539
32 329 519 349 539
33 329 519 349 539
34 329 519 349 539
35 329 519 349 539
36 328 519 348 539
37 329 519 349 539
38 329 519 349 539
39 329 519 349 539
40 329 519 349 539
41 329 519 349 539
42 329 519 349 539
43 329 519 349 539
44 329 519 349 539
45 329 519 349 539
46 329 519 349 539
47 329 519 349 539
48 329 519 349 539
49 329 519 349 539
50 329 519 349 539
51 329 519 349 539
52 329 519 349 539
53 329 519 349 539
54 329 519 349 539
55 331 507 351 527
56 339 482 359 502
57 341 478 361 498
58 347 460 367 480
59 353 435 373 455
60 359 414 379 434
61 364 394 384 414
62 371 375 391 395
63 372 371 392 391
64 374 359 394 379
65 379 341 399 361
66 384 324 404 344
67 388 309 408 329
68 392 294 412 314
69 393 293 413 313
70 395 281 415 301
71 399 266 419 286
72 395 254 415 274
73 384 245 404 265
74 372 235 392 255
75 371 233 391 253
76 365 226 385 246
77 357 216 377 236
78 353 207 373 227
79 361 200 381 220
80 372 192 392 212
81 375 191 395 211
82 379 185 399 205
83 386 176 406 196
84 392 169 412 189
85 398 161 418 181
86 403 153 423 173
87 404 151 424 171
88 408 147 428 167
89 414 138 434 158
90 420 130 440 150
91 426 122 446 142
92 431 115 451 135
93 433 113 453 133
94 436 109 456 129
95 440 102 460 122
96 446 95 466 115
97 452 87 472 107
98 456 80 476 100
99 457 78 477 98
100 460 75 480 95
101 465 69 485 89
102 470 61 490 81
103 476 54 496 74
104 478 55 498 75
105 477 57 497 77
106 477 63 497 83
107 477 69 497 89
108 478 73 498 93
109 479 78 499 98
110 479 82 499 102
111 478 83 498 103
112 479 85 499 105
113 480 89 500 109
114 481 93 501 113
115 482 97 502 117
116 483 101 503 121
117 483 102 503 122
118 483 104 503 124
119 484 108 504 128
120 485 112 505 132
121 486 116 506 136
122 487 119 507 139
123 487 120 507 140
124 487 123 507 143
125 487 127 507 147
126 489 132 509 152
127 490 136 510 156
128 490 139 510 159
129 490 139 510 159
130 491 142 511 162
131 492 146 512 166
132 493 150 513 170
133 495 152 515 172
134 495 155 515 175
135 494 157 514 177
136 494 161 514 181
137 495 165 515 185
138 497 169 517 189
139 498 173 518 193
140 498 177 518 197
141 498 177 518 197
142 498 180 518 200
143 499 183 519 203
144 500 187 520 207
145 501 191 521 211
146 501 194 521 214
147 501 195 521 215
148 502 198 522 218
149 503 201 523 221
150 504 205 524 225
151 505 208 525 228
152 506 212 526 232
153 506 214 526 234
154 507 216 527 236
155 508 219 528 239
156 509 224 529 244
157 510 228 530 248
158 510 231 530 251
159 509 231 529 251
160 510 234 530 254
161 511 239 531 259
162 511 243 531 263
163 512 246 532 266
164 513 250 533 270
165 513 250 533 270
166 514 253 534 273
167 515 258 535 278
168 515 262 535 282
169 516 266 536 286
170 517 269 537 289
171 518 270 538 290
172 518 273 538 293
173 519 277 539 297
174 520 280 540 300
175 521 284 541 304
176 521 288 541 308
177 521 289 541 309
178 522 291 542 311
179 524 296 544 316
180 525 299 545 319
181 525 304 545 324
182 526 308 546 328
183 526 308 546 328
184 527 311 547 331
185 528 315 548 335
186 529 319 549 339
187 529 323 549 343
188 529 326 549 346
189 530 326 550 346
190 531 330 551 350
191 532 334 552 354
192 533 338 553 358
193 534 342 554 362
194 534 346 554 366
195 534 346 554 366
196 535 349 555 369
197 536 352 556 372
198 537 356 557 376
199 538 361 558 381
200 540 365 560 385
201 541 365 561 385
202 541 368 561 388
203 542 370 562 390
204 543 375 563 395
205 543 379 563 399
206 545 383 565 403
207 546 384 566 404
208 547 386 567 406
209 545 390 565 410
210 546 394 566 414
211 547 397 567 417
212 547 401 567 421
213 548 401 568 421
214 548 404 568 424
215 549 408 569 428
216 550 412 570 432
217 551 416 571 436
218 551 419 571 439
219 551 420 571 440
220 552 423 572 443
221 553 426 573 446
222 554 430 574 450
223 554 434 574 454
224 555 438 575 458
225 555 438 575 458
226 556 441 576 461
227 557 445 577 465
228 558 448 578 468
229 559 452 579 472
230 560 456 580 476
231 560 456 580 476
232 561 458 581 478
233 561 461 581 481
234 562 465 582 485
235 563 469 583 489
236 564 473 584 493
237 564 473 584 493
238 565 477 585 497
239 567 481 587 501
240 568 484 588 504
241 568 487 588 507
242 568 491 588 511
243 569 492 589 512
244 570 495 590 515
245 570 498 590 518
246 571 501 591 521
247 571 505 591 525
248 573 509 593 529
249 574 509 594 529
250 574 511 594 531
251 575 515 595 535
252 575 519 595 539
253 577 522 597 542
254 578 526 598 546
255 578 526 598 546
256 579 529 599 549
257 580 532 600 552
258 581 535 601 555
259 581 539 601 559
260 582 542 602 562
261 583 542 603 562
262 583 545 603 565
263 584 549 604 569
264 585 552 605 572
265 586 555 606 575
266 587 558 607 578
267 586 558 606 578
268 587 561 607 581
269 589 564 609 584
270 590 568 610 588
271 591 571 611 591
272 593 574 613 594
273 593 574 613 594
274 593 577 613 597
275 594 580 614 600
276 595 583 615 603
277 596 586 616 606
278 597 589 617 609
279 597 590 617 610
280 597 591 617 611
281 598 591 618 611
282 599 594 619 614
283 599 595 619 615
284 601 594 621 614
285 601 593 621 613
286 601 592 621 612
287 601 592 621 612
288 601 591 621 611
289 602 589 622 609
290 602 587 622 607
291 602 587 622 607
292 602 587 622 607
293 604 586 624 606
294 604 584 624 604
295 605 582 625 602
296 606 581 626 601
297 606 580 626 600
298 607 580 627 600
299 607 578 627 598
300 606 577 626 597
301 607 576 627 596
302 608 574 628 594
303 608 574 628 594
304 610 573 630 593
305 610 572 630 592
306 611 570 631 590
307 611 569 631 589
308 611 568 631 588
309 611 567 631 587
310 612 567 632 587
311 613 566 633 586
312 613 564 633 584
313 613 563 633 583
314 614 562 634 582
315 615 562 635 582
316 615 561 635 581
317 615 559 635 579
318 615 559 635 579
319 615 558 635 578
320 614 557 634 577
321 614 557 634 577
322 615 557 635 577
323 615 556 635 576
324 616 555 636 575
325 615 554 635 574
326 615 553 635 573
327 616 553 636 573
328 616 553 636 573
329 615 552 635 572
330 615 552 635 572
331 616 551 636 571
332 617 551 637 571
333 617 551 637 571
334 617 550 637 570
335 616 549 636 569
336 616 548 636 568
337 616 548 636 568
338 615 547 635 567
339 615 547 635 567
340 616 547 636 567
341 616 547 636 567
342 616 546 636 566
343 617 545 637 565
344 617 545 637 565
345 617 545 637 565
346 617 544 637 564
347 617 545 637 565
348 617 544 637 564
349 617 545 637 565
350 617 544 637 564
351 617 544 637 564
352 617 544 637 564
353 616 545 636 565
354 617 544 637 564
355 617 544 637 564
356 617 544 637 564
357 617 544 637 564
358 617 544 637 564
359 617 544 637 564
360 617 544 637 564
361 617 544 637 564
362 617 544 637 564
363 617 544 637 564
364 616 544 636 564
365 617 544 637 564
366 617 544 637 564
367 617 544 637 564
368 617 544 637 564
369 617 544 637 564
370 616 544 636 564
371 617 544 637 564
372 617 544 637 564
373 617 544 637 564
374 616 544 636 564
375 617 544 637 564
