297 -1 -1 -1 -1
0 918 354 939 375
1 919 355 939 375
2 919 355 939 375
3 920 354 940 374
4 919 354 939 374
5 919 354 939 374
6 919 354 939 374
7 919 354 939 374
8 919 354 939 374
9 919 354 939 374
10 919 354 939 374
11 919 354 939 374
12 919 354 939 374
13 919 354 939 374
14 919 354 939 374
15 919 354 939 374
16 920 354 940 374
17 919 354 939 374
18 919 354 939 374
19 919 355 939 375
20 919 354 939 374
21 919 354 939 374
22 919 354 939 374
23 919 355 939 375
24 919 354 939 374
25 919 355 939 375
26 919 354 939 374
27 919 354 939 374
28 919 354 939 374
29 918 355 938 375
30 918 355 938 375
31 918 355 938 375
32 918 355 938 375
33 918 355 938 375
34 918 355 938 375
35 918 355 938 375
36 918 355 938 375
37 918 355 938 375
38 918 355 938 375
39 918 355 938 375
40 918 355 938 375
41 919 355 939 375
42 919 355 939 375
43 918 355 938 375
44 918 355 938 375
45 918 356 938 376
46 924 367 944 387
47 933 390 953 410
48 942 425 962 445
49 952 448 972 468
50 953 456 973 476
51 958 476 978 496
52 967 506 987 526
53 976 537 996 557
54 986 566 1006 586
55 993 581 1013 601
56 994 595 1014 615
57 1006 606 1026 626
58 1016 615 1036 635
59 1021 622 1041 642
60 1020 626 1040 646
61 1016 626 1036 646
62 1012 624 1032 644
63 1009 618 1029 638
64 1009 612 1029 632
65 1009 606 1029 626
66 1010 601 1030 621
67 1012 597 1032 617
68 1014 592 1034 612
69 1015 586 1035 606
70 1014 569 1034 589
71 1010 536 1030 556
72 1001 478 1021 498
73 988 414 1008 434
74 972 349 992 369
75 957 290 977 310
76 948 256 968 276
77 945 243 965 263
78 946 246 966 266
79 949 256 969 276
80 951 267 971 287
81 953 276 973 296
82 956 284 976 304
83 958 293 978 313
84 959 300 979 320
85 959 305 979 325
86 960 308 980 328
87 961 311 981 331
88 962 311 982 331
89 962 313 982 333
90 962 316 982 336
91 962 316 982 336
92 963 317 983 337
93 963 319 983 339
94 964 323 984 343
95 966 329 986 349
96 966 332 986 352
97 966 333 986 353
98 966 333 986 353
99 966 330 986 350
100 965 326 985 346
101 964 323 984 343
102 963 318 983 338
103 962 315 982 335
104 962 315 982 335
105 962 316 982 336
106 963 316 983 336
107 963 320 983 340
108 965 327 985 347
109 967 337 987 357
110 969 343 989 363
111 971 352 991 372
112 973 361 993 381
113 975 371 995 391
114 978 384 998 404
115 983 402 1003 422
116 988 422 1008 442
117 992 440 1012 460
118 996 456 1016 476
119 999 466 1019 486
120 999 469 1019 489
121 998 465 1018 485
122 996 458 1016 478
123 994 448 1014 468
124 992 438 1012 458
125 989 429 1009 449
126 986 418 1006 438
127 984 407 1004 427
128 981 395 1001 415
129 978 383 998 403
130 976 373 996 393
131 974 363 994 383
132 971 353 991 373
133 969 345 989 365
134 967 338 987 358
135 966 333 986 353
136 966 330 986 350
137 965 328 985 348
138 965 327 985 347
139 965 325 985 345
140 965 324 985 344
141 965 324 985 344
142 964 324 984 344
143 964 323 984 343
144 965 324 985 344
145 965 325 985 345
146 966 329 986 349
147 967 333 987 353
148 968 336 988 356
149 968 340 988 360
150 969 345 989 365
151 970 350 990 370
152 971 356 991 376
153 973 364 993 384
154 975 371 995 391
155 977 378 997 398
156 979 386 999 406
157 981 396 1001 416
158 984 406 1004 426
159 987 417 1007 437
160 989 425 1009 445
161 990 431 1010 451
162 990 433 1010 453
163 990 432 1010 452
164 990 431 1010 451
165 989 427 1009 447
166 988 420 1008 440
167 986 411 1006 431
168 984 402 1004 422
169 981 395 1001 415
170 980 390 1000 410
171 979 388 999 408
172 979 388 999 408
173 980 389 1000 409
174 980 390 1000 410
175 981 393 1001 413
176 983 400 1003 420
177 984 407 1004 427
178 986 413 1006 433
179 987 418 1007 438
180 988 422 1008 442
181 989 425 1009 445
182 990 429 1010 449
183 991 434 1011 454
184 992 439 1012 459
185 992 441 1012 461
186 992 442 1012 462
187 992 443 1012 463
188 992 441 1012 461
189 991 437 1011 457
190 991 434 1011 454
191 990 431 1010 451
192 989 428 1009 448
193 988 426 1008 446
194 988 425 1008 445
195 988 423 1008 443
196 989 424 1009 444
197 989 425 1009 445
198 989 427 1009 447
199 990 431 1010 451
200 991 436 1011 456
201 992 439 1012 459
202 992 440 1012 460
203 992 441 1012 461
204 992 439 1012 459
205 992 438 1012 458
206 991 438 1011 458
207 991 436 1011 456
208 990 433 1010 453
209 989 428 1009 448
210 988 422 1008 442
211 986 415 1006 435
212 984 407 1004 427
213 982 400 1002 420
214 980 392 1000 412
215 979 385 999 405
216 978 381 998 401
217 977 377 997 397
218 976 374 996 394
219 976 372 996 392
220 975 370 995 390
221 974 368 994 388
222 973 364 993 384
223 973 362 993 382
224 973 361 993 381
225 972 359 992 379
226 972 359 992 379
227 972 359 992 379
228 972 356 992 376
229 972 353 992 373
230 971 348 991 368
231 970 346 990 366
232 968 343 988 363
233 968 343 988 363
234 970 347 990 367
235 972 354 992 374
236 973 360 993 380
237 974 365 994 385
238 976 371 996 391
239 977 377 997 397
240 978 383 998 403
241 979 384 999 404
242 979 385 999 405
243 979 386 999 406
244 979 386 999 406
245 979 387 999 407
246 979 386 999 406
247 979 385 999 405
248 979 384 999 404
249 979 384 999 404
250 979 385 999 405
251 979 385 999 405
252 978 384 998 404
253 978 383 998 403
254 977 379 997 399
255 977 377 997 397
256 977 377 997 397
257 978 379 998 399
258 978 381 998 401
259 978 384 998 404
260 979 386 999 406
261 980 388 1000 408
262 980 387 1000 407
263 980 391 1000 411
264 981 397 1001 417
265 982 402 1002 422
266 983 403 1003 423
267 983 402 1003 422
268 983 400 1003 420
269 981 392 1001 412
270 979 383 999 403
271 976 373 996 393
272 974 365 994 385
273 972 358 992 378
274 971 354 991 374
275 971 353 991 373
276 971 351 991 371
277 971 349 991 369
278 970 345 990 365
279 969 340 989 360
280 968 335 988 355
281 966 329 986 349
282 964 324 984 344
283 964 322 984 342
284 964 325 984 345
285 965 330 985 350
286 967 337 987 357
287 968 343 988 363
288 970 351 990 371
289 973 360 993 380
290 975 368 995 388
291 976 374 996 394
292 977 378 997 398
293 977 379 997 399
294 977 378 997 398
295 977 377 997 397
