297 -1 -1 -1 -1
0 752 94 769 111
1 752 95 768 111
2 752 95 768 111
3 753 95 769 111
4 753 95 769 111
5 752 96 768 112
6 753 95 769 111
7 752 95 768 111
8 753 95 769 111
9 753 95 769 111
10 753 95 769 111
11 752 95 768 111
12 753 95 769 111
13 752 95 768 111
14 753 95 769 111
15 752 95 768 111
16 753 95 769 111
17 753 95 769 111
18 752 95 768 111
19 753 95 769 111
20 753 95 769 111
21 753 95 769 111
22 753 95 769 111
23 753 95 769 111
24 753 95 769 111
25 753 95 769 111
26 753 95 769 111
27 753 95 769 111
28 753 95 769 111
29 752 96 768 112
30 753 96 769 112
31 752 96 768 112
32 752 95 768 111
33 753 94 769 110
34 751 89 767 105
35 749 76 765 92
36 749 65 765 81
37 750 61 766 77
38 753 63 769 79
39 755 66 771 82
40 756 68 772 84
41 756 70 772 86
42 756 71 772 87
43 756 73 772 89
44 756 73 772 89
45 756 71 772 87
46 756 69 772 85
47 755 69 771 85
48 755 70 771 86
49 755 72 771 88
50 755 73 771 89
51 754 74 770 90
52 754 74 770 90
53 755 74 771 90
54 756 72 772 88
55 756 71 772 87
56 755 70 771 86
57 755 70 771 86
58 755 70 771 86
59 754 72 770 88
60 753 73 769 89
61 754 73 770 89
62 754 71 770 87
63 753 70 769 86
64 752 71 768 87
65 754 71 770 87
66 755 70 771 86
67 755 69 771 85
68 754 69 770 85
69 754 68 770 84
70 754 69 770 85
71 754 70 770 86
72 757 70 773 86
73 759 71 775 87
74 759 71 775 87
75 760 69 776 85
76 762 66 778 82
77 763 63 779 79
78 762 58 778 74
79 761 56 777 72
80 761 53 777 69
81 758 50 774 66
82 756 51 772 67
83 754 54 770 70
84 751 57 767 73
85 749 58 765 74
86 748 59 764 75
87 747 60 763 76
88 747 60 763 76
89 748 59 764 75
90 749 58 765 74
91 753 58 769 74
92 760 57 776 73
93 768 57 784 73
94 777 56 793 72
95 784 56 800 72
96 790 56 806 72
97 795 56 811 72
98 799 56 815 72
99 808 56 824 72
100 827 55 843 71
101 851 53 867 69
102 869 51 885 67
103 881 51 897 67
104 887 51 903 67
105 889 51 905 67
106 889 51 905 67
107 890 50 906 66
108 889 50 905 66
109 888 50 904 66
110 888 50 904 66
111 888 50 904 66
112 888 50 904 66
113 888 51 904 67
114 888 51 904 67
115 888 51 904 67
116 888 51 904 67
117 888 52 904 68
118 888 52 904 68
119 888 52 904 68
120 887 52 903 68
121 887 52 903 68
122 887 51 903 67
123 887 51 903 67
124 887 51 903 67
125 887 51 903 67
126 888 52 904 68
127 888 52 904 68
128 888 52 904 68
129 888 51 904 67
130 887 51 903 67
131 887 51 903 67
132 887 51 903 67
133 887 51 903 67
134 888 51 904 67
135 887 52 903 68
136 887 52 903 68
137 886 52 902 68
138 886 52 902 68
139 886 51 902 67
140 887 51 903 67
141 886 52 902 68
142 886 53 902 69
143 886 53 902 69
144 886 53 902 69
145 886 52 902 68
146 887 51 903 67
147 887 51 903 67
148 888 51 904 67
149 888 51 904 67
150 888 51 904 67
151 888 52 904 68
152 888 52 904 68
153 888 51 904 67
154 887 51 903 67
155 887 51 903 67
156 887 51 903 67
157 887 51 903 67
158 887 51 903 67
159 887 51 903 67
160 887 51 903 67
161 887 52 903 68
162 888 52 904 68
163 888 52 904 68
164 888 52 904 68
165 887 52 903 68
166 887 52 903 68
167 887 51 903 67
168 887 51 903 67
169 887 52 903 68
170 887 52 903 68
171 887 52 903 68
172 888 53 904 69
173 888 53 904 69
174 889 52 905 68
175 889 51 905 67
176 888 51 904 67
177 888 51 904 67
178 888 51 904 67
179 888 51 904 67
180 888 51 904 67
181 888 51 904 67
182 888 51 904 67
183 887 51 903 67
184 887 51 903 67
185 888 51 904 67
186 890 50 906 66
187 892 49 908 65
188 893 48 909 64
189 893 48 909 64
190 892 48 908 64
191 891 49 907 65
192 891 49 907 65
193 891 50 907 66
194 890 50 906 66
195 889 50 905 66
196 889 50 905 66
197 890 49 906 65
198 890 48 906 64
199 890 48 906 64
200 890 48 906 64
201 889 48 905 64
202 889 48 905 64
203 889 49 905 65
204 890 50 906 66
205 890 50 906 66
206 890 50 906 66
207 890 50 906 66
208 890 50 906 66
209 890 49 906 65
210 890 48 906 64
211 890 48 906 64
212 891 49 907 65
213 892 49 908 65
214 892 49 908 65
215 892 49 908 65
216 892 49 908 65
217 891 49 907 65
218 890 49 906 65
219 889 49 905 65
220 890 49 906 65
221 891 49 907 65
222 892 49 908 65
223 893 49 909 65
224 893 49 909 65
225 892 50 908 66
226 892 50 908 66
227 891 50 907 66
228 890 50 906 66
229 890 49 906 65
230 890 49 906 65
231 890 49 906 65
232 891 49 907 65
233 892 49 908 65
234 893 49 909 65
235 894 49 910 65
236 894 48 910 64
237 894 48 910 64
238 893 48 909 64
239 892 49 908 65
240 892 50 908 66
241 892 49 908 65
242 892 49 908 65
243 892 49 908 65
244 891 49 907 65
245 891 50 907 66
246 891 51 907 67
247 890 51 906 67
248 889 50 905 66
249 890 49 906 65
250 892 49 908 65
251 892 49 908 65
252 891 49 907 65
253 890 49 906 65
254 890 50 906 66
255 890 50 906 66
256 890 50 906 66
257 891 49 907 65
258 891 48 907 64
259 891 48 907 64
260 891 49 907 65
261 892 48 908 64
262 893 48 909 64
263 893 48 909 64
264 894 48 910 64
265 894 48 910 64
266 894 48 910 64
267 893 48 909 64
268 892 49 908 65
269 891 49 907 65
270 891 49 907 65
271 891 49 907 65
272 891 50 907 66
273 891 50 907 66
274 891 49 907 65
275 892 49 908 65
276 892 48 908 64
277 892 48 908 64
278 892 49 908 65
279 892 50 908 66
280 891 51 907 67
281 890 51 906 67
282 890 50 906 66
283 890 50 906 66
284 891 49 907 65
285 891 49 907 65
286 891 49 907 65
287 891 49 907 65
288 890 50 906 66
289 889 50 905 66
290 890 50 906 66
291 890 50 906 66
292 890 50 906 66
293 890 50 906 66
294 889 50 905 66
295 890 49 906 65
