235 -1 -1 -1 -1
0 720 66 737 83
1 721 67 737 83
2 721 67 737 83
3 721 67 737 83
4 721 67 737 83
5 721 67 737 83
6 720 68 736 84
7 721 68 737 84
8 720 67 736 83
9 720 67 736 83
10 720 67 736 83
11 720 67 736 83
12 720 67 736 83
13 720 68 736 84
14 720 67 736 83
15 720 67 736 83
16 720 68 736 84
17 720 68 736 84
18 721 67 737 83
19 721 68 737 84
20 720 68 736 84
21 720 67 736 83
22 720 67 736 83
23 720 67 736 83
24 720 67 736 83
25 720 67 736 83
26 720 68 736 84
27 721 68 737 84
28 720 68 736 84
29 720 66 736 82
30 720 67 736 83
31 717 67 733 83
32 720 63 736 79
33 728 58 744 74
34 735 54 751 70
35 737 53 753 69
36 735 54 751 70
37 733 55 749 71
38 732 56 748 72
39 732 56 748 72
40 732 56 748 72
41 732 56 748 72
42 731 57 747 73
43 730 58 746 74
44 730 58 746 74
45 730 58 746 74
46 730 57 746 73
47 730 58 746 74
48 731 57 747 73
49 732 56 748 72
50 732 55 748 71
51 733 55 749 71
52 732 55 748 71
53 731 56 747 72
54 731 57 747 73
55 731 56 747 72
56 731 56 747 72
57 731 56 747 72
58 731 57 747 73
59 731 56 747 72
60 731 55 747 71
61 730 55 746 71
62 729 55 745 71
63 729 55 745 71
64 728 55 744 71
65 726 56 742 72
66 727 54 743 70
67 729 52 745 68
68 729 53 745 69
69 728 53 744 69
70 728 53 744 69
71 729 52 745 68
72 732 52 748 68
73 734 54 750 70
74 737 56 753 72
75 740 58 756 74
76 742 59 758 75
77 744 58 760 74
78 745 57 761 73
79 744 57 760 73
80 741 57 757 73
81 736 57 752 73
82 726 57 742 73
83 714 57 730 73
84 700 57 716 73
85 684 57 700 73
86 662 58 678 74
87 636 58 652 74
88 611 57 627 73
89 588 57 604 73
90 567 57 583 73
91 545 57 561 73
92 525 57 541 73
93 504 57 520 73
94 482 57 498 73
95 454 56 470 72
96 425 55 441 71
97 401 53 417 69
98 385 52 401 68
99 378 51 394 67
100 374 51 390 67
101 373 51 389 67
102 373 51 389 67
103 372 51 388 67
104 372 51 388 67
105 373 51 389 67
106 374 51 390 67
107 374 51 390 67
108 374 51 390 67
109 374 51 390 67
110 374 51 390 67
111 374 51 390 67
112 374 52 390 68
113 375 52 391 68
114 375 52 391 68
115 375 52 391 68
116 375 52 391 68
117 375 51 391 67
118 374 51 390 67
119 374 51 390 67
120 374 52 390 68
121 374 52 390 68
122 374 52 390 68
123 374 52 390 68
124 374 52 390 68
125 374 52 390 68
126 374 52 390 68
127 375 51 391 67
128 375 51 391 67
129 374 52 390 68
130 374 52 390 68
131 374 51 390 67
132 374 51 390 67
133 375 52 391 68
134 375 52 391 68
135 375 52 391 68
136 375 52 391 68
137 375 52 391 68
138 374 51 390 67
139 374 51 390 67
140 374 51 390 67
141 374 52 390 68
142 374 52 390 68
143 374 52 390 68
144 374 52 390 68
145 374 52 390 68
146 374 51 390 67
147 374 51 390 67
148 374 51 390 67
149 374 51 390 67
150 375 51 391 67
151 374 51 390 67
152 374 51 390 67
153 373 51 389 67
154 373 51 389 67
155 374 51 390 67
156 375 51 391 67
157 376 51 392 67
158 376 51 392 67
159 375 52 391 68
160 374 52 390 68
161 374 52 390 68
162 374 51 390 67
163 374 51 390 67
164 375 51 391 67
165 375 51 391 67
166 375 51 391 67
167 375 52 391 68
168 375 52 391 68
169 376 52 392 68
170 376 52 392 68
171 376 52 392 68
172 376 52 392 68
173 376 52 392 68
174 376 51 392 67
175 376 51 392 67
176 376 52 392 68
177 376 52 392 68
178 376 52 392 68
179 375 51 391 67
180 374 51 390 67
181 373 51 389 67
182 373 52 389 68
183 373 52 389 68
184 373 51 389 67
185 374 51 390 67
186 374 51 390 67
187 375 51 391 67
188 375 51 391 67
189 375 52 391 68
190 376 52 392 68
191 376 52 392 68
192 375 52 391 68
193 374 52 390 68
194 374 52 390 68
195 374 52 390 68
196 374 52 390 68
197 374 52 390 68
198 375 52 391 68
199 375 52 391 68
200 374 51 390 67
201 374 50 390 66
202 376 50 392 66
203 377 51 393 67
204 376 51 392 67
205 376 52 392 68
206 376 53 392 69
207 377 53 393 69
208 378 53 394 69
209 378 53 394 69
210 376 52 392 68
211 375 51 391 67
212 375 51 391 67
213 377 52 393 68
214 378 52 394 68
215 378 52 394 68
216 378 52 394 68
217 378 52 394 68
218 379 52 395 68
219 379 53 395 69
220 378 53 394 69
221 378 53 394 69
222 378 53 394 69
223 378 52 394 68
224 378 52 394 68
225 379 52 395 68
226 379 53 395 69
227 378 53 394 69
228 377 52 393 68
229 376 51 392 67
230 376 51 392 67
231 377 51 393 67
232 378 52 394 68
233 378 53 394 69
