235 -1 -1 -1 -1
0 500 241 519 260
1 500 242 518 260
2 501 241 519 259
3 500 241 518 259
4 500 241 518 259
5 500 241 518 259
6 500 242 518 260
7 500 241 518 259
8 501 242 519 260
9 501 242 519 260
10 501 242 519 260
11 500 242 518 260
12 501 242 519 260
13 501 242 519 260
14 501 242 519 260
15 501 242 519 260
16 501 242 519 260
17 501 242 519 260
18 501 242 519 260
19 501 242 519 260
20 501 242 519 260
21 501 242 519 260
22 501 242 519 260
23 501 242 519 260
24 501 242 519 260
25 501 242 519 260
26 501 242 519 260
27 501 242 519 260
28 501 242 519 260
29 501 242 519 260
30 501 242 519 260
31 501 242 519 260
32 500 242 518 260
33 500 242 518 260
34 501 242 519 260
35 500 242 518 260
36 501 242 519 260
37 501 242 519 260
38 501 242 519 260
39 501 242 519 260
40 501 242 519 260
41 500 243 518 261
42 497 252 515 270
43 484 273 502 291
44 468 297 486 315
45 462 307 480 325
46 456 319 474 337
47 443 339 461 357
48 427 362 445 380
49 412 385 430 403
50 400 408 418 426
51 395 415 413 433
52 385 428 403 446
53 372 450 390 468
54 357 474 375 492
55 342 496 360 514
56 328 518 346 536
57 323 525 341 543
58 313 540 331 558
59 297 563 315 581
60 280 588 298 606
61 259 609 277 627
62 241 620 259 638
63 230 620 248 638
64 223 614 241 632
65 222 607 240 625
66 227 600 245 618
67 233 595 251 613
68 238 593 256 611
69 240 593 258 611
70 240 597 258 615
71 239 601 257 619
72 237 603 255 621
73 234 604 252 622
74 233 603 251 621
75 233 603 251 621
76 234 603 252 621
77 235 603 253 621
78 236 602 254 620
79 237 601 255 619
80 237 600 255 618
81 236 601 254 619
82 235 602 253 620
83 235 603 253 621
84 236 604 254 622
85 237 604 255 622
86 237 603 255 621
87 237 602 255 620
88 236 601 254 619
89 234 602 252 620
90 233 603 251 621
91 232 604 250 622
92 232 605 250 623
93 233 605 251 623
94 233 604 251 622
95 232 603 250 621
96 231 604 249 622
97 231 604 249 622
98 232 605 250 623
99 233 605 251 623
100 234 605 252 623
101 233 604 251 622
102 233 603 251 621
103 234 603 252 621
104 234 604 252 622
105 234 605 252 623
106 233 605 251 623
107 233 604 251 622
108 234 604 252 622
109 233 604 251 622
110 233 603 251 621
111 234 601 252 619
112 235 600 253 618
113 235 599 253 617
114 235 599 253 617
115 234 601 252 619
116 233 602 251 620
117 232 604 250 622
118 232 605 250 623
119 233 605 251 623
120 234 604 252 622
121 235 602 253 620
122 236 600 254 618
123 237 599 255 617
124 237 598 255 616
125 237 597 255 615
126 237 597 255 615
127 238 599 256 617
128 239 600 257 618
129 239 601 257 619
130 239 601 257 619
131 239 601 257 619
132 238 599 256 617
133 237 596 255 614
134 237 592 255 610
135 237 590 255 608
136 238 588 256 606
137 240 585 258 603
138 241 583 259 601
139 241 583 259 601
140 240 583 258 601
141 240 581 258 599
142 241 577 259 595
143 242 574 260 592
144 244 572 262 590
145 246 568 264 586
146 247 564 265 582
147 246 559 264 577
148 246 554 264 572
149 248 545 266 563
150 251 533 269 551
151 255 510 273 528
152 262 479 280 497
153 272 434 290 452
154 283 388 301 406
155 294 340 312 358
156 303 299 321 317
157 313 262 331 280
158 320 237 338 255
159 323 227 341 245
160 322 227 340 245
161 321 231 339 249
162 319 239 337 257
163 318 246 336 264
164 317 248 335 266
165 316 249 334 267
166 315 251 333 269
167 314 254 332 272
168 314 259 332 277
169 314 262 332 280
170 313 266 331 284
171 312 268 330 286
172 311 269 329 287
173 311 269 329 287
174 312 265 330 283
175 314 262 332 280
176 315 260 333 278
177 314 260 332 278
178 313 262 331 280
179 312 265 330 283
180 311 268 329 286
181 310 271 328 289
182 310 274 328 292
183 311 273 329 291
184 311 272 329 290
185 311 271 329 289
186 312 269 330 287
187 312 268 330 286
188 312 266 330 284
189 312 265 330 283
190 313 266 331 284
191 313 266 331 284
192 312 267 330 285
193 311 268 329 286
194 311 269 329 287
195 311 270 329 288
196 311 271 329 289
197 312 272 330 290
198 312 273 330 291
199 312 273 330 291
200 312 272 330 290
201 313 268 331 286
202 314 264 332 282
203 314 262 332 280
204 314 262 332 280
205 313 264 331 282
206 313 266 331 284
207 313 268 331 286
208 313 271 331 289
209 313 271 331 289
210 313 271 331 289
211 313 269 331 287
212 313 266 331 284
213 314 262 332 280
214 315 260 333 278
215 316 256 334 274
216 317 253 335 271
217 317 252 335 270
218 317 254 335 272
219 316 257 334 275
220 315 260 333 278
221 314 263 332 281
222 314 265 332 283
223 314 265 332 283
224 313 264 331 282
225 313 263 331 281
226 313 262 331 280
227 314 263 332 281
228 315 263 333 281
229 315 262 333 280
230 316 261 334 279
231 316 260 334 278
232 316 258 334 276
233 316 258 334 276
