361 -1 -1 -1 -1
0 429 110 446 127
1 429 111 445 127
2 429 111 445 127
3 429 111 445 127
4 429 110 445 126
5 430 111 446 127
6 430 111 446 127
7 430 111 446 127
8 429 111 445 127
9 429 111 445 127
10 430 111 446 127
11 430 111 446 127
12 430 111 446 127
13 430 111 446 127
14 430 111 446 127
15 429 111 445 127
16 430 111 446 127
17 430 111 446 127
18 430 111 446 127
19 430 111 446 127
20 430 111 446 127
21 430 111 446 127
22 430 111 446 127
23 430 111 446 127
24 430 111 446 127
25 430 111 446 127
26 430 111 446 127
27 430 111 446 127
28 429 112 445 128
29 430 112 446 128
30 429 111 445 127
31 430 112 446 128
32 430 111 446 127
33 429 111 445 127
34 429 112 445 128
35 430 111 446 127
36 430 111 446 127
37 430 112 446 128
38 429 111 445 127
39 429 111 445 127
40 429 111 445 127
41 429 111 445 127
42 430 111 446 127
43 430 112 446 128
44 430 111 446 127
45 429 111 445 127
46 430 111 446 127
47 430 111 446 127
48 430 112 446 128
49 430 111 446 127
50 430 111 446 127
51 430 112 446 128
52 430 112 446 128
53 430 112 446 128
54 430 112 446 128
55 430 111 446 127
56 430 112 446 128
57 430 111 446 127
58 430 112 446 128
59 430 111 446 127
60 430 111 446 127
61 430 111 446 127
62 430 111 446 127
63 430 111 446 127
64 429 111 445 127
65 430 112 446 128
66 430 112 446 128
67 430 112 446 128
68 430 112 446 128
69 430 111 446 127
70 430 111 446 127
71 430 111 446 127
72 429 111 445 127
73 430 111 446 127
74 430 111 446 127
75 430 111 446 127
76 430 111 446 127
77 429 111 445 127
78 429 111 445 127
79 429 111 445 127
80 429 111 445 127
81 430 111 446 127
82 430 111 446 127
83 429 111 445 127
84 429 111 445 127
85 429 111 445 127
86 429 111 445 127
87 429 111 445 127
88 429 111 445 127
89 430 111 446 127
90 430 111 446 127
91 430 111 446 127
92 430 111 446 127
93 430 111 446 127
94 430 111 446 127
95 430 111 446 127
96 430 111 446 127
97 430 110 446 126
98 430 111 446 127
99 430 111 446 127
100 430 111 446 127
101 430 112 446 128
102 430 112 446 128
103 430 112 446 128
104 430 112 446 128
105 430 111 446 127
106 429 111 445 127
107 430 112 446 128
108 430 111 446 127
109 430 112 446 128
110 430 111 446 127
111 430 111 446 127
112 430 111 446 127
113 430 111 446 127
114 430 111 446 127
115 430 111 446 127
116 429 111 445 127
117 429 112 445 128
118 429 111 445 127
119 430 111 446 127
120 430 112 446 128
121 430 112 446 128
122 430 112 446 128
123 430 112 446 128
124 430 112 446 128
125 430 111 446 127
126 430 112 446 128
127 430 111 446 127
128 430 112 446 128
129 430 111 446 127
130 430 112 446 128
131 430 111 446 127
132 430 111 446 127
133 430 111 446 127
134 430 112 446 128
135 433 116 449 132
136 439 125 455 141
137 446 137 462 153
138 458 157 474 173
139 474 183 490 199
140 488 207 504 223
141 500 226 516 242
142 505 234 521 250
143 509 242 525 258
144 518 257 534 273
145 530 278 546 294
146 543 295 559 311
147 555 312 571 328
148 558 319 574 335
149 564 329 580 345
150 575 346 591 362
151 587 367 603 383
152 599 387 615 403
153 612 406 628 422
154 619 414 635 430
155 611 420 627 436
156 597 429 613 445
157 585 437 601 453
158 573 447 589 463
159 563 456 579 472
160 563 457 579 473
161 555 466 571 482
162 546 477 562 493
163 537 489 553 505
164 530 500 546 516
165 522 511 538 527
166 521 513 537 529
167 515 523 531 539
168 506 536 522 552
169 496 548 512 564
170 488 560 504 576
171 479 572 495 588
172 478 573 494 589
173 471 584 487 600
174 462 593 478 609
175 454 592 470 608
176 447 580 463 596
177 441 570 457 586
178 440 570 456 586
179 435 562 451 578
180 428 554 444 570
181 421 546 437 562
182 415 539 431 555
183 409 532 425 548
184 408 531 424 547
185 403 524 419 540
186 396 516 412 532
187 390 509 406 525
188 384 502 400 518
189 378 495 394 511
190 377 494 393 510
191 372 489 388 505
192 366 482 382 498
193 360 475 376 491
194 354 468 370 484
195 349 461 365 477
196 349 461 365 477
197 344 456 360 472
198 337 449 353 465
199 332 442 348 458
200 327 436 343 452
201 322 429 338 445
202 322 429 338 445
203 317 423 333 439
204 310 420 326 436
205 301 419 317 435
206 307 416 323 432
207 317 413 333 429
208 319 411 335 427
209 322 411 338 427
210 327 409 343 425
211 333 407 349 423
212 339 404 355 420
213 344 402 360 418
214 344 402 360 418
215 349 400 365 416
216 355 399 371 415
217 359 396 375 412
218 365 394 381 410
219 370 392 386 408
220 370 391 386 407
221 375 390 391 406
222 381 388 397 404
223 386 386 402 402
224 391 384 407 400
225 396 382 412 398
226 396 382 412 398
227 401 381 417 397
228 405 378 421 394
229 410 377 426 393
230 415 375 431 391
231 420 373 436 389
232 420 373 436 389
233 424 371 440 387
234 428 369 444 385
235 433 367 449 383
236 438 365 454 381
237 442 364 458 380
238 443 364 459 380
239 446 362 462 378
240 451 360 467 376
241 456 359 472 375
242 459 357 475 373
243 463 355 479 371
244 464 355 480 371
245 467 354 483 370
246 472 353 488 369
247 476 351 492 367
248 480 349 496 365
249 484 347 500 363
250 484 347 500 363
251 487 346 503 362
252 492 345 508 361
253 496 343 512 359
254 499 342 515 358
255 503 341 519 357
256 504 340 520 356
257 507 339 523 355
258 511 337 527 353
259 514 336 530 352
260 518 335 534 351
261 521 333 537 349
262 521 333 537 349
263 524 332 540 348
264 528 331 544 347
265 531 329 547 345
266 535 328 551 344
267 538 327 554 343
268 538 327 554 343
269 541 326 557 342
270 544 324 560 340
271 548 323 564 339
272 550 322 566 338
273 554 320 570 336
274 554 320 570 336
275 557 320 573 336
276 559 318 575 334
277 562 317 578 333
278 566 316 582 332
279 568 315 584 331
280 569 315 585 331
281 571 314 587 330
282 574 313 590 329
283 576 312 592 328
284 579 311 595 327
285 582 310 598 326
286 582 310 598 326
287 584 309 600 325
288 588 308 604 324
289 590 307 606 323
290 592 306 608 322
291 595 305 611 321
292 595 305 611 321
293 597 304 613 320
294 599 303 615 319
295 601 302 617 318
296 604 301 620 317
297 607 300 623 316
298 607 300 623 316
299 609 299 625 315
300 611 298 627 314
301 614 298 630 314
302 616 297 632 313
303 617 296 633 312
304 617 296 633 312
305 620 295 636 311
306 622 294 638 310
307 624 293 640 309
308 626 293 642 309
309 628 292 644 308
310 628 292 644 308
311 630 291 646 307
312 631 290 647 306
313 633 290 649 306
314 635 290 651 306
315 636 289 652 305
316 636 288 652 304
317 638 288 654 304
318 640 288 656 304
319 641 287 657 303
320 643 287 659 303
321 644 286 660 302
322 644 286 660 302
323 646 285 662 301
324 647 285 663 301
325 648 284 664 300
326 648 283 664 299
327 650 283 666 299
328 651 283 667 299
329 652 283 668 299
330 654 282 670 298
331 656 282 672 298
332 657 281 673 297
333 658 281 674 297
334 658 281 674 297
335 659 281 675 297
336 661 280 677 296
337 662 280 678 296
338 663 280 679 296
339 664 279 680 295
340 664 279 680 295
341 664 279 680 295
342 665 279 681 295
343 666 278 682 294
344 668 278 684 294
345 669 278 685 294
346 668 278 684 294
347 669 277 685 293
348 670 277 686 293
349 671 277 687 293
350 671 277 687 293
351 672 276 688 292
352 672 276 688 292
353 672 276 688 292
354 673 276 689 292
355 673 275 689 291
356 674 275 690 291
357 675 275 691 291
358 675 275 691 291
359 675 274 691 290
