361 -1 -1 -1 -1
0 628 419 649 440
1 629 420 649 440
2 628 420 648 440
3 629 419 649 439
4 629 419 649 439
5 629 420 649 440
6 628 420 648 440
7 629 420 649 440
8 629 420 649 440
9 629 420 649 440
10 629 420 649 440
11 629 420 649 440
12 629 419 649 439
13 629 420 649 440
14 629 420 649 440
15 629 420 649 440
16 628 420 648 440
17 628 419 648 439
18 629 419 649 439
19 629 420 649 440
20 629 420 649 440
21 629 420 649 440
22 628 420 648 440
23 629 420 649 440
24 629 420 649 440
25 629 420 649 440
26 629 420 649 440
27 629 419 649 439
28 629 420 649 440
29 629 420 649 440
30 629 420 649 440
31 629 420 649 440
32 629 420 649 440
33 629 420 649 440
34 629 420 649 440
35 628 420 648 440
36 629 420 649 440
37 629 420 649 440
38 629 420 649 440
39 629 420 649 440
40 629 420 649 440
41 629 420 649 440
42 629 420 649 440
43 629 420 649 440
44 629 420 649 440
45 629 420 649 440
46 629 420 649 440
47 629 420 649 440
48 629 420 649 440
49 629 420 649 440
50 629 420 649 440
51 629 420 649 440
52 628 420 648 440
53 629 420 649 440
54 629 420 649 440
55 629 420 649 440
56 629 420 649 440
57 629 420 649 440
58 629 420 649 440
59 628 420 648 440
60 628 420 648 440
61 628 420 648 440
62 629 420 649 440
63 628 420 648 440
64 629 420 649 440
65 629 420 649 440
66 629 420 649 440
67 628 420 648 440
68 629 420 649 440
69 629 420 649 440
70 628 420 648 440
71 629 420 649 440
72 629 420 649 440
73 628 420 648 440
74 629 420 649 440
75 628 420 648 440
76 628 420 648 440
77 628 420 648 440
78 628 420 648 440
79 628 420 648 440
80 628 420 648 440
81 628 420 648 440
82 628 420 648 440
83 628 420 648 440
84 628 420 648 440
85 629 420 649 440
86 629 420 649 440
87 628 420 648 440
88 629 420 649 440
89 628 420 648 440
90 628 420 648 440
91 629 420 649 440
92 628 420 648 440
93 628 420 648 440
94 628 420 648 440
95 628 420 648 440
96 628 420 648 440
97 629 420 649 440
98 628 420 648 440
99 628 420 648 440
100 628 420 648 440
101 628 420 648 440
102 629 420 649 440
103 628 420 648 440
104 628 420 648 440
105 628 420 648 440
106 628 420 648 440
107 628 420 648 440
108 628 420 648 440
109 628 420 648 440
110 629 420 649 440
111 628 420 648 440
112 628 420 648 440
113 628 420 648 440
114 629 420 649 440
115 628 420 648 440
116 628 420 648 440
117 628 420 648 440
118 629 420 649 440
119 629 420 649 440
120 629 420 649 440
121 628 420 648 440
122 628 420 648 440
123 629 420 649 440
124 628 420 648 440
125 628 420 648 440
126 629 420 649 440
127 629 420 649 440
128 629 420 649 440
129 628 420 648 440
130 628 420 648 440
131 628 420 648 440
132 629 420 649 440
133 628 420 648 440
134 628 420 648 440
135 628 420 648 440
136 628 420 648 440
137 628 420 648 440
138 628 420 648 440
139 629 420 649 440
140 628 420 648 440
141 628 420 648 440
142 629 420 649 440
143 629 420 649 440
144 629 420 649 440
145 628 420 648 440
146 628 420 648 440
147 629 420 649 440
148 628 420 648 440
149 628 420 648 440
150 628 420 648 440
151 628 420 648 440
152 629 420 649 440
153 628 420 648 440
154 628 420 648 440
155 633 422 653 442
156 645 428 665 448
157 673 441 693 461
158 713 460 733 480
159 745 474 765 494
160 773 487 793 507
161 782 491 802 511
162 781 491 801 511
163 794 497 814 517
164 818 510 838 530
165 842 521 862 541
166 854 527 874 547
167 862 530 882 550
168 878 537 898 557
169 899 547 919 567
170 921 557 941 577
171 941 567 961 587
172 945 568 965 588
173 958 577 978 597
174 980 588 1000 608
175 1002 597 1022 617
176 1022 604 1042 624
177 1040 612 1060 632
178 1051 617 1071 637
179 1055 620 1075 640
180 1052 621 1072 641
181 1044 618 1064 638
182 1034 614 1054 634
183 1027 610 1047 630
184 1022 607 1042 627
185 1021 606 1041 626
186 1023 607 1043 627
187 1026 610 1046 630
188 1030 612 1050 632
189 1033 614 1053 634
190 1035 614 1055 634
191 1035 614 1055 634
192 1034 613 1054 633
193 1032 612 1052 632
194 1031 611 1051 631
195 1031 609 1051 629
196 1031 608 1051 628
197 1031 610 1051 630
198 1031 611 1051 631
199 1031 612 1051 632
200 1030 612 1050 632
201 1030 612 1050 632
202 1030 612 1050 632
203 1031 612 1051 632
204 1031 612 1051 632
205 1031 612 1051 632
206 1031 611 1051 631
207 1031 611 1051 631
208 1031 610 1051 630
209 1032 610 1052 630
210 1034 610 1054 630
211 1035 610 1055 630
212 1035 609 1055 629
213 1034 609 1054 629
214 1033 609 1053 629
215 1033 609 1053 629
216 1034 609 1054 629
217 1035 609 1055 629
218 1035 608 1055 628
219 1035 607 1055 627
220 1035 607 1055 627
221 1035 607 1055 627
222 1034 608 1054 628
223 1034 609 1054 629
224 1034 609 1054 629
225 1034 610 1054 630
226 1033 610 1053 630
227 1033 609 1053 629
228 1033 609 1053 629
229 1033 608 1053 628
230 1034 607 1054 627
231 1034 607 1054 627
232 1035 608 1055 628
233 1035 608 1055 628
234 1034 609 1054 629
235 1033 609 1053 629
236 1033 610 1053 630
237 1033 611 1053 631
238 1034 611 1054 631
239 1035 610 1055 630
240 1035 610 1055 630
241 1035 610 1055 630
242 1035 610 1055 630
243 1035 611 1055 631
244 1034 612 1054 632
245 1033 613 1053 633
246 1032 613 1052 633
247 1031 613 1051 633
248 1031 612 1051 632
249 1032 611 1052 631
250 1033 611 1053 631
251 1032 611 1052 631
252 1032 612 1052 632
253 1031 613 1051 633
254 1031 612 1051 632
255 1032 612 1052 632
256 1034 613 1054 633
257 1034 614 1054 634
258 1034 615 1054 635
259 1033 615 1053 635
260 1033 614 1053 634
261 1033 613 1053 633
262 1033 613 1053 633
263 1034 612 1054 632
264 1034 610 1054 630
265 1033 608 1053 628
266 1032 608 1052 628
267 1032 609 1052 629
268 1032 610 1052 630
269 1032 612 1052 632
270 1033 613 1053 633
271 1033 613 1053 633
272 1032 613 1052 633
273 1032 613 1052 633
274 1032 613 1052 633
275 1031 612 1051 632
276 1031 611 1051 631
277 1031 610 1051 630
278 1031 610 1051 630
279 1031 611 1051 631
280 1030 613 1050 633
281 1029 614 1049 634
282 1029 614 1049 634
283 1030 614 1050 634
284 1031 613 1051 633
285 1032 612 1052 632
286 1032 612 1052 632
287 1031 611 1051 631
288 1030 610 1050 630
289 1029 610 1049 630
290 1028 610 1048 630
291 1028 612 1048 632
292 1028 614 1048 634
293 1028 614 1048 634
294 1029 614 1049 634
295 1030 614 1050 634
296 1031 613 1051 633
297 1031 612 1051 632
298 1031 611 1051 631
299 1030 610 1050 630
300 1029 609 1049 629
301 1029 609 1049 629
302 1030 610 1050 630
303 1030 611 1050 631
304 1029 612 1049 632
305 1029 613 1049 633
306 1030 614 1050 634
307 1030 613 1050 633
308 1029 612 1049 632
309 1029 612 1049 632
310 1029 611 1049 631
311 1028 611 1048 631
312 1028 612 1048 632
313 1029 612 1049 632
314 1030 613 1050 633
315 1030 612 1050 632
316 1030 612 1050 632
317 1030 612 1050 632
318 1030 612 1050 632
319 1029 612 1049 632
320 1029 611 1049 631
321 1029 611 1049 631
322 1030 610 1050 630
323 1031 609 1051 629
324 1032 609 1052 629
325 1032 609 1052 629
326 1032 610 1052 630
327 1031 611 1051 631
328 1030 611 1050 631
329 1031 610 1051 630
330 1032 610 1052 630
331 1033 611 1053 631
332 1033 612 1053 632
333 1032 613 1052 633
334 1032 613 1052 633
335 1032 612 1052 632
336 1032 611 1052 631
337 1032 610 1052 630
338 1032 609 1052 629
339 1033 608 1053 628
340 1034 609 1054 629
341 1034 610 1054 630
342 1034 612 1054 632
343 1034 613 1054 633
344 1034 613 1054 633
345 1033 613 1053 633
346 1032 612 1052 632
347 1032 610 1052 630
348 1032 609 1052 629
349 1033 607 1053 627
350 1035 605 1055 625
351 1037 605 1057 625
352 1038 606 1058 626
353 1039 607 1059 627
354 1038 609 1058 629
355 1037 609 1057 629
356 1037 609 1057 629
357 1036 608 1056 628
358 1034 608 1054 628
359 1032 608 1052 628
