161 -1 -1 -1 -1
0 295 482 317 504
1 295 482 316 503
2 295 482 316 503
3 295 482 316 503
4 296 482 317 503
5 296 482 317 503
6 296 483 317 504
7 295 482 316 503
8 295 482 316 503
9 295 482 316 503
10 296 483 317 504
11 296 483 317 504
12 295 482 316 503
13 296 483 317 504
14 295 482 316 503
15 295 483 316 504
16 296 482 317 503
17 295 482 316 503
18 295 482 316 503
19 295 482 316 503
20 295 482 316 503
21 295 482 316 503
22 295 482 316 503
23 295 482 316 503
24 295 482 316 503
25 295 482 316 503
26 295 482 316 503
27 295 482 316 503
28 295 482 316 503
29 295 482 316 503
30 295 482 316 503
31 295 482 316 503
32 295 482 316 503
33 295 482 316 503
34 295 482 316 503
35 296 482 317 503
36 295 482 316 503
37 295 482 316 503
38 296 482 317 503
39 295 482 316 503
40 295 483 316 504
41 295 482 316 503
42 295 482 316 503
43 295 482 316 503
44 295 483 316 504
45 295 483 316 504
46 295 482 316 503
47 295 483 316 504
48 295 482 316 503
49 295 483 316 504
50 295 482 316 503
51 295 482 316 503
52 296 482 317 503
53 295 483 316 504
54 296 488 317 509
55 297 488 318 509
56 294 499 315 520
57 290 512 311 533
58 286 524 307 545
59 284 536 305 557
60 280 547 301 568
61 280 549 301 570
62 278 556 299 577
63 276 567 297 588
64 272 577 293 598
65 268 585 289 606
66 266 594 287 615
67 266 595 287 616
68 262 599 283 620
69 252 602 273 623
70 241 606 262 627
71 232 608 253 629
72 226 605 247 626
73 225 600 246 621
74 227 594 248 615
75 230 588 251 609
76 232 583 253 604
77 233 579 254 600
78 234 574 255 595
79 234 568 255 589
80 235 562 256 583
81 236 555 257 576
82 237 549 258 570
83 239 542 260 563
84 241 536 262 557
85 243 526 264 547
86 247 509 268 530
87 253 484 274 505
88 262 450 283 471
89 270 416 291 437
90 278 384 299 405
91 286 350 307 371
92 294 315 315 336
93 301 285 322 306
94 305 262 326 283
95 308 248 329 269
96 309 241 330 262
97 309 242 330 263
98 309 249 330 270
99 308 257 329 278
100 307 263 328 284
101 305 267 326 288
102 304 268 325 289
103 305 266 326 287
104 306 263 327 284
105 307 259 328 280
106 308 256 329 277
107 309 254 330 275
108 309 253 330 274
109 308 254 329 275
110 308 255 329 276
111 308 255 329 276
112 308 254 329 275
113 307 255 328 276
114 306 258 327 279
115 305 262 326 283
116 304 266 325 287
117 304 269 325 290
118 304 272 325 293
119 303 274 324 295
120 302 277 323 298
121 301 279 322 300
122 301 282 322 303
123 301 282 322 303
124 302 278 323 299
125 303 273 324 294
126 304 271 325 292
127 304 271 325 292
128 304 273 325 294
129 303 275 324 296
130 303 276 324 297
131 302 277 323 298
132 302 278 323 299
133 302 276 323 297
134 304 273 325 294
135 304 271 325 292
136 305 269 326 290
137 305 269 326 290
138 304 270 325 291
139 304 271 325 292
140 304 272 325 293
141 304 272 325 293
142 305 270 326 291
143 305 270 326 291
144 305 269 326 290
145 305 269 326 290
146 304 271 325 292
147 304 273 325 294
148 303 276 324 297
149 303 277 324 298
150 303 277 324 298
151 304 273 325 294
152 305 268 326 289
153 307 262 328 283
154 308 256 329 277
155 309 252 330 273
156 308 252 329 273
157 307 255 328 276
158 307 259 328 280
159 307 263 328 284
