161 -1 -1 -1 -1
0 515 55 533 73
1 514 55 531 72
2 514 55 531 72
3 514 55 531 72
4 514 55 531 72
5 514 55 531 72
6 515 56 532 73
7 515 56 532 73
8 512 63 529 80
9 508 72 525 89
10 503 82 520 99
11 499 91 516 108
12 494 100 511 117
13 493 102 510 119
14 491 106 508 123
15 486 115 503 132
16 480 126 497 143
17 475 136 492 153
18 471 145 488 162
19 470 147 487 164
20 467 154 484 171
21 462 163 479 180
22 457 173 474 190
23 452 183 469 200
24 447 193 464 210
25 445 195 462 212
26 442 201 459 218
27 438 211 455 228
28 432 222 449 239
29 426 232 443 249
30 421 242 438 259
31 419 245 436 262
32 416 251 433 268
33 411 261 428 278
34 405 273 422 290
35 399 285 416 302
36 393 296 410 313
37 391 299 408 316
38 388 305 405 322
39 382 316 399 333
40 375 329 392 346
41 369 342 386 359
42 364 353 381 370
43 362 355 379 372
44 358 363 375 380
45 351 376 368 393
46 344 389 361 406
47 338 401 355 418
48 331 414 348 431
49 330 416 347 433
50 326 425 343 442
51 319 439 336 456
52 311 453 328 470
53 304 467 321 484
54 297 478 314 495
55 293 485 310 502
56 293 482 310 499
57 293 481 310 498
58 295 482 312 499
59 298 485 315 502
60 299 486 316 503
61 298 486 315 503
62 298 489 315 506
63 300 492 317 509
64 301 496 318 513
65 302 500 319 517
66 303 502 320 519
67 303 502 320 519
68 304 505 321 522
69 305 508 322 525
70 305 511 322 528
71 305 513 322 530
72 307 515 324 532
73 307 515 324 532
74 308 518 325 535
75 309 521 326 538
76 310 524 327 541
77 311 528 328 545
78 312 531 329 548
79 312 531 329 548
80 313 533 330 550
81 313 536 330 553
82 313 538 330 555
83 314 541 331 558
84 315 544 332 561
85 316 544 333 561
86 316 546 333 563
87 316 549 333 566
88 318 552 335 569
89 318 554 335 571
90 319 556 336 573
91 320 556 337 573
92 321 559 338 576
93 322 562 339 579
94 323 565 340 582
95 323 567 340 584
96 324 570 341 587
97 325 570 342 587
98 325 572 342 589
99 325 574 342 591
100 326 577 343 594
101 327 579 344 596
102 328 581 345 598
103 328 582 345 599
104 329 584 346 601
105 330 586 347 603
106 331 588 348 605
107 331 591 348 608
108 333 593 350 610
109 333 593 350 610
110 333 595 350 612
111 334 597 351 614
112 334 596 351 613
113 335 596 352 613
114 336 596 353 613
115 336 597 353 614
116 335 599 352 616
117 336 600 353 617
118 337 599 354 616
119 340 597 357 614
120 341 596 358 613
121 341 596 358 613
122 342 596 359 613
123 344 596 361 613
124 345 596 362 613
125 346 596 363 613
126 348 595 365 612
127 348 595 365 612
128 348 595 365 612
129 350 594 367 611
130 351 593 368 610
131 351 593 368 610
132 352 592 369 609
133 351 591 368 608
134 352 591 369 608
135 352 590 369 607
136 353 589 370 606
137 354 588 371 605
138 355 587 372 604
139 355 587 372 604
140 355 587 372 604
141 355 587 372 604
142 356 586 373 603
143 357 585 374 602
144 357 584 374 601
145 358 584 375 601
146 358 584 375 601
147 358 584 375 601
148 359 583 376 600
149 360 582 377 599
150 361 582 378 599
151 360 582 377 599
152 360 581 377 598
153 361 581 378 598
154 362 581 379 598
155 362 580 379 597
156 362 580 379 597
157 362 580 379 597
158 363 580 380 597
159 363 580 380 597
