219 -1 -1 -1 -1
0 793 404 812 423
1 793 404 811 422
2 793 404 811 422
3 794 405 812 423
4 795 405 813 423
5 793 404 811 422
6 793 404 811 422
7 793 404 811 422
8 793 404 811 422
9 793 405 811 423
10 793 404 811 422
11 793 405 811 423
12 793 404 811 422
13 793 404 811 422
14 793 405 811 423
15 793 404 811 422
16 793 405 811 423
17 794 405 812 423
18 793 405 811 423
19 793 405 811 423
20 793 404 811 422
21 793 404 811 422
22 794 405 812 423
23 793 404 811 422
24 793 404 811 422
25 793 405 811 423
26 793 404 811 422
27 794 404 812 422
28 793 404 811 422
29 793 404 811 422
30 794 405 812 423
31 794 404 812 422
32 794 405 812 423
33 793 405 811 423
34 793 404 811 422
35 794 405 812 423
36 793 405 811 423
37 794 404 812 422
38 793 405 811 423
39 793 405 811 423
40 794 404 812 422
41 794 405 812 423
42 793 405 811 423
43 793 405 811 423
44 793 405 811 423
45 794 405 812 423
46 793 404 811 422
47 793 404 811 422
48 793 405 811 423
49 793 405 811 423
50 794 405 812 423
51 794 405 812 423
52 793 404 811 422
53 793 405 811 423
54 795 403 813 421
55 797 396 815 414
56 800 384 818 402
57 800 382 818 400
58 800 375 818 393
59 803 364 821 382
60 806 353 824 371
61 809 344 827 362
62 811 336 829 354
63 811 336 829 354
64 812 330 830 348
65 814 322 832 340
66 817 314 835 332
67 818 306 836 324
68 819 300 837 318
69 819 299 837 317
70 820 293 838 311
71 823 286 841 304
72 824 279 842 297
73 826 272 844 290
74 828 266 846 284
75 827 266 845 284
76 828 260 846 278
77 831 253 849 271
78 833 247 851 265
79 834 241 852 259
80 836 235 854 253
81 836 234 854 252
82 836 230 854 248
83 839 223 857 241
84 840 217 858 235
85 841 210 859 228
86 843 204 861 222
87 843 203 861 221
88 845 199 863 217
89 846 193 864 211
90 847 187 865 205
91 849 182 867 200
92 850 177 868 195
93 850 175 868 193
94 851 171 869 189
95 853 166 871 184
96 855 160 873 178
97 856 155 874 173
98 857 150 875 168
99 857 149 875 167
100 858 145 876 163
101 860 140 878 158
102 861 134 879 152
103 862 129 880 147
104 863 124 881 142
105 864 124 882 142
106 864 120 882 138
107 866 115 884 133
108 868 110 886 128
109 869 105 887 123
110 870 101 888 119
111 871 100 889 118
112 871 97 889 115
113 872 92 890 110
114 873 87 891 105
115 874 83 892 101
116 875 78 893 96
117 876 77 894 95
118 877 75 895 93
119 878 70 896 88
120 879 64 897 82
121 879 59 897 77
122 880 54 898 72
123 880 52 898 70
124 880 48 898 66
125 880 43 898 61
126 881 39 899 57
127 882 34 900 52
128 882 28 900 46
129 882 23 900 41
130 882 21 900 39
131 881 22 899 40
132 880 23 898 41
133 881 24 899 42
134 881 25 899 43
135 881 26 899 44
136 880 26 898 44
137 879 25 897 43
138 879 24 897 42
139 879 24 897 42
140 880 25 898 43
141 882 26 900 44
142 884 26 902 44
143 885 26 903 44
144 885 26 903 44
145 885 26 903 44
146 883 26 901 44
147 881 26 899 44
148 880 26 898 44
149 879 26 897 44
150 879 25 897 43
151 880 24 898 42
152 881 24 899 42
153 882 25 900 43
154 882 26 900 44
155 883 26 901 44
156 882 27 900 45
157 882 26 900 44
158 882 25 900 43
159 882 24 900 42
160 881 24 899 42
161 881 25 899 43
162 881 27 899 45
163 882 27 900 45
164 883 26 901 44
165 883 25 901 43
166 884 25 902 43
167 885 25 903 43
168 884 25 902 43
169 882 24 900 42
170 880 24 898 42
171 879 23 897 41
172 879 23 897 41
173 880 23 898 41
174 881 24 899 42
175 882 25 900 43
176 882 26 900 44
177 881 26 899 44
178 880 26 898 44
179 880 26 898 44
180 880 26 898 44
181 881 25 899 43
182 882 24 900 42
183 883 23 901 41
184 883 23 901 41
185 882 23 900 41
186 881 24 899 42
187 880 25 898 43
188 880 25 898 43
189 881 25 899 43
190 882 25 900 43
191 883 25 901 43
192 885 26 903 44
193 885 27 903 45
194 884 27 902 45
195 884 26 902 44
196 883 26 901 44
197 881 26 899 44
198 880 27 898 45
199 880 28 898 46
200 881 28 899 46
201 882 27 900 45
202 883 26 901 44
203 885 25 903 43
204 886 25 904 43
205 886 26 904 44
206 886 27 904 45
207 885 27 903 45
208 884 27 902 45
209 884 26 902 44
210 883 25 901 43
211 882 24 900 42
212 882 23 900 41
213 883 23 901 41
214 883 23 901 41
215 882 24 900 42
216 881 24 899 42
217 880 23 898 41
