219 -1 -1 -1 -1
0 679 588 701 609
1 679 588 700 608
2 679 588 700 608
3 679 589 700 609
4 679 588 700 608
5 679 588 700 608
6 679 588 700 608
7 679 589 700 609
8 679 588 700 608
9 679 588 700 608
10 679 588 700 608
11 679 588 700 608
12 679 588 700 608
13 680 588 701 608
14 680 588 701 608
15 680 588 701 608
16 680 588 701 608
17 680 588 701 608
18 680 588 701 608
19 679 588 700 608
20 680 588 701 608
21 680 588 701 608
22 680 588 701 608
23 680 588 701 608
24 680 588 701 608
25 680 588 701 608
26 680 588 701 608
27 681 588 702 608
28 680 588 701 608
29 681 588 702 608
30 682 588 703 608
31 682 589 703 609
32 682 589 703 609
33 682 589 703 609
34 681 588 702 608
35 682 588 703 608
36 682 589 703 609
37 682 589 703 609
38 682 589 703 609
39 681 589 702 609
40 682 586 703 606
41 689 571 710 591
42 701 553 722 573
43 713 538 734 558
44 722 523 743 543
45 723 522 744 542
46 729 508 750 528
47 738 493 759 513
48 747 479 768 499
49 755 465 776 485
50 762 452 783 472
51 763 451 784 471
52 769 440 790 460
53 778 426 799 446
54 786 414 807 434
55 793 411 814 431
56 799 411 820 431
57 800 411 821 431
58 803 410 824 430
59 808 409 829 429
60 814 406 835 426
61 819 403 840 423
62 824 400 845 420
63 825 399 846 419
64 829 398 850 418
65 835 394 856 414
66 840 391 861 411
67 845 389 866 409
68 850 385 871 405
69 851 385 872 405
70 854 383 875 403
71 860 380 881 400
72 865 376 886 396
73 870 374 891 394
74 875 371 896 391
75 876 370 897 390
76 879 368 900 388
77 884 365 905 385
78 889 362 910 382
79 893 360 914 380
80 898 357 919 377
81 899 357 920 377
82 902 355 923 375
83 907 352 928 372
84 912 349 933 369
85 915 347 936 367
86 919 345 940 365
87 920 344 941 364
88 924 342 945 362
89 929 340 950 360
90 933 337 954 357
91 937 334 958 354
92 938 332 959 352
93 938 332 959 352
94 934 330 955 350
95 931 328 952 348
96 927 327 948 347
97 925 325 946 345
98 923 324 944 344
99 922 323 943 343
100 920 322 941 342
101 917 320 938 340
102 915 317 936 337
103 912 316 933 336
104 910 314 931 334
105 910 314 931 334
106 908 313 929 333
107 904 311 925 331
108 901 310 922 330
109 899 308 920 328
110 897 306 918 326
111 897 305 918 325
112 895 305 916 325
113 893 304 914 324
114 890 302 911 322
115 888 300 909 320
116 885 299 906 319
117 885 298 906 318
118 884 297 905 317
119 882 296 903 316
120 879 295 900 315
121 878 293 899 313
122 876 292 897 312
123 875 292 896 312
124 874 291 895 311
125 872 289 893 309
126 870 287 891 307
127 868 286 889 306
128 866 284 887 304
129 866 284 887 304
130 865 284 886 304
131 863 283 884 303
132 861 281 882 301
133 859 280 880 300
134 858 279 879 299
135 858 278 879 298
136 857 277 878 297
137 855 276 876 296
138 853 276 874 296
139 851 275 872 295
140 850 273 871 293
141 850 273 871 293
142 849 272 870 292
143 847 271 868 291
144 846 270 867 290
145 844 269 865 289
146 843 268 864 288
147 843 268 864 288
148 843 267 864 287
149 841 267 862 287
150 840 266 861 286
151 838 265 859 285
152 837 264 858 284
153 836 264 857 284
154 835 263 856 283
155 834 262 855 282
156 833 262 854 282
157 832 261 853 281
158 830 260 851 280
159 830 260 851 280
160 830 260 851 280
161 829 259 850 279
162 828 257 849 277
163 827 256 848 276
164 826 256 847 276
165 825 256 846 276
166 825 256 846 276
167 824 255 845 275
168 824 254 845 274
169 824 254 845 274
170 822 254 843 274
171 821 254 842 274
172 821 253 842 273
173 821 252 842 272
174 820 252 841 272
175 819 251 840 271
176 817 251 838 271
177 817 251 838 271
178 817 250 838 270
179 817 249 838 269
180 816 249 837 269
181 816 249 837 269
182 815 248 836 268
183 814 248 835 268
184 813 248 834 268
185 814 247 835 267
186 814 247 835 267
187 813 247 834 267
188 812 247 833 267
189 812 247 833 267
190 812 247 833 267
191 812 246 833 266
192 812 246 833 266
193 811 246 832 266
194 810 245 831 265
195 810 245 831 265
196 810 245 831 265
197 810 245 831 265
198 810 245 831 265
199 809 245 830 265
200 809 245 830 265
201 809 245 830 265
202 809 243 830 263
203 809 244 830 264
204 809 245 830 265
205 808 245 829 265
206 809 244 830 264
207 809 244 830 264
208 809 244 830 264
209 809 244 830 264
210 809 244 830 264
211 809 244 830 264
212 809 244 830 264
213 809 244 830 264
214 809 244 830 264
215 809 244 830 264
216 809 244 830 264
217 809 244 830 264
