339 -1 -1 -1 -1
0 735 61 752 78
1 735 62 751 78
2 736 63 752 79
3 735 63 751 79
4 735 63 751 79
5 735 64 751 80
6 733 74 749 90
7 731 84 747 100
8 727 93 743 109
9 727 93 743 109
10 725 102 741 118
11 721 113 737 129
12 719 123 735 139
13 717 133 733 149
14 713 144 729 160
15 712 145 728 161
16 709 153 725 169
17 706 164 722 180
18 703 178 719 194
19 700 188 716 204
20 696 198 712 214
21 696 200 712 216
22 693 209 709 225
23 689 221 705 237
24 686 232 702 248
25 683 244 699 260
26 679 256 695 272
27 678 257 694 273
28 676 267 692 283
29 672 280 688 296
30 672 292 688 308
31 682 300 698 316
32 693 308 709 324
33 693 308 709 324
34 702 316 718 332
35 710 325 726 341
36 718 334 734 350
37 726 343 742 359
38 734 352 750 368
39 734 352 750 368
40 742 361 758 377
41 750 371 766 387
42 759 380 775 396
43 766 389 782 405
44 774 399 790 415
45 775 399 791 415
46 782 408 798 424
47 791 419 807 435
48 800 428 816 444
49 809 438 825 454
50 818 448 834 464
51 819 449 835 465
52 826 457 842 473
53 836 468 852 484
54 846 479 862 495
55 854 490 870 506
56 864 501 880 517
57 865 502 881 518
58 873 510 889 526
59 883 522 899 538
60 893 535 909 551
61 903 546 919 562
62 913 557 929 573
63 915 559 931 575
64 922 566 938 582
65 932 578 948 594
66 943 591 959 607
67 954 598 970 614
68 961 598 977 614
69 962 595 978 611
70 961 590 977 606
71 964 581 980 597
72 969 573 985 589
73 974 564 990 580
74 978 557 994 573
75 979 556 995 572
76 982 551 998 567
77 987 544 1003 560
78 992 536 1008 552
79 990 530 1006 546
80 985 525 1001 541
81 983 524 999 540
82 979 520 995 536
83 975 514 991 530
84 971 508 987 524
85 967 502 983 518
86 963 497 979 513
87 962 496 978 512
88 959 492 975 508
89 956 485 972 501
90 952 480 968 496
91 948 475 964 491
92 944 470 960 486
93 944 469 960 485
94 941 465 957 481
95 936 460 952 476
96 932 455 948 471
97 929 450 945 466
98 926 445 942 461
99 925 444 941 460
100 922 440 938 456
101 919 435 935 451
102 915 431 931 447
103 912 426 928 442
104 909 421 925 437
105 908 421 924 437
106 906 417 922 433
107 902 412 918 428
108 898 408 914 424
109 895 404 911 420
110 892 399 908 415
111 892 399 908 415
112 889 395 905 411
113 886 390 902 406
114 883 386 899 402
115 879 382 895 398
116 877 378 893 394
117 876 378 892 394
118 874 374 890 390
119 871 370 887 386
120 868 366 884 382
121 865 362 881 378
122 863 358 879 374
123 863 358 879 374
124 859 354 875 370
125 856 350 872 366
126 854 347 870 363
127 851 343 867 359
128 848 339 864 355
129 848 339 864 355
130 846 336 862 352
131 843 332 859 348
132 840 329 856 345
133 838 325 854 341
134 835 321 851 337
135 835 321 851 337
136 833 318 849 334
137 831 315 847 331
138 828 311 844 327
139 825 308 841 324
140 823 305 839 321
141 823 305 839 321
142 820 301 836 317
143 818 298 834 314
144 816 295 832 311
145 813 292 829 308
146 811 288 827 304
147 811 288 827 304
148 809 286 825 302
149 807 282 823 298
150 805 279 821 295
151 803 276 819 292
152 801 273 817 289
153 800 273 816 289
154 798 270 814 286
155 795 267 811 283
156 793 264 809 280
157 791 262 807 278
158 790 259 806 275
159 789 259 805 275
160 788 256 804 272
161 785 253 801 269
162 783 251 799 267
163 781 248 797 264
164 780 245 796 261
165 780 245 796 261
166 779 243 795 259
167 776 240 792 256
168 774 238 790 254
169 772 235 788 251
170 771 233 787 249
171 771 233 787 249
172 769 230 785 246
173 767 228 783 244
174 765 226 781 242
175 764 223 780 239
176 762 220 778 236
177 762 220 778 236
178 761 218 777 234
179 759 216 775 232
180 757 213 773 229
181 756 211 772 227
182 755 208 771 224
183 755 209 771 225
184 753 207 769 223
185 751 204 767 220
186 749 202 765 218
187 749 200 765 216
188 747 197 763 213
189 747 197 763 213
190 746 195 762 211
191 744 193 760 209
192 743 191 759 207
193 742 189 758 205
194 741 187 757 203
195 740 187 756 203
196 739 185 755 201
197 738 183 754 199
198 736 180 752 196
199 734 178 750 194
200 734 176 750 192
201 734 175 750 191
202 732 174 748 190
203 731 172 747 188
204 730 171 746 187
205 729 168 745 184
206 728 166 744 182
207 728 166 744 182
208 727 165 743 181
209 726 163 742 179
210 725 162 741 178
211 724 160 740 176
212 723 158 739 174
213 723 158 739 174
214 722 157 738 173
215 721 155 737 171
216 720 154 736 170
217 718 152 734 168
218 717 151 733 167
219 717 151 733 167
220 716 149 732 165
221 715 147 731 163
222 713 146 729 162
223 712 144 728 160
224 711 144 727 160
225 711 144 727 160
226 711 141 727 157
227 709 140 725 156
228 709 138 725 154
229 707 137 723 153
230 706 136 722 152
231 706 136 722 152
232 706 135 722 151
233 705 133 721 149
234 705 132 721 148
235 703 130 719 146
236 702 129 718 145
237 703 129 719 145
238 701 128 717 144
239 701 127 717 143
240 700 125 716 141
241 700 123 716 139
242 698 123 714 139
243 698 123 714 139
244 697 121 713 137
245 696 121 712 137
246 697 119 713 135
247 695 118 711 134
248 695 116 711 132
249 695 116 711 132
250 693 116 709 132
251 693 115 709 131
252 692 114 708 130
253 690 113 706 129
254 690 112 706 128
255 691 112 707 128
256 690 111 706 127
257 689 110 705 126
258 689 109 705 125
259 688 108 704 124
260 688 107 704 123
261 687 107 703 123
262 687 106 703 122
263 686 105 702 121
264 686 104 702 120
265 686 103 702 119
266 685 103 701 119
267 685 102 701 118
268 685 102 701 118
269 684 101 700 117
270 683 100 699 116
271 683 99 699 115
272 683 99 699 115
273 683 98 699 114
274 683 98 699 114
275 683 97 699 113
276 682 97 698 113
277 682 96 698 112
278 681 95 697 111
279 681 95 697 111
280 680 94 696 110
281 679 93 695 109
282 680 93 696 109
283 679 92 695 108
284 679 92 695 108
285 679 92 695 108
286 679 91 695 107
287 678 90 694 106
288 678 90 694 106
289 678 89 694 105
290 677 89 693 105
291 677 89 693 105
292 677 88 693 104
293 677 88 693 104
294 676 87 692 103
295 676 87 692 103
296 676 86 692 102
297 676 86 692 102
298 676 86 692 102
299 676 85 692 101
300 675 85 691 101
301 675 84 691 100
302 675 83 691 99
303 675 84 691 100
304 674 84 690 100
305 674 83 690 99
306 674 82 690 98
307 674 82 690 98
308 673 82 689 98
309 673 82 689 98
310 673 82 689 98
311 673 82 689 98
312 673 82 689 98
313 672 81 688 97
314 673 81 689 97
315 673 81 689 97
316 672 81 688 97
317 673 81 689 97
318 673 81 689 97
319 673 80 689 96
320 672 81 688 97
321 672 81 688 97
322 672 81 688 97
323 672 80 688 96
324 673 80 689 96
325 673 80 689 96
326 672 80 688 96
327 672 80 688 96
328 673 80 689 96
329 674 80 690 96
330 672 79 688 95
331 673 80 689 96
332 673 80 689 96
333 673 80 689 96
334 673 80 689 96
335 674 80 690 96
336 673 79 689 95
337 672 80 688 96
