339 -1 -1 -1 -1
0 653 290 671 308
1 653 291 670 308
2 653 291 670 308
3 653 291 670 308
4 653 290 670 307
5 653 290 670 307
6 653 290 670 307
7 653 290 670 307
8 653 290 670 307
9 653 291 670 308
10 653 291 670 308
11 653 291 670 308
12 653 291 670 308
13 653 290 670 307
14 653 291 670 308
15 653 291 670 308
16 653 291 670 308
17 653 291 670 308
18 653 290 670 307
19 653 290 670 307
20 653 290 670 307
21 653 290 670 307
22 653 291 670 308
23 653 291 670 308
24 653 291 670 308
25 653 291 670 308
26 653 291 670 308
27 653 291 670 308
28 653 291 670 308
29 654 290 671 307
30 651 294 668 311
31 637 299 654 316
32 623 303 640 320
33 620 304 637 321
34 612 307 629 324
35 600 311 617 328
36 587 315 604 332
37 577 319 594 336
38 567 322 584 339
39 566 323 583 340
40 559 325 576 342
41 549 329 566 346
42 538 333 555 350
43 528 336 545 353
44 518 339 535 356
45 516 339 533 356
46 508 342 525 359
47 497 346 514 363
48 487 349 504 366
49 477 352 494 369
50 467 356 484 373
51 466 356 483 373
52 457 360 474 377
53 446 364 463 381
54 436 366 453 383
55 426 370 443 387
56 416 374 433 391
57 414 374 431 391
58 407 377 424 394
59 396 380 413 397
60 386 384 403 401
61 376 388 393 405
62 366 391 383 408
63 365 392 382 409
64 356 394 373 411
65 344 398 361 415
66 334 402 351 419
67 323 405 340 422
68 312 408 329 425
69 310 408 327 425
70 303 411 320 428
71 299 414 316 431
72 305 417 322 434
73 314 420 331 437
74 318 423 335 440
75 318 423 335 440
76 322 426 339 443
77 327 429 344 446
78 332 431 349 448
79 337 435 354 452
80 340 437 357 454
81 340 437 357 454
82 343 439 360 456
83 347 442 364 459
84 353 445 370 462
85 357 448 374 465
86 362 451 379 468
87 362 452 379 469
88 365 453 382 470
89 369 456 386 473
90 374 459 391 476
91 378 462 395 479
92 382 465 399 482
93 383 465 400 482
94 386 468 403 485
95 390 469 407 486
96 394 473 411 490
97 398 475 415 492
98 401 477 418 494
99 402 478 419 495
100 405 481 422 498
101 409 483 426 500
102 414 485 431 502
103 418 488 435 505
104 421 490 438 507
105 421 491 438 508
106 424 493 441 510
107 429 495 446 512
108 433 498 450 515
109 438 501 455 518
110 442 503 459 520
111 443 503 460 520
112 445 505 462 522
113 448 508 465 525
114 452 511 469 528
115 455 513 472 530
116 459 515 476 532
117 461 516 478 533
118 463 517 480 534
119 467 520 484 537
120 471 522 488 539
121 474 525 491 542
122 478 527 495 544
123 480 527 497 544
124 482 529 499 546
125 485 532 502 549
126 489 535 506 552
127 493 537 510 554
128 496 540 513 557
129 497 541 514 558
130 499 543 516 560
131 504 548 521 565
132 509 554 526 571
133 512 558 529 575
134 516 561 533 578
135 516 562 533 579
136 517 561 534 578
137 518 559 535 576
138 521 558 538 575
139 523 559 540 576
140 521 563 538 580
141 517 565 534 582
142 518 565 535 582
143 523 566 540 583
144 531 568 548 585
145 540 573 557 590
146 551 579 568 596
147 554 583 571 600
148 554 583 571 600
149 554 581 571 598
150 556 581 573 598
151 560 581 577 598
152 562 582 579 599
153 562 582 579 599
154 564 583 581 600
155 565 585 582 602
156 564 586 581 603
157 564 588 581 605
158 566 589 583 606
159 568 588 585 605
160 576 588 593 605
161 580 590 597 607
162 584 592 601 609
163 587 593 604 610
164 588 593 605 610
165 586 593 603 610
166 588 594 605 611
167 594 595 611 612
168 601 595 618 612
169 606 594 623 611
170 608 594 625 611
171 608 594 625 611
172 611 594 628 611
173 613 593 630 610
174 615 593 632 610
175 617 592 634 609
176 617 591 634 608
177 617 591 634 608
178 617 590 634 607
179 618 590 635 607
180 620 589 637 606
181 620 588 637 605
182 621 588 638 605
183 621 588 638 605
184 622 587 639 604
185 623 586 640 603
186 626 585 643 602
187 628 584 645 601
188 627 584 644 601
189 627 583 644 600
190 628 584 645 601
191 630 583 647 600
192 629 582 646 599
193 630 581 647 598
194 632 581 649 598
195 633 581 650 598
196 633 580 650 597
197 633 580 650 597
198 634 580 651 597
199 633 580 650 597
200 634 580 651 597
201 635 580 652 597
202 636 579 653 596
203 636 579 653 596
204 636 579 653 596
205 637 579 654 596
206 638 579 655 596
207 638 579 655 596
208 638 578 655 595
209 640 578 657 595
210 640 577 657 594
211 640 578 657 595
212 640 577 657 594
213 640 578 657 595
214 642 578 659 595
215 642 578 659 595
216 641 577 658 594
217 642 577 659 594
218 642 578 659 595
219 641 577 658 594
220 641 577 658 594
221 640 577 657 594
222 641 577 658 594
223 641 577 658 594
224 641 577 658 594
225 641 577 658 594
226 641 577 658 594
227 641 577 658 594
228 641 577 658 594
229 640 577 657 594
230 640 577 657 594
231 640 577 657 594
232 640 577 657 594
233 641 577 658 594
234 641 577 658 594
235 641 577 658 594
236 641 577 658 594
237 640 577 657 594
238 640 577 657 594
239 641 577 658 594
240 641 576 658 593
241 641 577 658 594
242 641 577 658 594
243 641 577 658 594
244 641 576 658 593
245 641 576 658 593
246 641 577 658 594
247 641 576 658 593
248 641 576 658 593
249 641 576 658 593
250 641 577 658 594
251 641 577 658 594
252 641 576 658 593
253 641 576 658 593
254 641 576 658 593
255 641 576 658 593
256 641 576 658 593
257 641 576 658 593
258 641 576 658 593
259 641 576 658 593
260 641 576 658 593
261 641 576 658 593
262 641 576 658 593
263 641 576 658 593
264 641 576 658 593
265 641 576 658 593
266 641 576 658 593
267 641 576 658 593
268 641 576 658 593
269 641 577 658 594
270 641 577 658 594
271 641 577 658 594
272 641 577 658 594
273 641 577 658 594
274 641 577 658 594
275 641 577 658 594
276 641 577 658 594
277 641 577 658 594
278 641 577 658 594
279 641 577 658 594
280 641 577 658 594
281 641 576 658 593
282 640 577 657 594
283 640 577 657 594
284 640 576 657 593
285 641 576 658 593
286 641 577 658 594
287 641 577 658 594
288 641 576 658 593
289 640 576 657 593
290 640 577 657 594
291 641 577 658 594
292 641 577 658 594
293 641 577 658 594
294 641 577 658 594
295 641 576 658 593
296 641 576 658 593
297 641 576 658 593
298 641 577 658 594
299 641 577 658 594
300 642 577 659 594
301 642 576 659 593
302 641 576 658 593
303 641 577 658 594
304 641 577 658 594
305 642 577 659 594
306 642 577 659 594
307 641 577 658 594
308 641 577 658 594
309 641 576 658 593
310 641 576 658 593
311 641 576 658 593
312 641 576 658 593
313 642 576 659 593
314 642 576 659 593
315 641 577 658 594
316 641 576 658 593
317 641 577 658 594
318 642 577 659 594
319 641 577 658 594
320 641 577 658 594
321 642 577 659 594
322 641 577 658 594
323 641 577 658 594
324 641 577 658 594
325 642 577 659 594
326 642 577 659 594
327 642 577 659 594
328 642 577 659 594
329 641 577 658 594
330 641 577 658 594
331 641 577 658 594
332 642 577 659 594
333 641 577 658 594
334 641 576 658 593
335 641 577 658 594
336 641 577 658 594
337 641 577 658 594
