265 -1 -1 -1 -1
0 562 561 586 585
1 564 561 587 584
2 564 561 587 584
3 562 562 585 585
4 562 562 585 585
5 563 561 586 584
6 563 562 586 585
7 563 562 586 585
8 563 561 586 584
9 563 562 586 585
10 563 561 586 584
11 563 561 586 584
12 564 562 587 585
13 562 562 585 585
14 563 561 586 584
15 562 561 585 584
16 563 562 586 585
17 562 562 585 585
18 563 562 586 585
19 558 564 581 587
20 538 567 561 590
21 505 571 528 594
22 487 572 510 595
23 471 572 494 595
24 449 575 472 598
25 423 580 446 603
26 399 583 422 606
27 378 584 401 607
28 372 584 395 607
29 360 585 383 608
30 341 588 364 611
31 319 591 342 614
32 297 593 320 616
33 276 595 299 618
34 269 596 292 619
35 260 597 283 620
36 252 599 275 622
37 251 600 274 623
38 250 600 273 623
39 252 598 275 621
40 253 598 276 621
41 258 597 281 620
42 265 597 288 620
43 270 598 293 621
44 275 596 298 619
45 278 595 301 618
46 278 595 301 618
47 282 596 305 619
48 287 595 310 618
49 291 594 314 617
50 295 593 318 616
51 300 592 323 615
52 301 592 324 615
53 304 591 327 614
54 310 589 333 612
55 312 588 335 611
56 313 586 336 609
57 317 586 340 609
58 318 586 341 609
59 322 585 345 608
60 326 584 349 607
61 331 583 354 606
62 334 582 357 605
63 336 579 359 602
64 336 579 359 602
65 339 578 362 601
66 343 577 366 600
67 346 576 369 599
68 349 575 372 598
69 350 574 373 597
70 350 574 373 597
71 354 574 377 597
72 356 573 379 596
73 360 572 383 595
74 363 571 386 594
75 366 570 389 593
76 366 570 389 593
77 367 569 390 592
78 371 569 394 592
79 374 568 397 591
80 376 567 399 590
81 378 567 401 590
82 378 566 401 589
83 381 565 404 588
84 384 565 407 588
85 386 564 409 587
86 390 563 413 586
87 392 563 415 586
88 393 563 416 586
89 396 563 419 586
90 398 561 421 584
91 400 561 423 584
92 402 560 425 583
93 404 559 427 582
94 403 559 426 582
95 406 559 429 582
96 409 558 432 581
97 409 558 432 581
98 413 558 436 581
99 415 557 438 580
100 415 557 438 580
101 415 557 438 580
102 417 556 440 579
103 419 556 442 579
104 421 556 444 579
105 423 555 446 578
106 423 555 446 578
107 425 554 448 577
108 427 554 450 577
109 428 553 451 576
110 431 553 454 576
111 432 552 455 575
112 431 553 454 576
113 432 552 455 575
114 434 552 457 575
115 436 552 459 575
116 439 552 462 575
117 439 551 462 574
118 438 551 461 574
119 438 550 461 573
120 439 550 462 573
121 440 550 463 573
122 439 550 462 573
123 441 549 464 572
124 442 549 465 572
125 443 549 466 572
126 444 549 467 572
127 444 549 467 572
128 445 548 468 571
129 446 548 469 571
130 446 548 469 571
131 444 548 467 571
132 444 548 467 571
133 447 548 470 571
134 449 547 472 570
135 449 548 472 571
136 447 548 470 571
137 447 548 470 571
138 447 548 470 571
139 448 547 471 570
140 448 547 471 570
141 449 547 472 570
142 449 547 472 570
143 449 547 472 570
144 450 547 473 570
145 449 547 472 570
146 449 547 472 570
147 450 547 473 570
148 450 547 473 570
149 449 547 472 570
150 450 547 473 570
151 451 547 474 570
152 451 547 474 570
153 451 547 474 570
154 450 547 473 570
155 449 547 472 570
156 450 547 473 570
157 449 547 472 570
158 449 547 472 570
159 450 547 473 570
160 451 548 474 571
161 451 547 474 570
162 450 547 473 570
163 450 547 473 570
164 450 547 473 570
165 450 547 473 570
166 450 547 473 570
167 450 547 473 570
168 450 547 473 570
169 449 548 472 571
170 450 547 473 570
171 450 547 473 570
172 450 547 473 570
173 450 547 473 570
174 450 547 473 570
175 450 547 473 570
176 449 547 472 570
177 450 547 473 570
178 450 547 473 570
179 448 547 471 570
180 447 548 470 571
181 447 547 470 570
182 447 547 470 570
183 448 547 471 570
184 448 547 471 570
185 448 547 471 570
186 448 547 471 570
187 448 547 471 570
188 448 548 471 571
189 448 547 471 570
190 448 547 471 570
191 448 547 471 570
192 448 547 471 570
193 448 547 471 570
194 448 547 471 570
195 448 547 471 570
196 448 547 471 570
197 447 547 470 570
198 448 547 471 570
199 448 547 471 570
200 448 547 471 570
201 448 547 471 570
202 447 547 470 570
203 447 547 470 570
204 448 547 471 570
205 448 547 471 570
206 448 547 471 570
207 448 547 471 570
208 449 547 472 570
209 448 547 471 570
210 448 547 471 570
211 448 547 471 570
212 448 547 471 570
213 450 547 473 570
214 450 547 473 570
215 450 547 473 570
216 449 547 472 570
217 449 547 472 570
218 449 547 472 570
219 449 547 472 570
220 450 547 473 570
221 450 547 473 570
222 449 547 472 570
223 449 547 472 570
224 449 547 472 570
225 449 547 472 570
226 450 547 473 570
227 449 547 472 570
228 449 547 472 570
229 450 547 473 570
230 449 547 472 570
231 449 547 472 570
232 449 547 472 570
233 449 547 472 570
234 449 547 472 570
235 449 547 472 570
236 449 547 472 570
237 449 547 472 570
238 449 547 472 570
239 451 547 474 570
240 451 546 474 569
241 451 546 474 569
242 451 547 474 570
243 451 546 474 569
244 450 547 473 570
245 450 547 473 570
246 451 547 474 570
247 451 547 474 570
248 451 547 474 570
249 451 546 474 569
250 451 547 474 570
251 450 546 473 569
252 451 546 474 569
253 450 546 473 569
254 450 547 473 570
255 451 547 474 570
256 450 546 473 569
257 451 547 474 570
258 451 547 474 570
259 450 547 473 570
260 450 547 473 570
261 451 547 474 570
262 451 547 474 570
263 451 547 474 570
