265 -1 -1 -1 -1
0 937 417 959 439
1 937 418 958 439
2 937 418 958 439
3 927 422 948 443
4 921 424 942 445
5 905 432 926 453
6 876 444 897 465
7 845 455 866 476
8 819 466 840 487
9 793 477 814 498
10 786 480 807 501
11 772 485 793 506
12 747 497 768 518
13 718 509 739 530
14 689 521 710 542
15 661 532 682 553
16 650 536 671 557
17 636 542 657 563
18 611 553 632 574
19 583 565 604 586
20 565 575 586 596
21 569 584 590 605
22 584 585 605 606
23 589 589 610 610
24 587 591 608 612
25 583 589 604 610
26 581 583 602 604
27 580 576 601 597
28 580 575 601 596
29 580 570 601 591
30 579 564 600 585
31 575 559 596 580
32 570 554 591 575
33 567 550 588 571
34 567 549 588 570
35 564 546 585 567
36 561 541 582 562
37 558 536 579 557
38 554 532 575 553
39 550 528 571 549
40 550 527 571 548
41 548 524 569 545
42 546 519 567 540
43 543 515 564 536
44 539 512 560 533
45 536 507 557 528
46 535 506 556 527
47 533 503 554 524
48 529 500 550 521
49 526 496 547 517
50 523 492 544 513
51 520 488 541 509
52 520 487 541 508
53 518 485 539 506
54 515 481 536 502
55 513 477 534 498
56 510 474 531 495
57 506 470 527 491
58 505 470 526 491
59 503 467 524 488
60 501 464 522 485
61 498 460 519 481
62 496 456 517 477
63 494 453 515 474
64 494 452 515 473
65 491 450 512 471
66 490 447 511 468
67 488 443 509 464
68 485 439 506 460
69 482 436 503 457
70 480 436 501 457
71 479 434 500 455
72 477 431 498 452
73 474 427 495 448
74 472 424 493 445
75 471 421 492 442
76 470 421 491 442
77 469 418 490 439
78 466 415 487 436
79 464 412 485 433
80 462 410 483 431
81 459 407 480 428
82 459 406 480 427
83 457 404 478 425
84 455 402 476 423
85 453 398 474 419
86 451 396 472 417
87 449 394 470 415
88 448 393 469 414
89 447 390 468 411
90 444 387 465 408
91 440 385 461 406
92 438 382 459 403
93 435 379 456 400
94 435 379 456 400
95 435 377 456 398
96 434 375 455 396
97 433 372 454 393
98 431 370 452 391
99 428 368 449 389
100 428 368 449 389
101 427 366 448 387
102 425 364 446 385
103 423 362 444 383
104 421 360 442 381
105 419 357 440 378
106 419 356 440 377
107 417 355 438 376
108 416 352 437 373
109 414 350 435 371
110 412 348 433 369
111 411 346 432 367
112 411 346 432 367
113 410 345 431 366
114 407 343 428 364
115 406 340 427 361
116 404 338 425 359
117 403 336 424 357
118 403 336 424 357
119 401 334 422 355
120 400 332 421 353
121 398 330 419 351
122 396 328 417 349
123 395 326 416 347
124 395 326 416 347
125 394 325 415 346
126 392 323 413 344
127 391 321 412 342
128 389 319 410 340
129 388 317 409 338
130 388 317 409 338
131 387 316 408 337
132 386 314 407 335
133 384 312 405 333
134 382 310 403 331
135 381 309 402 330
136 381 309 402 330
137 380 308 401 329
138 378 306 399 327
139 378 304 399 325
140 376 303 397 324
141 374 301 395 322
142 375 301 396 322
143 374 300 395 321
144 373 298 394 319
145 372 297 393 318
146 371 295 392 316
147 369 294 390 315
148 369 294 390 315
149 368 293 389 314
150 367 291 388 312
151 366 290 387 311
152 365 288 386 309
153 364 287 385 308
154 364 287 385 308
155 364 286 385 307
156 363 284 384 305
157 362 283 383 304
158 360 282 381 303
159 359 281 380 302
160 359 280 380 301
161 358 280 379 301
162 357 279 378 300
163 356 277 377 298
164 355 276 376 297
165 354 275 375 296
166 354 275 375 296
167 354 274 375 295
168 353 273 374 294
169 352 272 373 293
170 352 271 373 292
171 351 270 372 291
172 350 270 371 291
173 350 270 371 291
174 349 269 370 290
175 348 267 369 288
176 347 266 368 287
177 346 266 367 287
178 346 266 367 287
179 346 265 367 286
180 346 264 367 285
181 345 264 366 285
182 344 262 365 283
183 343 262 364 283
184 342 262 363 283
185 342 261 363 282
186 342 260 363 281
187 341 259 362 280
188 340 258 361 279
189 340 257 361 278
190 340 257 361 278
191 339 257 360 278
192 338 257 359 278
193 337 256 358 277
194 337 255 358 276
195 337 255 358 276
196 337 255 358 276
197 337 255 358 276
198 336 253 357 274
199 335 253 356 274
200 335 253 356 274
201 335 252 356 273
202 335 251 356 272
203 335 252 356 273
204 334 252 355 273
205 333 251 354 272
206 333 251 354 272
207 333 250 354 271
208 332 250 353 271
209 331 249 352 270
210 331 249 352 270
211 331 249 352 270
212 331 249 352 270
213 332 248 353 269
214 332 248 353 269
215 333 248 354 269
216 333 248 354 269
217 333 248 354 269
218 333 247 354 268
219 333 247 354 268
220 333 247 354 268
221 333 248 354 269
222 333 247 354 268
223 334 247 355 268
224 333 246 354 267
225 333 246 354 267
226 333 246 354 267
227 333 246 354 267
228 333 246 354 267
229 333 246 354 267
230 333 246 354 267
231 334 246 355 267
232 334 246 355 267
233 333 246 354 267
234 334 246 355 267
235 334 246 355 267
236 334 247 355 268
237 334 247 355 268
238 334 246 355 267
239 334 246 355 267
240 333 246 354 267
241 333 246 354 267
242 334 246 355 267
243 334 247 355 268
244 334 247 355 268
245 334 247 355 268
246 334 247 355 268
247 334 247 355 268
248 334 247 355 268
249 334 247 355 268
250 334 247 355 268
251 334 247 355 268
252 334 247 355 268
253 334 247 355 268
254 334 247 355 268
255 334 247 355 268
256 334 247 355 268
257 334 247 355 268
258 334 247 355 268
259 334 247 355 268
260 334 247 355 268
261 334 247 355 268
262 334 247 355 268
263 334 246 355 267
